Tab ID,ClientID,Type,Mouse X,Mouse Y,TimeStamp
8941269,8941269,movement,1346,141,1709227925383
8941269,8941269,movement,1271,178,1709227925401
8941269,8941269,movement,1214,207,1709227925416
8941269,8941269,movement,1153,240,1709227925430
8941269,8941269,movement,1090,274,1709227925452
8941269,8941269,movement,1005,319,1709227925472
8941269,8941269,movement,948,349,1709227925500
8941269,8941269,movement,918,395,1709227925527
8941269,8941269,movement,922,429,1709227925545
8941269,8941269,movement,971,523,1709227925567
8941269,8941269,movement,1068,630,1709227925589
8941269,8941269,movement,1150,700,1709227925607
8941269,8941269,movement,1191,719,1709227925626
8941269,8941269,movement,1235,724,1709227925641
8941269,8941269,movement,1268,712,1709227925650
8941269,8941269,movement,1305,690,1709227925669
8941269,8941269,movement,1342,663,1709227925691
8941269,8941269,movement,1386,602,1709227925707
8941269,8941269,movement,1410,550,1709227925724
8941269,8941269,movement,1443,461,1709227925744
8941269,8941269,movement,1466,374,1709227925767
8941269,8941269,movement,1486,311,1709227925785
8941269,8941269,movement,1502,277,1709227925803
8941269,8941269,movement,1509,265,1709227925814
8941269,8941269,movement,1514,258,1709227925837
8941269,8941269,movement,1518,254,1709227925846
8941269,8941269,movement,1522,250,1709227925864
8941269,8941269,movement,1524,246,1709227925880
8941269,8941269,movement,1525,244,1709227925897
8941269,8941269,movement,1526,240,1709227925915
8941269,8941269,movement,1520,229,1709227925931
8941269,8941269,movement,1508,221,1709227925947
8941269,8941269,movement,1490,211,1709227925969
8941269,8941269,movement,1470,204,1709227925981
8941269,8941269,movement,1440,195,1709227926002
8941269,8941269,movement,1417,190,1709227926015
8941269,8941269,movement,1373,187,1709227926032
8941269,8941269,movement,1347,187,1709227926046
8941269,8941269,movement,1331,187,1709227926065
8941269,8941269,movement,1322,190,1709227926082
8941269,8941269,movement,1318,190,1709227926096
8941269,8941269,movement,1315,190,1709227926113
8941269,8941269,movement,1314,189,1709227926130
8941269,8941269,movement,1314,180,1709227926147
8941269,8941269,movement,1322,168,1709227926163
8941269,8941269,movement,1334,154,1709227926180
8941269,8941269,movement,1354,138,1709227926198
8941269,8941269,movement,1446,134,1709228117384
8941269,8941269,movement,1447,141,1709228117405
8941269,8941269,movement,1450,156,1709228117420
8941269,8941269,movement,1452,163,1709228117436
8941269,8941269,movement,1454,177,1709228117451
8941269,8941269,movement,1460,204,1709228117470
8941269,8941269,movement,1467,227,1709228117487
8941269,8941269,movement,1471,238,1709228117499
8941269,8941269,movement,1475,248,1709228117514
8941269,8941269,movement,1495,295,1709228117542
8941269,8941269,movement,1500,309,1709228117560
8941269,8941269,movement,1503,318,1709228117574
8941269,8941269,movement,1506,324,1709228117587
8941269,8941269,movement,1508,326,1709228117601
8941269,8941269,movement,1510,327,1709228117618
8941269,8941269,movement,1506,322,1709228117670
8941269,8941269,movement,1502,316,1709228117689
8941269,8941269,movement,1495,308,1709228117703
8941269,8941269,movement,1484,297,1709228117718
8941269,8941269,movement,1471,289,1709228117730
8941269,8941269,movement,1456,281,1709228117740
8941269,8941269,movement,1310,242,1709228117765
8941269,8941269,movement,1221,231,1709228117785
8941269,8941269,movement,1176,226,1709228117790
8941269,8941269,movement,1090,226,1709228117805
8941269,8941269,movement,1005,226,1709228117817
8941269,8941269,movement,915,239,1709228117834
8941269,8941269,movement,832,260,1709228117859
Tab ID,ClientID,Type,Mouse X,Mouse Y,TimeStamp
8941269,8941269,movement,746,287,1709228117890
8941269,8941269,movement,703,314,1709228117912
8941269,8941269,movement,702,330,1709228117929
8941269,8941269,movement,705,337,1709228117937
8941269,8941269,movement,712,349,1709228117954
8941269,8941269,movement,718,358,1709228117976
8941269,8941269,movement,722,363,1709228117983
8941269,8941269,movement,725,367,1709228118000
8941269,8941269,movement,729,372,1709228118021
8941269,8941269,movement,734,375,1709228118033
8941269,8941269,movement,737,378,1709228118051
8941269,8941269,movement,738,378,1709228118067
8941269,8941269,movement,738,378,1709228118128
8941269,8941269,movement,737,378,1709228118145
8941269,8941269,movement,736,378,1709228118151
8941269,8941269,movement,735,378,1709228118168
8941269,8941269,movement,734,378,1709228118184
8941269,8941269,movement,734,378,1709228118201
8941269,8941269,movement,732,378,1709228118217
8941269,8941269,movement,730,378,1709228118234
8941269,8941269,movement,729,379,1709228118251
8941269,8941269,movement,727,380,1709228118267
8941269,8941269,movement,726,382,1709228118289
8941269,8941269,movement,724,382,1709228118308
8941269,8941269,movement,724,382,1709228118330
8941269,8941269,movement,724,383,1709228118398
8941269,8941269,movement,724,386,1709228118430
8941269,8941269,movement,722,388,1709228118472
8941269,8941269,movement,722,390,1709228118502
8941269,8941269,movement,723,391,1709228118530
8941269,8941269,movement,724,391,1709228118562
8941269,8941269,movement,725,392,1709228118584
8941269,8941269,movement,725,393,1709228118619
8941269,8941269,movement,726,393,1709228118636
8941269,8941269,movement,726,394,1709228118650
8941269,8941269,movement,726,394,1709228118666
8941269,8941269,movement,727,395,1709228118683
8941269,8941269,movement,727,397,1709228118700
8941269,8941269,movement,728,398,1709228118716
8941269,8941269,movement,729,398,1709228118735
8941269,8941269,movement,729,398,1709228118751
8941269,8941269,movement,730,398,1709228118863
8941269,8941269,movement,730,399,1709228118925
8941269,8941269,movement,730,399,1709228119092
8941269,8941269,movement,730,400,1709228119407
8941269,8941269,movement,730,400,1709228119460
8941269,8941269,movement,729,400,1709228119476
8941269,8941269,movement,728,400,1709228119492
8941269,8941269,movement,727,400,1709228119506
8941269,8941269,movement,726,399,1709228119516
8941269,8941269,movement,726,399,1709228119536
8941269,8941269,movement,725,399,1709228119555
8941269,8941269,movement,724,399,1709228119566
8941269,8941269,movement,723,399,1709228119583
8941269,8941269,movement,723,400,1709228119599
8941269,8941269,movement,723,402,1709228119616
8941269,8941269,movement,725,402,1709228119632
8941269,8941269,movement,727,404,1709228119654
8941269,8941269,movement,732,404,1709228119667
8941269,8941269,movement,736,404,1709228119683
8941269,8941269,movement,741,402,1709228119706
8941269,8941269,movement,742,402,1709228119718
8941269,8941269,movement,746,399,1709228119731
8941269,8941269,movement,749,398,1709228119749
8941269,8941269,movement,753,396,1709228119765
8941269,8941269,movement,762,395,1709228119783
8941269,8941269,movement,776,394,1709228119800
8941269,8941269,movement,790,394,1709228119816
8941269,8941269,movement,803,394,1709228119833
8941269,8941269,movement,811,394,1709228119850
8941269,8941269,movement,813,394,1709228119870
8941269,8941269,movement,814,394,1709228119884
8941269,8941269,movement,814,393,1709228119952
8941269,8941269,movement,814,392,1709228119970
8941269,8941269,movement,814,390,1709228119990
8941269,8941269,movement,814,388,1709228120004
8941269,8941269,movement,812,386,1709228120021
8941269,8941269,movement,811,383,1709228120038
8941269,8941269,movement,809,382,1709228120051
8941269,8941269,movement,806,380,1709228120078
8941269,8941269,movement,802,377,1709228120093
8941269,8941269,movement,802,375,1709228120101
8941269,8941269,movement,798,371,1709228120119
8941269,8941269,movement,796,370,1709228120142
8941269,8941269,movement,794,368,1709228120151
8941269,8941269,movement,792,366,1709228120170
8941269,8941269,movement,790,364,1709228120184
8941269,8941269,movement,788,361,1709228120202
8941269,8941269,movement,786,358,1709228120218
8941269,8941269,movement,784,356,1709228120233
8941269,8941269,movement,782,354,1709228120249
8941269,8941269,movement,781,352,1709228120265
8941269,8941269,movement,779,348,1709228120291
8941269,8941269,movement,778,346,1709228120298
8941269,8941269,movement,778,345,1709228120315
8941269,8941269,movement,777,343,1709228120332
8941269,8941269,movement,776,342,1709228120348
8941269,8941269,movement,775,341,1709228120366
8941269,8941269,movement,775,339,1709228120392
8941269,8941269,movement,775,335,1709228120431
8941269,8941269,movement,775,334,1709228120447
8941269,8941269,movement,775,333,1709228120464
8941269,8941269,movement,775,330,1709228120486
8941269,8941269,movement,774,330,1709228120500
8941269,8941269,movement,774,329,1709228120515
8941269,8941269,movement,774,328,1709228120532
8941269,8941269,movement,774,326,1709228120548
8941269,8941269,movement,774,324,1709228120565
8941269,8941269,movement,774,322,1709228120583
8941269,8941269,movement,774,321,1709228120600
8941269,8941269,movement,774,320,1709228120615
8941269,8941269,movement,774,318,1709228120632
8941269,8941269,movement,774,316,1709228120649
8941269,8941269,movement,774,315,1709228120680
8941269,8941269,movement,774,314,1709228120773
8941269,8941269,mousedown,774,314,1709228120792
8941269,8941269,mouseup,774,314,1709228120875
8941269,8941269,movement,772,314,1709228120992
8941269,8941269,movement,771,317,1709228121029
8941269,8941269,movement,770,330,1709228121082
8941269,8941269,movement,768,360,1709228121172
8941269,8941269,movement,758,392,1709228121249
8941269,8941269,movement,754,396,1709228121287
8941269,8941269,singleclick,754,396,1709228120885
8941269,8941269,movement,753,397,1709228121296
8941269,8941269,movement,751,397,1709228121330
8941269,8941269,movement,751,398,1709228121347
8941269,8941269,movement,750,398,1709228121382
8941269,8941269,movement,750,399,1709228121397
8941269,8941269,movement,749,399,1709228121415
8941269,8941269,movement,748,399,1709228121597
8941269,8941269,movement,747,399,1709228121619
8941269,8941269,movement,746,399,1709228121677
8941269,8941269,movement,746,399,1709228121706
8941269,8941269,movement,745,399,1709228121730
8941269,8941269,movement,744,399,1709228121762
8941269,8941269,movement,743,399,1709228121775
8941269,8941269,movement,741,399,1709228121805
8941269,8941269,movement,738,398,1709228121823
8941269,8941269,movement,737,398,1709228121829
8941269,8941269,movement,734,398,1709228121852
8941269,8941269,movement,731,398,1709228121904
8941269,8941269,movement,730,398,1709228121915
8941269,8941269,movement,729,398,1709228121931
8941269,8941269,movement,726,398,1709228121947
8941269,8941269,movement,725,398,1709228121963
8941269,8941269,movement,722,398,1709228121980
8941269,8941269,movement,717,398,1709228121996
8941269,8941269,movement,713,398,1709228122013
8941269,8941269,movement,706,396,1709228122029
8941269,8941269,movement,699,394,1709228122047
8941269,8941269,movement,689,391,1709228122063
8941269,8941269,movement,670,386,1709228122080
8941269,8941269,movement,658,382,1709228122095
8941269,8941269,movement,643,375,1709228122115
8941269,8941269,movement,626,369,1709228122130
8941269,8941269,movement,603,362,1709228122146
8941269,8941269,movement,580,356,1709228122163
8941269,8941269,movement,558,348,1709228122180
8941269,8941269,movement,528,338,1709228122197
8941269,8941269,movement,511,332,1709228122212
8941269,8941269,movement,492,326,1709228122230
8941269,8941269,movement,471,319,1709228122246
8941269,8941269,movement,452,313,1709228122264
8941269,8941269,movement,434,307,1709228122281
8941269,8941269,movement,418,303,1709228122298
8941269,8941269,movement,398,298,1709228122314
8941269,8941269,movement,387,294,1709228122330
8941269,8941269,movement,376,290,1709228122347
8941269,8941269,movement,363,285,1709228122363
8941269,8941269,movement,350,281,1709228122381
8941269,8941269,movement,338,276,1709228122397
8941269,8941269,movement,330,272,1709228122413
8941269,8941269,movement,322,267,1709228122432
8941269,8941269,movement,317,264,1709228122447
8941269,8941269,movement,312,261,1709228122463
8941269,8941269,movement,310,260,1709228122480
8941269,8941269,movement,310,259,1709228122497
8941269,8941269,movement,310,258,1709228122513
8941269,8941269,movement,309,257,1709228122530
8941269,8941269,movement,307,255,1709228122548
8941269,8941269,movement,307,254,1709228122563
8941269,8941269,movement,306,252,1709228122581
8941269,8941269,movement,306,250,1709228122596
8941269,8941269,movement,306,249,1709228122615
8941269,8941269,movement,305,246,1709228122631
8941269,8941269,movement,305,246,1709228122640
8941269,8941269,movement,305,245,1709228122648
8941269,8941269,movement,305,242,1709228122664
8941269,8941269,movement,305,241,1709228122680
8941269,8941269,movement,304,240,1709228122696
8941269,8941269,movement,303,239,1709228122713
8941269,8941269,movement,303,238,1709228122730
8941269,8941269,movement,302,238,1709228122754
8941269,8941269,movement,299,235,1709228122762
8941269,8941269,movement,295,234,1709228122781
8941269,8941269,movement,293,232,1709228122797
8941269,8941269,movement,292,231,1709228122819
8941269,8941269,movement,290,230,1709228122835
8941269,8941269,movement,290,230,1709228122851
8941269,8941269,movement,290,229,1709228122868
8941269,8941269,movement,289,228,1709228122884
8941269,8941269,movement,288,227,1709228122898
8941269,8941269,movement,288,226,1709228122935
8941269,8941269,movement,288,226,1709228122949
8941269,8941269,movement,288,225,1709228122965
8941269,8941269,movement,288,224,1709228122991
8941269,8941269,movement,288,223,1709228123016
8941269,8941269,movement,287,223,1709228123068
8941269,8941269,movement,287,222,1709228123147
8941269,8941269,mousedown,287,222,1709228123673
8941269,8941269,mouseup,287,222,1709228123815
8941269,8941269,singleclick,287,222,1709228123817
8941269,8941269,movement,288,222,1709228124283
8941269,8941269,movement,289,222,1709228124295
8941269,8941269,movement,290,222,1709228124311
8941269,8941269,movement,292,225,1709228124328
8941269,8941269,movement,294,226,1709228124345
8941269,8941269,movement,296,227,1709228124366
8941269,8941269,movement,297,227,1709228124377
8941269,8941269,movement,298,228,1709228124400
8941269,8941269,movement,301,230,1709228124414
8941269,8941269,movement,304,231,1709228124433
8941269,8941269,movement,316,236,1709228124444
8941269,8941269,movement,328,241,1709228124462
8941269,8941269,movement,339,245,1709228124502
8941269,8941269,movement,346,246,1709228124502
8941269,8941269,movement,369,256,1709228124515
8941269,8941269,movement,382,262,1709228124531
8941269,8941269,movement,389,264,1709228124547
8941269,8941269,movement,418,278,1709228124561
8941269,8941269,movement,436,287,1709228124579
8941269,8941269,movement,456,296,1709228124595
8941269,8941269,movement,475,303,1709228124615
8941269,8941269,movement,490,310,1709228124629
8941269,8941269,movement,505,316,1709228124649
8941269,8941269,movement,517,322,1709228124660
8941269,8941269,movement,534,331,1709228124681
8941269,8941269,movement,542,337,1709228124695
8941269,8941269,movement,550,342,1709228124719
8941269,8941269,movement,563,353,1709228124735
8941269,8941269,movement,569,355,1709228124743
8941269,8941269,movement,581,365,1709228124761
8941269,8941269,movement,590,374,1709228124783
8941269,8941269,movement,603,386,1709228124799
8941269,8941269,movement,610,395,1709228124816
8941269,8941269,movement,614,401,1709228124827
8941269,8941269,movement,619,408,1709228124843
8941269,8941269,movement,624,412,1709228124864
8941269,8941269,movement,630,419,1709228124878
8941269,8941269,movement,637,429,1709228124903
8941269,8941269,movement,645,444,1709228124922
8941269,8941269,movement,648,452,1709228124932
8941269,8941269,movement,649,457,1709228124944
8941269,8941269,movement,649,462,1709228124967
8941269,8941269,movement,649,464,1709228124981
8941269,8941269,movement,647,466,1709228124995
8941269,8941269,movement,646,469,1709228125012
8941269,8941269,movement,644,470,1709228125027
8941269,8941269,movement,642,474,1709228125047
8941269,8941269,movement,638,475,1709228125060
8941269,8941269,movement,631,478,1709228125077
8941269,8941269,movement,626,480,1709228125094
8941269,8941269,movement,622,482,1709228125112
8941269,8941269,movement,616,483,1709228125129
8941269,8941269,movement,610,483,1709228125144
8941269,8941269,movement,605,484,1709228125161
8941269,8941269,movement,602,484,1709228125177
8941269,8941269,movement,601,484,1709228125194
8941269,8941269,movement,600,484,1709228125210
8941269,8941269,movement,599,484,1709228125229
8941269,8941269,movement,598,484,1709228125244
8941269,8941269,movement,598,483,1709228125341
8941269,8941269,movement,597,483,1709228125657
8941269,8941269,movement,597,482,1709228125787
8941269,8941269,movement,597,483,1709228126672
8941269,8941269,movement,597,484,1709228126703
8941269,8941269,movement,597,485,1709228126932
8941269,8941269,movement,597,486,1709228126959
8941269,8941269,movement,597,487,1709228126975
8941269,8941269,movement,599,491,1709228126997
8941269,8941269,movement,602,495,1709228127008
8941269,8941269,movement,604,499,1709228127025
8941269,8941269,movement,607,502,1709228127047
8941269,8941269,movement,607,503,1709228127059
8941269,8941269,movement,608,504,1709228127092
8941269,8941269,movement,608,503,1709228127167
8941269,8941269,movement,608,502,1709228127175
8941269,8941269,movement,609,500,1709228127197
8941269,8941269,movement,609,497,1709228127209
8941269,8941269,movement,609,494,1709228127224
8941269,8941269,movement,609,490,1709228127244
8941269,8941269,movement,609,487,1709228127262
8941269,8941269,movement,609,485,1709228127275
8941269,8941269,movement,609,482,1709228127291
8941269,8941269,movement,609,480,1709228127308
8941269,8941269,movement,609,478,1709228127324
8941269,8941269,movement,609,477,1709228127341
8941269,8941269,movement,609,476,1709228127358
8941269,8941269,movement,609,474,1709228127375
8941269,8941269,movement,609,473,1709228127391
8941269,8941269,movement,609,471,1709228127410
8941269,8941269,movement,609,470,1709228127428
8941269,8941269,movement,609,469,1709228127442
8941269,8941269,movement,609,468,1709228127459
8941269,8941269,movement,609,466,1709228127476
8941269,8941269,movement,609,466,1709228127493
8941269,8941269,movement,609,463,1709228127509
8941269,8941269,movement,609,462,1709228127525
8941269,8941269,movement,609,459,1709228127548
8941269,8941269,movement,609,458,1709228127563
8941269,8941269,movement,609,456,1709228127577
8941269,8941269,movement,609,454,1709228127591
8941269,8941269,movement,609,451,1709228127610
8941269,8941269,movement,608,450,1709228127629
8941269,8941269,movement,608,448,1709228127648
8941269,8941269,movement,608,446,1709228127657
8941269,8941269,movement,608,445,1709228127675
8941269,8941269,movement,607,442,1709228127692
8941269,8941269,movement,607,440,1709228127708
8941269,8941269,movement,607,438,1709228127726
8941269,8941269,movement,607,435,1709228127741
8941269,8941269,movement,607,431,1709228127760
8941269,8941269,movement,607,427,1709228127776
8941269,8941269,movement,607,423,1709228127791
8941269,8941269,movement,607,421,1709228127807
8941269,8941269,movement,607,418,1709228127831
8941269,8941269,movement,607,413,1709228127847
8941269,8941269,movement,607,412,1709228127858
8941269,8941269,movement,607,410,1709228127881
8941269,8941269,movement,607,409,1709228127894
8941269,8941269,movement,607,406,1709228127908
8941269,8941269,movement,607,406,1709228127925
8941269,8941269,movement,607,405,1709228127942
8941269,8941269,mousedown,607,405,1709228128173
8941269,8941269,mouseup,607,405,1709228128292
8941269,8941269,movement,606,405,1709228128476
8941269,8941269,movement,606,406,1709228128667
8941269,8941269,singleclick,606,406,1709228128300
8941269,8941269,movement,606,407,1709228128731
8941269,8941269,movement,606,407,1709228128740
8941269,8941269,movement,606,408,1709228128759
8941269,8941269,movement,606,409,1709228128874
8941269,8941269,movement,606,410,1709228128924
8941269,8941269,movement,606,410,1709228129107
8941269,8941269,movement,606,411,1709228129140
8941269,8941269,movement,606,412,1709228129238
8941269,8941269,movement,606,413,1709228129392
8941269,8941269,movement,606,414,1709228129473
8941269,8941269,movement,606,414,1709228129660
8941269,8941269,movement,608,414,1709228129672
8941269,8941269,movement,610,414,1709228129690
8941269,8941269,movement,611,414,1709228129705
8941269,8941269,movement,614,414,1709228129724
8941269,8941269,movement,618,414,1709228129741
8941269,8941269,movement,638,415,1709228129758
8941269,8941269,movement,662,416,1709228129773
8941269,8941269,movement,684,418,1709228129790
8941269,8941269,movement,706,419,1709228129806
8941269,8941269,movement,722,421,1709228129822
8941269,8941269,movement,734,422,1709228129839
8941269,8941269,movement,740,423,1709228129859
8941269,8941269,movement,744,423,1709228129873
8941269,8941269,movement,745,423,1709228129889
8941269,8941269,movement,746,423,1709228129906
8941269,8941269,movement,746,423,1709228129939
8941269,8941269,movement,747,424,1709228130007
8941269,8941269,movement,748,424,1709228130023
8941269,8941269,movement,748,425,1709228130040
8941269,8941269,movement,749,425,1709228130056
8941269,8941269,movement,750,426,1709228130077
8941269,8941269,movement,750,427,1709228130094
8941269,8941269,movement,750,427,1709228130113
8941269,8941269,movement,750,428,1709228130132
8941269,8941269,movement,751,428,1709228130248
8941269,8941269,movement,751,429,1709228131008
8941269,8941269,movement,751,430,1709228131342
8941269,8941269,movement,750,430,1709228131962
8941269,8941269,movement,750,431,1709228133137
8941269,8941269,movement,751,432,1709228133169
8941269,8941269,movement,753,434,1709228133188
8941269,8941269,movement,754,434,1709228133203
8941269,8941269,movement,754,435,1709228133220
8941269,8941269,movement,754,435,1709228133237
8941269,8941269,movement,754,436,1709228133254
8941269,8941269,movement,755,437,1709228133270
8941269,8941269,movement,756,438,1709228133288
8941269,8941269,movement,756,438,1709228133305
8941269,8941269,movement,756,439,1709228133321
8941269,8941269,movement,758,439,1709228133336
8941269,8941269,movement,759,441,1709228133352
8941269,8941269,movement,760,441,1709228133370
8941269,8941269,movement,761,442,1709228133385
8941269,8941269,movement,762,442,1709228133405
8941269,8941269,movement,762,443,1709228133421
8941269,8941269,movement,763,443,1709228133441
8941269,8941269,movement,763,444,1709228133453
8941269,8941269,movement,763,445,1709228133504
8941269,8941269,movement,764,445,1709228133520
8941269,8941269,movement,765,445,1709228133553
8941269,8941269,movement,765,446,1709228146059
8941269,8941269,movement,764,446,1709228164660
8941269,8941269,movement,749,444,1709228164677
8941269,8941269,movement,737,442,1709228164694
8941269,8941269,movement,720,440,1709228164707
8941269,8941269,movement,700,439,1709228164724
8941269,8941269,movement,676,436,1709228164741
8941269,8941269,movement,648,432,1709228164759
8941269,8941269,movement,620,429,1709228164775
8941269,8941269,movement,569,420,1709228164793
8941269,8941269,movement,540,414,1709228164807
8941269,8941269,movement,514,405,1709228164823
8941269,8941269,movement,493,395,1709228164840
8941269,8941269,movement,477,387,1709228164857
8941269,8941269,movement,462,378,1709228164873
8941269,8941269,movement,440,367,1709228164892
8941269,8941269,movement,424,360,1709228164908
8941269,8941269,movement,412,354,1709228164924
8941269,8941269,movement,403,348,1709228164940
8941269,8941269,movement,390,342,1709228164964
8941269,8941269,movement,382,337,1709228164981
8941269,8941269,movement,374,331,1709228164994
8941269,8941269,movement,366,326,1709228165013
8941269,8941269,movement,355,319,1709228165030
8941269,8941269,movement,347,315,1709228165047
8941269,8941269,movement,343,313,1709228165063
8941269,8941269,movement,340,309,1709228165080
8941269,8941269,movement,336,306,1709228165095
8941269,8941269,movement,330,299,1709228165113
8941269,8941269,movement,325,294,1709228165132
8941269,8941269,movement,321,290,1709228165146
8941269,8941269,movement,318,287,1709228165163
8941269,8941269,movement,315,282,1709228165174
8941269,8941269,movement,311,278,1709228165195
8941269,8941269,movement,306,274,1709228165207
8941269,8941269,movement,302,268,1709228165223
8941269,8941269,movement,298,262,1709228165241
8941269,8941269,movement,297,258,1709228165258
8941269,8941269,movement,295,254,1709228165274
8941269,8941269,movement,294,251,1709228165290
8941269,8941269,movement,294,249,1709228165306
8941269,8941269,movement,294,247,1709228165323
8941269,8941269,movement,294,246,1709228165340
8941269,8941269,movement,294,244,1709228165360
8941269,8941269,movement,294,242,1709228165374
8941269,8941269,movement,294,242,1709228165390
8941269,8941269,movement,294,239,1709228165418
8941269,8941269,movement,294,238,1709228165426
8941269,8941269,movement,294,236,1709228165458
8941269,8941269,movement,294,235,1709228165477
8941269,8941269,movement,294,234,1709228165495
8941269,8941269,movement,294,234,1709228165511
8941269,8941269,movement,294,233,1709228165527
8941269,8941269,movement,294,232,1709228165543
8941269,8941269,movement,294,231,1709228165640
8941269,8941269,movement,294,230,1709228165657
8941269,8941269,movement,293,230,1709228165673
8941269,8941269,mousedown,293,230,1709228165812
8941269,8941269,mouseup,293,230,1709228165927
8941269,8941269,movement,293,230,1709228165930
8941269,8941269,movement,297,230,1709228166159
8941269,8941269,movement,310,239,1709228166245
8941269,8941269,movement,316,245,1709228166308
8941269,8941269,movement,330,257,1709228166325
8941269,8941269,movement,334,260,1709228166336
8941269,8941269,movement,338,263,1709228166348
8941269,8941269,singleclick,338,263,1709228165929
8941269,8941269,movement,347,267,1709228166358
8941269,8941269,movement,361,274,1709228166379
8941269,8941269,movement,372,278,1709228166393
8941269,8941269,movement,384,283,1709228166405
8941269,8941269,movement,394,287,1709228166428
8941269,8941269,movement,406,292,1709228166445
8941269,8941269,movement,422,297,1709228166456
8941269,8941269,movement,442,302,1709228166478
8941269,8941269,movement,494,317,1709228166501
8941269,8941269,movement,539,333,1709228166523
8941269,8941269,movement,551,336,1709228166529
8941269,8941269,movement,562,341,1709228166544
8941269,8941269,movement,574,344,1709228166555
8941269,8941269,movement,581,346,1709228166573
8941269,8941269,movement,607,361,1709228166593
8941269,8941269,movement,614,366,1709228166605
8941269,8941269,movement,624,377,1709228166645
8941269,8941269,movement,629,382,1709228166662
8941269,8941269,movement,638,394,1709228166681
8941269,8941269,movement,641,398,1709228166689
8941269,8941269,movement,646,406,1709228166705
8941269,8941269,movement,650,419,1709228166726
8941269,8941269,movement,651,422,1709228166743
8941269,8941269,movement,654,430,1709228166756
8941269,8941269,movement,655,435,1709228166776
8941269,8941269,movement,656,438,1709228166790
8941269,8941269,movement,656,442,1709228166806
8941269,8941269,movement,658,449,1709228166822
8941269,8941269,movement,659,454,1709228166841
8941269,8941269,movement,662,461,1709228166861
8941269,8941269,movement,666,466,1709228166875
8941269,8941269,movement,667,469,1709228166889
8941269,8941269,movement,670,473,1709228166911
8941269,8941269,movement,671,475,1709228166922
8941269,8941269,movement,673,478,1709228166938
8941269,8941269,movement,674,480,1709228166955
8941269,8941269,movement,675,482,1709228166971
8941269,8941269,movement,676,483,1709228166988
8941269,8941269,movement,676,484,1709228167078
8941269,8941269,movement,676,483,1709228167555
8941269,8941269,movement,677,483,1709228168031
8941269,8941269,movement,678,483,1709228168097
8941269,8941269,movement,678,483,1709228168549
8941269,8941269,movement,678,483,1709228169989
8941269,8941269,movement,676,484,1709228170004
8941269,8941269,movement,675,485,1709228170019
8941269,8941269,movement,674,485,1709228170035
8941269,8941269,movement,674,485,1709228170054
8941269,8941269,movement,673,486,1709228170069
8941269,8941269,movement,671,486,1709228170085
8941269,8941269,movement,670,487,1709228170104
8941269,8941269,movement,670,488,1709228170121
8941269,8941269,movement,669,488,1709228170136
8941269,8941269,movement,670,488,1709228170224
8941269,8941269,movement,670,488,1709228170292
8941269,8941269,movement,671,488,1709228170322
8941269,8941269,movement,671,489,1709228170344
8941269,8941269,movement,673,489,1709228170370
8941269,8941269,movement,673,490,1709228170374
8941269,8941269,movement,674,490,1709228170402
8941269,8941269,movement,674,491,1709228170426
8941269,8941269,movement,674,491,1709228170435
8941269,8941269,movement,674,493,1709228170454
8941269,8941269,movement,675,493,1709228170471
8941269,8941269,movement,675,494,1709228170495
8941269,8941269,movement,675,494,1709228170517
8941269,8941269,movement,676,494,1709228170552
8941269,8941269,movement,676,495,1709228170568
8941269,8941269,movement,676,496,1709228170590
8941269,8941269,movement,676,497,1709228170602
8941269,8941269,movement,676,498,1709228170660
8941269,8941269,movement,676,498,1709228170673
8941269,8941269,movement,676,499,1709228170708
8941269,8941269,movement,676,500,1709228170724
8941269,8941269,movement,676,501,1709228170734
8941269,8941269,movement,676,502,1709228170783
8941269,8941269,movement,676,502,1709228170821
8941269,8941269,movement,676,503,1709228170883
8941269,8941269,movement,676,504,1709228170930
8941269,8941269,movement,676,505,1709228170975
8941269,8941269,movement,677,505,1709228171092
8941269,8941269,movement,678,505,1709228171117
8941269,8941269,movement,678,506,1709228171124
8941269,8941269,movement,678,506,1709228171136
8941269,8941269,movement,680,506,1709228171151
8941269,8941269,movement,681,507,1709228171169
8941269,8941269,movement,683,508,1709228171186
8941269,8941269,movement,685,509,1709228171202
8941269,8941269,movement,686,509,1709228171218
8941269,8941269,movement,688,510,1709228171234
8941269,8941269,movement,694,511,1709228171257
8941269,8941269,movement,697,511,1709228171270
8941269,8941269,movement,703,513,1709228171283
8941269,8941269,movement,714,514,1709228171301
8941269,8941269,movement,726,515,1709228171324
8941269,8941269,movement,738,518,1709228171336
8941269,8941269,movement,751,518,1709228171350
8941269,8941269,movement,770,522,1709228171371
8941269,8941269,movement,792,523,1709228171383
8941269,8941269,movement,822,528,1709228171402
8941269,8941269,movement,854,532,1709228171425
8941269,8941269,movement,934,542,1709228171454
8941269,8941269,movement,961,548,1709228171466
8941269,8941269,movement,988,554,1709228171483
8941269,8941269,movement,1016,559,1709228171504
8941269,8941269,movement,1046,566,1709228171519
8941269,8941269,movement,1072,570,1709228171542
8941269,8941269,movement,1107,572,1709228171557
8941269,8941269,movement,1125,572,1709228171567
8941269,8941269,movement,1138,572,1709228171585
8941269,8941269,movement,1149,571,1709228171601
8941269,8941269,movement,1156,570,1709228171617
8941269,8941269,movement,1161,569,1709228171634
8941269,8941269,movement,1162,566,1709228171655
8941269,8941269,movement,1162,565,1709228171671
8941269,8941269,movement,1158,561,1709228171683
8941269,8941269,movement,1146,554,1709228171707
8941269,8941269,movement,1130,545,1709228171716
8941269,8941269,movement,1110,538,1709228171739
8941269,8941269,movement,1084,529,1709228171750
8941269,8941269,movement,1057,522,1709228171776
8941269,8941269,movement,1015,513,1709228171792
8941269,8941269,movement,988,510,1709228171799
8941269,8941269,movement,968,506,1709228171818
8941269,8941269,movement,955,504,1709228171834
8941269,8941269,movement,948,503,1709228171850
8941269,8941269,movement,944,502,1709228171869
8941269,8941269,movement,943,502,1709228171886
8941269,8941269,movement,942,502,1709228171901
8941269,8941269,movement,941,502,1709228171918
8941269,8941269,movement,938,502,1709228171933
8941269,8941269,movement,936,501,1709228171950
8941269,8941269,movement,933,501,1709228171967
8941269,8941269,movement,930,501,1709228171984
8941269,8941269,movement,926,501,1709228172001
8941269,8941269,movement,924,501,1709228172017
8941269,8941269,movement,922,501,1709228172037
8941269,8941269,movement,918,501,1709228172050
8941269,8941269,movement,915,501,1709228172067
8941269,8941269,movement,910,501,1709228172084
8941269,8941269,movement,906,501,1709228172102
8941269,8941269,movement,902,501,1709228172118
8941269,8941269,movement,898,501,1709228172135
8941269,8941269,movement,895,501,1709228172150
8941269,8941269,movement,886,501,1709228172167
8941269,8941269,movement,876,501,1709228172183
8941269,8941269,movement,865,500,1709228172200
8941269,8941269,movement,854,500,1709228172218
8941269,8941269,movement,843,498,1709228172237
8941269,8941269,movement,832,498,1709228172251
8941269,8941269,movement,818,498,1709228172268
8941269,8941269,movement,802,497,1709228172284
8941269,8941269,movement,777,497,1709228172300
8941269,8941269,movement,761,496,1709228172319
8941269,8941269,movement,751,496,1709228172334
8941269,8941269,movement,743,496,1709228172351
8941269,8941269,movement,738,495,1709228172367
8941269,8941269,movement,736,495,1709228172383
8941269,8941269,movement,734,495,1709228172399
8941269,8941269,movement,732,495,1709228172416
8941269,8941269,movement,730,495,1709228172433
8941269,8941269,movement,730,495,1709228172451
8941269,8941269,movement,729,495,1709228172467
8941269,8941269,movement,728,495,1709228172557
8941269,8941269,movement,728,494,1709228172611
8941269,8941269,movement,727,494,1709228172667
8941269,8941269,movement,727,494,1709228172696
8941269,8941269,movement,728,494,1709228172812
8941269,8941269,movement,729,494,1709228172836
8941269,8941269,movement,730,494,1709228172852
8941269,8941269,movement,730,493,1709228172866
8941269,8941269,movement,732,493,1709228172883
8941269,8941269,movement,734,493,1709228172899
8941269,8941269,movement,738,493,1709228172916
8941269,8941269,movement,742,493,1709228172935
8941269,8941269,movement,746,493,1709228172950
8941269,8941269,movement,758,494,1709228172968
8941269,8941269,movement,770,496,1709228172982
8941269,8941269,movement,790,499,1709228173005
8941269,8941269,movement,814,502,1709228173016
8941269,8941269,movement,842,506,1709228173033
8941269,8941269,movement,874,510,1709228173052
8941269,8941269,movement,917,514,1709228173066
8941269,8941269,movement,982,522,1709228173085
8941269,8941269,movement,1063,533,1709228173103
8941269,8941269,movement,1174,543,1709228173121
8941269,8941269,movement,1221,543,1709228173132
8941269,8941269,movement,1246,543,1709228173148
8941269,8941269,movement,1264,545,1709228173165
8941269,8941269,movement,1274,546,1709228173182
8941269,8941269,movement,1280,546,1709228173199
8941269,8941269,movement,1283,547,1709228173215
8941269,8941269,movement,1290,549,1709228173233
8941269,8941269,movement,1299,554,1709228173249
8941269,8941269,movement,1310,560,1709228173268
8941269,8941269,movement,1319,566,1709228173286
8941269,8941269,movement,1330,573,1709228173305
8941269,8941269,movement,1346,583,1709228173320
8941269,8941269,movement,1352,586,1709228173331
8941269,8941269,movement,1367,594,1709228173352
8941269,8941269,movement,1375,598,1709228173365
8941269,8941269,movement,1381,599,1709228173383
8941269,8941269,movement,1383,600,1709228173400
8941269,8941269,movement,1384,601,1709228173416
8941269,8941269,movement,1385,601,1709228173434
8941269,8941269,movement,1386,602,1709228173451
8941269,8941269,movement,1389,604,1709228173465
8941269,8941269,movement,1398,610,1709228173492
8941269,8941269,movement,1414,624,1709228173511
8941269,8941269,movement,1426,635,1709228173534
8941269,8941269,movement,1439,646,1709228173552
8941269,8941269,movement,1454,661,1709228173571
8941269,8941269,movement,1462,670,1709228173590
8941269,8941269,movement,1465,674,1709228173598
8941269,8941269,movement,1466,676,1709228173614
8941269,8941269,movement,1469,678,1709228173619
8941269,8941269,movement,1473,684,1709228173632
8941269,8941269,movement,1476,689,1709228173649
8941269,8941269,movement,1478,693,1709228173666
8941269,8941269,movement,1479,694,1709228173677
8941269,8941269,movement,1480,696,1709228173684
8941269,8941269,movement,1482,698,1709228173698
8941269,8941269,movement,1483,700,1709228173715
8941269,8941269,movement,1484,700,1709228173732
8941269,8941269,movement,1484,701,1709228173792
8941269,8941269,movement,1484,702,1709228173830
8941269,8941269,movement,1484,702,1709228174026
8941269,8941269,movement,1484,704,1709228174033
8941269,8941269,movement,1484,706,1709228174048
8941269,8941269,movement,1484,709,1709228174064
8941269,8941269,movement,1486,714,1709228174081
8941269,8941269,movement,1488,718,1709228174098
8941269,8941269,movement,1490,725,1709228174116
8941269,8941269,movement,1493,730,1709228174133
8941269,8941269,movement,1498,738,1709228174149
8941269,8941269,movement,1501,743,1709228174165
8941269,8941269,movement,1503,748,1709228174184
8941269,8941269,movement,1504,752,1709228174205
8941269,8941269,movement,1505,753,1709228174216
8941269,8941269,movement,1506,754,1709228174231
8941269,8941269,movement,1506,755,1709228174252
8941269,8941269,movement,1506,756,1709228174418
8941269,8941269,movement,1507,757,1709228174432
8941269,8941269,movement,1508,758,1709228174465
8941269,8941269,movement,1508,758,1709228174481
8941269,8941269,mousedown,1508,758,1709228174512
8941269,8941269,mouseup,1508,758,1709228174657
8941269,8941269,movement,1509,759,1709228174660
8941269,8941269,movement,1510,759,1709228174674
8941269,8941269,movement,1510,759,1709228174684
8941269,8941269,singleclick,1510,759,1709228174659
8941269,8941269,movement,1510,759,1709228175411
8941269,8941269,movement,1505,758,1709228175424
8941269,8941269,movement,1499,757,1709228175431
8941269,8941269,movement,1488,753,1709228175451
8941269,8941269,movement,1478,750,1709228175463
8941269,8941269,movement,1465,746,1709228175482
8941269,8941269,movement,1445,739,1709228175498
8941269,8941269,movement,1433,736,1709228175511
8941269,8941269,movement,1418,730,1709228175515
8941269,8941269,movement,1366,713,1709228175537
8941269,8941269,movement,1276,684,1709228175558
8941269,8941269,movement,1182,654,1709228175577
8941269,8941269,movement,1128,638,1709228175603
8941269,8941269,movement,1076,623,1709228175618
8941269,8941269,movement,1062,620,1709228175634
8941269,8941269,movement,1056,618,1709228175653
8941269,8941269,movement,1054,618,1709228175666
8941269,8941269,movement,1054,618,1709228176095
8941269,8941269,movement,1053,618,1709228176153
8941269,8941269,movement,1053,617,1709228176199
8941269,8941269,movement,1052,617,1709228176205
8941269,8941269,movement,1051,617,1709228176292
8941269,8941269,movement,1050,616,1709228176326
8941269,8941269,movement,1050,615,1709228176387
8941269,8941269,movement,1049,614,1709228176438
8941269,8941269,movement,1048,614,1709228176521
8941269,8941269,movement,1047,614,1709228176599
8941269,8941269,movement,1046,614,1709228176632
8941269,8941269,movement,1046,613,1709228176648
8941269,8941269,movement,1046,613,1709228176699
8941269,8941269,movement,1045,613,1709228176713
8941269,8941269,movement,1044,613,1709228176730
8941269,8941269,movement,1043,611,1709228176747
8941269,8941269,movement,1042,610,1709228176771
8941269,8941269,movement,1041,610,1709228176791
8941269,8941269,movement,1040,610,1709228176822
8941269,8941269,movement,1038,609,1709228176853
8941269,8941269,movement,1038,609,1709228176883
8941269,8941269,movement,1037,609,1709228176910
8941269,8941269,movement,1037,608,1709228176949
8941269,8941269,movement,1036,607,1709228176960
8941269,8941269,movement,1035,607,1709228176966
8941269,8941269,movement,1035,606,1709228176978
8941269,8941269,movement,1035,606,1709228177100
8941269,8941269,movement,1035,605,1709228177200
8941269,8941269,movement,1036,605,1709228177233
8941269,8941269,movement,1036,604,1709228177286
8941269,8941269,movement,1037,603,1709228177301
8941269,8941269,movement,1038,602,1709228177314
8941269,8941269,movement,1038,602,1709228177330
8941269,8941269,movement,1038,601,1709228177346
8941269,8941269,movement,1038,599,1709228177362
8941269,8941269,movement,1038,598,1709228177379
8941269,8941269,movement,1038,598,1709228177418
8941269,8941269,movement,1038,598,1709228177445
8941269,8941269,movement,1038,597,1709228177489
8941269,8941269,movement,1039,597,1709228177574
8941269,8941269,movement,1039,596,1709228177629
8941269,8941269,movement,1039,595,1709228177666
8941269,8941269,movement,1040,595,1709228177682
8941269,8941269,movement,1040,594,1709228177707
8941269,8941269,movement,1040,594,1709228177713
8941269,8941269,movement,1040,593,1709228177719
8941269,8941269,movement,1040,591,1709228177736
8941269,8941269,movement,1040,590,1709228177748
8941269,8941269,movement,1040,589,1709228177761
8941269,8941269,movement,1039,587,1709228177779
8941269,8941269,movement,1038,586,1709228177794
8941269,8941269,movement,1038,582,1709228177813
8941269,8941269,movement,1037,579,1709228177838
8941269,8941269,movement,1031,571,1709228177855
8941269,8941269,movement,1030,569,1709228177864
8941269,8941269,movement,1028,566,1709228177878
8941269,8941269,movement,1026,562,1709228177895
8941269,8941269,movement,1025,560,1709228177911
8941269,8941269,movement,1023,558,1709228177930
8941269,8941269,movement,1022,556,1709228177946
8941269,8941269,movement,1021,554,1709228177961
8941269,8941269,movement,1021,554,1709228177977
8941269,8941269,movement,1019,553,1709228177994
8941269,8941269,movement,1018,552,1709228178011
8941269,8941269,movement,1018,550,1709228178032
8941269,8941269,movement,1017,550,1709228178045
8941269,8941269,movement,1016,550,1709228178062
8941269,8941269,movement,1015,549,1709228178078
8941269,8941269,movement,1014,549,1709228178094
8941269,8941269,movement,1014,549,1709228178111
8941269,8941269,movement,1014,548,1709228178128
8941269,8941269,movement,1013,547,1709228178144
8941269,8941269,movement,1012,547,1709228178163
8941269,8941269,movement,1012,546,1709228178179
8941269,8941269,movement,1011,546,1709228178468
8941269,8941269,movement,1011,546,1709228178802
8941269,8941269,movement,1012,546,1709228178810
8941269,8941269,movement,1014,544,1709228178827
8941269,8941269,movement,1019,542,1709228178844
8941269,8941269,movement,1026,538,1709228178868
8941269,8941269,movement,1073,522,1709228178901
8941269,8941269,movement,1104,510,1709228178912
8941269,8941269,movement,1139,494,1709228178932
8941269,8941269,movement,1182,477,1709228178950
8941269,8941269,movement,1222,460,1709228178965
8941269,8941269,movement,1261,442,1709228178979
8941269,8941269,movement,1292,426,1709228178996
8941269,8941269,movement,1322,410,1709228179017
8941269,8941269,movement,1361,389,1709228179034
8941269,8941269,movement,1378,381,1709228179045
8941269,8941269,movement,1392,372,1709228179067
8941269,8941269,movement,1406,361,1709228179090
8941269,8941269,movement,1410,354,1709228179100
8941269,8941269,movement,1411,351,1709228179111
8941269,8941269,movement,1416,341,1709228179128
8941269,8941269,movement,1417,339,1709228179151
8941269,8941269,movement,1418,329,1709228179168
8941269,8941269,movement,1418,326,1709228179177
8941269,8941269,movement,1418,322,1709228179194
8941269,8941269,movement,1418,317,1709228179209
8941269,8941269,movement,1418,310,1709228179228
8941269,8941269,movement,1418,304,1709228179246
8941269,8941269,movement,1419,298,1709228179269
8941269,8941269,movement,1421,283,1709228179284
8941269,8941269,movement,1421,279,1709228179294
8941269,8941269,movement,1421,272,1709228179311
8941269,8941269,movement,1421,268,1709228179327
8941269,8941269,movement,1422,262,1709228179343
8941269,8941269,movement,1422,257,1709228179361
8941269,8941269,movement,1425,251,1709228179378
8941269,8941269,movement,1426,247,1709228179388
8941269,8941269,movement,1427,244,1709228179394
8941269,8941269,movement,1429,237,1709228179412
8941269,8941269,movement,1430,227,1709228179426
8941269,8941269,movement,1430,222,1709228179444
8941269,8941269,movement,1430,219,1709228179461
8941269,8941269,movement,1430,218,1709228179479
8941269,8941269,movement,1430,217,1709228179493
8941269,8941269,movement,1430,216,1709228179511
8941269,8941269,movement,1430,215,1709228179526
8941269,8941269,mousedown,1430,215,1709228179816
8941269,8941269,movement,1430,214,1709228179860
8941269,8941269,movement,1430,214,1709228179877
8941269,8941269,mouseup,1430,214,1709228179936
8941269,8941269,movement,1429,215,1709228180061
8941269,8941269,movement,1429,216,1709228180077
8941269,8941269,movement,1428,218,1709228180095
8941269,8941269,movement,1428,219,1709228180110
8941269,8941269,movement,1427,221,1709228180127
8941269,8941269,movement,1427,223,1709228180143
8941269,8941269,movement,1426,225,1709228180160
8941269,8941269,movement,1426,227,1709228180176
8941269,8941269,movement,1424,230,1709228180192
8941269,8941269,movement,1423,234,1709228180209
8941269,8941269,movement,1422,238,1709228180226
8941269,8941269,movement,1420,243,1709228180245
8941269,8941269,movement,1418,254,1709228180263
8941269,8941269,movement,1417,262,1709228180276
8941269,8941269,movement,1416,273,1709228180294
8941269,8941269,movement,1402,334,1709228180367
8941269,8941269,singleclick,1402,334,1709228179938
8941269,8941269,movement,1355,483,1709228180878
8941269,8941269,movement,1356,486,1709228181018
8941269,8941269,movement,1357,486,1709228181068
8941269,8941269,movement,1357,485,1709228181193
8941269,8941269,movement,1359,481,1709228181213
8941269,8941269,movement,1362,474,1709228181225
8941269,8941269,movement,1365,463,1709228181241
8941269,8941269,movement,1365,452,1709228181268
8941269,8941269,movement,1365,420,1709228181293
8941269,8941269,movement,1365,396,1709228181312
8941269,8941269,movement,1362,381,1709228181324
8941269,8941269,movement,1359,366,1709228181348
8941269,8941269,movement,1357,349,1709228181368
8941269,8941269,movement,1354,345,1709228181374
8941269,8941269,movement,1354,339,1709228181397
8941269,8941269,movement,1353,335,1709228181413
8941269,8941269,movement,1353,334,1709228181424
8941269,8941269,movement,1352,332,1709228181442
8941269,8941269,movement,1351,330,1709228181463
8941269,8941269,movement,1350,330,1709228181474
8941269,8941269,movement,1350,330,1709228181494
8941269,8941269,movement,1350,329,1709228181508
8941269,8941269,movement,1350,329,1709228181525
8941269,8941269,movement,1350,328,1709228181542
8941269,8941269,movement,1349,328,1709228181558
8941269,8941269,movement,1349,327,1709228181597
8941269,8941269,movement,1348,327,1709228181652
8941269,8941269,movement,1348,326,1709228181685
8941269,8941269,movement,1347,326,1709228181705
8941269,8941269,movement,1346,326,1709228181823
8941269,8941269,movement,1346,326,1709228182110
8941269,8941269,movement,1346,325,1709228182118
8941269,8941269,movement,1346,324,1709228182131
8941269,8941269,movement,1346,323,1709228182140
8941269,8941269,movement,1347,322,1709228182157
8941269,8941269,movement,1348,321,1709228182174
8941269,8941269,movement,1349,319,1709228182191
8941269,8941269,movement,1350,318,1709228182209
8941269,8941269,movement,1351,314,1709228182225
8941269,8941269,movement,1352,312,1709228182241
8941269,8941269,movement,1355,307,1709228182262
8941269,8941269,movement,1356,305,1709228182274
8941269,8941269,movement,1358,302,1709228182291
8941269,8941269,movement,1359,300,1709228182313
8941269,8941269,movement,1362,296,1709228182332
8941269,8941269,movement,1364,293,1709228182343
8941269,8941269,movement,1365,290,1709228182358
8941269,8941269,movement,1366,286,1709228182373
8941269,8941269,movement,1369,283,1709228182390
8941269,8941269,movement,1370,280,1709228182408
8941269,8941269,movement,1372,278,1709228182424
8941269,8941269,movement,1374,275,1709228182440
8941269,8941269,movement,1375,272,1709228182456
8941269,8941269,movement,1378,267,1709228182475
8941269,8941269,movement,1380,264,1709228182489
8941269,8941269,movement,1381,262,1709228182506
8941269,8941269,movement,1382,259,1709228182523
8941269,8941269,movement,1385,254,1709228182548
8941269,8941269,movement,1387,250,1709228182566
8941269,8941269,movement,1390,243,1709228182585
8941269,8941269,movement,1394,237,1709228182606
8941269,8941269,movement,1394,234,1709228182624
8941269,8941269,movement,1395,233,1709228182630
8941269,8941269,movement,1395,232,1709228182639
8941269,8941269,movement,1398,230,1709228182656
8941269,8941269,movement,1399,228,1709228182675
8941269,8941269,movement,1400,226,1709228182690
8941269,8941269,movement,1401,225,1709228182707
8941269,8941269,movement,1402,223,1709228182723
8941269,8941269,movement,1402,222,1709228182743
8941269,8941269,movement,1403,221,1709228182756
8941269,8941269,movement,1404,220,1709228182776
8941269,8941269,movement,1406,218,1709228182803
8941269,8941269,movement,1406,218,1709228182824
8941269,8941269,movement,1407,216,1709228182840
8941269,8941269,movement,1408,215,1709228182857
8941269,8941269,movement,1410,214,1709228182873
8941269,8941269,movement,1411,213,1709228182890
8941269,8941269,movement,1412,211,1709228182907
8941269,8941269,movement,1414,210,1709228182925
8941269,8941269,movement,1414,209,1709228182939
8941269,8941269,movement,1416,209,1709228182956
8941269,8941269,movement,1418,209,1709228182972
8941269,8941269,movement,1418,208,1709228182989
8941269,8941269,movement,1419,207,1709228183006
8941269,8941269,movement,1420,207,1709228183023
8941269,8941269,movement,1421,208,1709228183041
8941269,8941269,movement,1422,209,1709228183058
8941269,8941269,movement,1426,212,1709228183090
8941269,8941269,movement,1427,213,1709228183108
8941269,8941269,movement,1428,214,1709228183123
8941269,8941269,movement,1429,214,1709228183158
8941269,8941269,movement,1429,215,1709228183192
8941269,8941269,mousedown,1429,215,1709228183274
8941269,8941269,mouseup,1429,215,1709228183415
8941269,8941269,mousedown,1429,215,1709228184168
8941269,8941269,mouseup,1429,215,1709228184197
8941269,8941269,mousedown,1429,215,1709228184254
8941269,8941269,mouseup,1429,215,1709228184272
8941269,8941269,doubleclick,1429,215,1709228184273
8941269,8941269,mousedown,1429,215,1709228184275
8941269,8941269,singleclick,1429,215,1709228183416
8941269,8941269,mouseup,1429,215,1709228184368
8941269,8941269,doubleclick,1429,215,1709228184369
8941269,8941269,movement,1428,215,1709228184522
8941269,8941269,movement,1427,215,1709228184608
8941269,8941269,mousedown,1427,215,1709228185849
8941269,8941269,mouseup,1427,215,1709228185950
8941269,8941269,movement,1422,222,1709228186569
8941269,8941269,singleclick,1422,222,1709228185951
8941269,8941269,movement,1412,230,1709228186747
8941269,8941269,movement,1398,234,1709228186803
8941269,8941269,movement,1393,235,1709228186815
8941269,8941269,movement,1388,237,1709228186836
8941269,8941269,movement,1382,238,1709228186853
8941269,8941269,movement,1376,238,1709228186870
8941269,8941269,movement,1365,240,1709228186886
8941269,8941269,movement,1361,240,1709228186908
8941269,8941269,movement,1340,242,1709228186923
8941269,8941269,movement,1330,245,1709228186936
8941269,8941269,movement,1321,246,1709228186937
8941269,8941269,movement,1299,247,1709228186953
8941269,8941269,movement,1276,247,1709228186970
8941269,8941269,movement,1252,247,1709228186986
8941269,8941269,movement,1221,247,1709228187003
8941269,8941269,movement,1171,247,1709228187019
8941269,8941269,movement,1142,247,1709228187036
8941269,8941269,movement,1116,248,1709228187053
8941269,8941269,movement,1090,250,1709228187069
8941269,8941269,movement,1066,254,1709228187087
8941269,8941269,movement,1040,256,1709228187103
8941269,8941269,movement,1013,258,1709228187122
8941269,8941269,movement,977,263,1709228187136
8941269,8941269,movement,959,266,1709228187152
8941269,8941269,movement,946,269,1709228187169
8941269,8941269,movement,937,270,1709228187186
8941269,8941269,movement,914,274,1709228187206
8941269,8941269,movement,904,274,1709228187220
8941269,8941269,movement,876,278,1709228187235
8941269,8941269,movement,863,279,1709228187252
8941269,8941269,movement,847,282,1709228187271
8941269,8941269,movement,828,284,1709228187285
8941269,8941269,movement,805,287,1709228187305
8941269,8941269,movement,782,287,1709228187319
8941269,8941269,movement,758,287,1709228187338
8941269,8941269,movement,731,287,1709228187352
8941269,8941269,movement,684,284,1709228187369
8941269,8941269,movement,632,278,1709228187387
8941269,8941269,movement,561,266,1709228187404
8941269,8941269,movement,488,246,1709228187424
8941269,8941269,movement,373,206,1709228187447
8941269,8941269,movement,283,170,1709228187463
8941269,8941269,movement,225,149,1709228187480
8941269,8941269,movement,196,135,1709228187495
8941269,8941269,movement,136,134,1709228187702
8941269,8941269,movement,156,157,1709228187720
8941269,8941269,movement,162,165,1709228187736
8941269,8941269,movement,188,194,1709228187753
8941269,8941269,movement,205,214,1709228187771
8941269,8941269,movement,217,232,1709228187785
8941269,8941269,movement,226,248,1709228187803
8941269,8941269,movement,234,260,1709228187819
8941269,8941269,movement,242,272,1709228187836
8941269,8941269,movement,251,284,1709228187855
8941269,8941269,movement,273,303,1709228187878
8941269,8941269,movement,325,332,1709228187916
8941269,8941269,movement,363,348,1709228187940
8941269,8941269,movement,410,368,1709228187962
8941269,8941269,movement,422,374,1709228187972
8941269,8941269,movement,444,383,1709228187989
8941269,8941269,movement,461,390,1709228188004
8941269,8941269,movement,472,392,1709228188022
8941269,8941269,movement,483,396,1709228188035
8941269,8941269,movement,498,398,1709228188053
8941269,8941269,movement,507,401,1709228188069
8941269,8941269,movement,529,407,1709228188085
8941269,8941269,movement,535,410,1709228188105
8941269,8941269,movement,553,416,1709228188122
8941269,8941269,movement,558,418,1709228188135
8941269,8941269,movement,561,419,1709228188152
8941269,8941269,movement,562,419,1709228188168
8941269,8941269,movement,562,419,1709228188186
8941269,8941269,movement,562,420,1709228188202
8941269,8941269,movement,562,421,1709228188226
8941269,8941269,movement,566,424,1709228188248
8941269,8941269,movement,567,426,1709228188255
8941269,8941269,movement,570,428,1709228188268
8941269,8941269,movement,573,433,1709228188291
8941269,8941269,movement,578,438,1709228188302
8941269,8941269,movement,583,443,1709228188320
8941269,8941269,movement,586,448,1709228188335
8941269,8941269,movement,590,452,1709228188355
8941269,8941269,movement,592,457,1709228188371
8941269,8941269,movement,594,459,1709228188386
8941269,8941269,movement,597,463,1709228188409
8941269,8941269,movement,600,467,1709228188428
8941269,8941269,movement,600,469,1709228188435
8941269,8941269,movement,601,470,1709228188452
8941269,8941269,movement,602,471,1709228188474
8941269,8941269,movement,602,472,1709228188489
8941269,8941269,movement,604,474,1709228188504
8941269,8941269,movement,604,474,1709228188527
8941269,8941269,movement,605,474,1709228188546
8941269,8941269,movement,604,474,1709228189058
8941269,8941269,movement,603,474,1709228189067
8941269,8941269,movement,602,474,1709228189084
8941269,8941269,movement,602,473,1709228189115
8941269,8941269,movement,602,473,1709228189129
8941269,8941269,movement,601,473,1709228189150
8941269,8941269,movement,601,472,1709228189158
8941269,8941269,movement,601,471,1709228189178
8941269,8941269,movement,600,470,1709228189192
8941269,8941269,movement,599,470,1709228189206
8941269,8941269,movement,599,470,1709228189220
8941269,8941269,movement,598,467,1709228189236
8941269,8941269,movement,597,465,1709228189252
8941269,8941269,movement,596,462,1709228189269
8941269,8941269,movement,595,460,1709228189300
8941269,8941269,movement,594,454,1709228189326
8941269,8941269,movement,594,452,1709228189333
8941269,8941269,movement,594,449,1709228189354
8941269,8941269,movement,594,445,1709228189368
8941269,8941269,movement,597,437,1709228189384
8941269,8941269,movement,598,431,1709228189403
8941269,8941269,movement,600,425,1709228189420
8941269,8941269,movement,602,420,1709228189440
8941269,8941269,movement,603,415,1709228189457
8941269,8941269,movement,604,414,1709228189470
8941269,8941269,movement,604,410,1709228189494
8941269,8941269,movement,606,406,1709228189504
8941269,8941269,movement,606,404,1709228189516
8941269,8941269,movement,607,399,1709228189540
8941269,8941269,movement,607,398,1709228189557
8941269,8941269,movement,608,396,1709228189576
8941269,8941269,movement,608,395,1709228189616
8941269,8941269,movement,608,394,1709228189632
8941269,8941269,movement,609,394,1709228189650
8941269,8941269,movement,610,392,1709228189667
8941269,8941269,movement,610,390,1709228189688
8941269,8941269,movement,610,387,1709228189700
8941269,8941269,movement,612,383,1709228189717
8941269,8941269,movement,617,374,1709228189748
8941269,8941269,movement,622,362,1709228189781
8941269,8941269,movement,622,360,1709228189790
8941269,8941269,movement,624,358,1709228189803
8941269,8941269,movement,625,357,1709228189816
8941269,8941269,movement,626,354,1709228189833
8941269,8941269,movement,627,350,1709228189853
8941269,8941269,movement,630,348,1709228189866
8941269,8941269,movement,630,346,1709228189883
8941269,8941269,movement,633,343,1709228189900
8941269,8941269,movement,634,341,1709228189917
8941269,8941269,movement,636,339,1709228189941
8941269,8941269,movement,638,337,1709228189966
8941269,8941269,movement,638,336,1709228189975
8941269,8941269,movement,639,336,1709228189985
8941269,8941269,movement,640,336,1709228190068
8941269,8941269,movement,640,335,1709228190085
8941269,8941269,movement,641,334,1709228190099
8941269,8941269,movement,642,334,1709228190125
8941269,8941269,movement,642,334,1709228190208
8941269,8941269,movement,643,334,1709228190241
8941269,8941269,movement,643,335,1709228190248
8941269,8941269,movement,644,335,1709228190289
8941269,8941269,movement,645,335,1709228190309
8941269,8941269,movement,645,336,1709228190317
8941269,8941269,movement,645,337,1709228190334
8941269,8941269,movement,650,340,1709228190349
8941269,8941269,movement,651,342,1709228190373
8941269,8941269,movement,654,346,1709228190395
8941269,8941269,movement,654,346,1709228190403
8941269,8941269,movement,655,346,1709228190419
8941269,8941269,movement,655,346,1709228190565
8941269,8941269,movement,655,344,1709228190573
8941269,8941269,movement,655,342,1709228190597
8941269,8941269,movement,655,342,1709228190599
8941269,8941269,movement,655,339,1709228190623
8941269,8941269,movement,655,335,1709228190643
8941269,8941269,movement,655,334,1709228190659
8941269,8941269,movement,655,333,1709228190667
8941269,8941269,movement,655,332,1709228190684
8941269,8941269,movement,656,331,1709228190699
8941269,8941269,movement,656,330,1709228190725
8941269,8941269,movement,656,331,1709228190836
8941269,8941269,movement,656,334,1709228190849
8941269,8941269,movement,656,339,1709228190866
8941269,8941269,movement,657,342,1709228190889
8941269,8941269,movement,657,345,1709228190909
8941269,8941269,movement,657,346,1709228190916
8941269,8941269,movement,657,346,1709228190934
8941269,8941269,movement,658,346,1709228191017
8941269,8941269,movement,658,345,1709228191033
8941269,8941269,movement,658,342,1709228191049
8941269,8941269,movement,658,339,1709228191071
8941269,8941269,movement,658,334,1709228191090
8941269,8941269,movement,658,333,1709228191099
8941269,8941269,movement,657,330,1709228191122
8941269,8941269,movement,657,327,1709228191135
8941269,8941269,movement,657,323,1709228191157
8941269,8941269,movement,657,322,1709228191164
8941269,8941269,movement,657,322,1709228191182
8941269,8941269,movement,657,321,1709228191199
8941269,8941269,movement,657,319,1709228191216
8941269,8941269,movement,657,318,1709228191233
8941269,8941269,movement,657,318,1709228191300
8941269,8941269,mousedown,657,318,1709228191304
8941269,8941269,mouseup,657,318,1709228191388
8941269,8941269,movement,658,318,1709228191475
8941269,8941269,movement,656,319,1709228191593
8941269,8941269,movement,654,325,1709228191657
8941269,8941269,movement,654,331,1709228191681
8941269,8941269,movement,654,334,1709228191698
8941269,8941269,movement,654,337,1709228191714
8941269,8941269,movement,653,340,1709228191732
8941269,8941269,movement,653,342,1709228191750
8941269,8941269,movement,652,344,1709228191764
8941269,8941269,movement,651,347,1709228191783
8941269,8941269,movement,650,350,1709228191798
8941269,8941269,singleclick,650,350,1709228191398
8941269,8941269,movement,648,353,1709228191815
8941269,8941269,movement,646,356,1709228191833
8941269,8941269,movement,645,360,1709228191850
8941269,8941269,movement,644,362,1709228191867
8941269,8941269,movement,643,366,1709228191882
8941269,8941269,movement,642,368,1709228191898
8941269,8941269,movement,641,368,1709228191914
8941269,8941269,movement,639,370,1709228191936
8941269,8941269,movement,638,374,1709228191963
8941269,8941269,movement,638,374,1709228191976
8941269,8941269,movement,637,374,1709228191982
8941269,8941269,movement,636,375,1709228191998
8941269,8941269,movement,635,377,1709228192015
8941269,8941269,movement,634,378,1709228192031
8941269,8941269,movement,630,381,1709228192048
8941269,8941269,movement,625,382,1709228192064
8941269,8941269,movement,618,384,1709228192083
8941269,8941269,movement,603,386,1709228192100
8941269,8941269,movement,599,386,1709228192115
8941269,8941269,movement,590,388,1709228192132
8941269,8941269,movement,584,389,1709228192152
8941269,8941269,movement,579,389,1709228192164
8941269,8941269,movement,576,390,1709228192182
8941269,8941269,movement,574,390,1709228192200
8941269,8941269,movement,572,390,1709228192215
8941269,8941269,movement,563,391,1709228192245
8941269,8941269,movement,560,391,1709228192267
8941269,8941269,movement,558,391,1709228192281
8941269,8941269,movement,554,390,1709228192298
8941269,8941269,movement,550,388,1709228192316
8941269,8941269,movement,538,380,1709228192338
8941269,8941269,movement,533,376,1709228192347
8941269,8941269,movement,522,366,1709228192367
8941269,8941269,movement,518,362,1709228192381
8941269,8941269,movement,508,350,1709228192399
8941269,8941269,movement,503,344,1709228192414
8941269,8941269,movement,496,337,1709228192434
8941269,8941269,movement,489,328,1709228192448
8941269,8941269,movement,482,320,1709228192466
8941269,8941269,movement,476,312,1709228192481
8941269,8941269,movement,458,294,1709228192513
8941269,8941269,movement,444,282,1709228192533
8941269,8941269,movement,426,270,1709228192555
8941269,8941269,movement,401,254,1709228192590
8941269,8941269,movement,393,248,1709228192625
8941269,8941269,movement,386,245,1709228192625
8941269,8941269,movement,378,242,1709228192637
8941269,8941269,movement,375,240,1709228192652
8941269,8941269,movement,369,237,1709228192664
8941269,8941269,movement,362,234,1709228192682
8941269,8941269,movement,355,230,1709228192702
8941269,8941269,movement,346,226,1709228192718
8941269,8941269,movement,345,225,1709228192732
8941269,8941269,movement,338,222,1709228192747
8941269,8941269,movement,335,220,1709228192766
8941269,8941269,movement,333,219,1709228192783
8941269,8941269,movement,331,218,1709228192801
8941269,8941269,movement,330,218,1709228192813
8941269,8941269,movement,329,217,1709228192837
8941269,8941269,movement,328,217,1709228192951
8941269,8941269,movement,327,217,1709228192963
8941269,8941269,movement,326,218,1709228192980
8941269,8941269,movement,326,218,1709228192998
8941269,8941269,movement,325,218,1709228193015
8941269,8941269,movement,325,219,1709228193031
8941269,8941269,movement,323,220,1709228193048
8941269,8941269,movement,322,220,1709228193066
8941269,8941269,movement,322,220,1709228193081
8941269,8941269,movement,320,221,1709228193104
8941269,8941269,movement,318,221,1709228193119
8941269,8941269,movement,318,221,1709228193141
8941269,8941269,movement,317,221,1709228193149
8941269,8941269,movement,315,222,1709228193168
8941269,8941269,movement,314,222,1709228193183
8941269,8941269,movement,312,222,1709228193202
8941269,8941269,movement,310,222,1709228193216
8941269,8941269,movement,307,222,1709228193235
8941269,8941269,movement,305,222,1709228193249
8941269,8941269,movement,303,222,1709228193267
8941269,8941269,movement,302,221,1709228193286
8941269,8941269,movement,299,220,1709228193298
8941269,8941269,movement,298,219,1709228193317
8941269,8941269,movement,296,219,1709228193333
8941269,8941269,movement,295,219,1709228193352
8941269,8941269,movement,294,218,1709228193366
8941269,8941269,movement,294,218,1709228193383
8941269,8941269,movement,293,218,1709228193400
8941269,8941269,movement,292,218,1709228193419
8941269,8941269,movement,292,217,1709228193449
8941269,8941269,movement,291,217,1709228193469
8941269,8941269,movement,290,217,1709228193498
8941269,8941269,movement,290,217,1709228193539
8941269,8941269,movement,290,216,1709228193782
8941269,8941269,movement,289,216,1709228193861
8941269,8941269,movement,289,215,1709228193889
8941269,8941269,movement,290,215,1709228193936
8941269,8941269,movement,290,215,1709228194146
8941269,8941269,movement,290,214,1709228194208
8941269,8941269,mousedown,290,214,1709228194276
8941269,8941269,movement,290,214,1709228194379
8941269,8941269,mouseup,290,214,1709228194384
8941269,8941269,movement,298,234,1709228194643
8941269,8941269,movement,413,458,1709228194771
8941269,8941269,singleclick,413,458,1709228194386
8941269,8941269,movement,486,494,1709228194866
8941269,8941269,movement,518,491,1709228194899
8941269,8941269,movement,534,488,1709228194915
8941269,8941269,movement,547,485,1709228194927
8941269,8941269,movement,554,481,1709228194945
8941269,8941269,movement,559,477,1709228194962
8941269,8941269,movement,562,473,1709228194981
8941269,8941269,movement,564,471,1709228194999
8941269,8941269,movement,565,469,1709228195018
8941269,8941269,movement,566,465,1709228195039
8941269,8941269,movement,567,464,1709228195063
8941269,8941269,movement,567,462,1709228195082
8941269,8941269,movement,567,461,1709228195125
8941269,8941269,movement,566,461,1709228195665
8941269,8941269,movement,566,461,1709228195868
8941269,8941269,movement,566,462,1709228196123
8941269,8941269,movement,566,462,1709228196129
8941269,8941269,movement,566,467,1709228196145
8941269,8941269,movement,566,470,1709228196161
8941269,8941269,movement,568,473,1709228196183
8941269,8941269,movement,570,478,1709228196194
8941269,8941269,movement,574,487,1709228196212
8941269,8941269,movement,578,496,1709228196257
8941269,8941269,movement,585,518,1709228196275
8941269,8941269,movement,587,526,1709228196297
8941269,8941269,movement,588,529,1709228196320
8941269,8941269,movement,588,530,1709228196362
8941269,8941269,movement,590,533,1709228196406
8941269,8941269,movement,590,535,1709228196410
8941269,8941269,movement,591,537,1709228196427
8941269,8941269,movement,593,539,1709228196444
8941269,8941269,movement,593,540,1709228196462
8941269,8941269,movement,594,541,1709228196485
8941269,8941269,movement,594,542,1709228196512
8941269,8941269,movement,594,543,1709228196527
8941269,8941269,movement,596,546,1709228196544
8941269,8941269,movement,598,549,1709228196562
8941269,8941269,movement,598,550,1709228196579
8941269,8941269,movement,598,551,1709228196600
8941269,8941269,mousedown,598,551,1709228196684
8941269,8941269,mouseup,598,551,1709228196791
8941269,8941269,movement,598,552,1709228197094
8941269,8941269,movement,598,553,1709228197136
8941269,8941269,singleclick,598,553,1709228196809
8941269,8941269,movement,598,553,1709228197413
8941269,8941269,movement,597,553,1709228197543
8941269,8941269,movement,596,553,1709228197652
8941269,8941269,movement,595,553,1709228197693
8941269,8941269,movement,594,553,1709228197778
8941269,8941269,movement,594,553,1709228197825
8941269,8941269,movement,593,553,1709228197902
8941269,8941269,movement,592,553,1709228197947
8941269,8941269,movement,591,553,1709228197969
8941269,8941269,movement,590,553,1709228198015
8941269,8941269,movement,590,552,1709228198046
8941269,8941269,movement,590,552,1709228198062
8941269,8941269,movement,589,551,1709228198120
8941269,8941269,movement,588,551,1709228198323
8941269,8941269,movement,587,551,1709228198400
8941269,8941269,movement,587,550,1709228198874
8941269,8941269,movement,586,550,1709228198891
8941269,8941269,movement,586,550,1709228198931
8941269,8941269,movement,586,550,1709228199032
8941269,8941269,movement,585,550,1709228199764
8941269,8941269,movement,585,549,1709228199788
8941269,8941269,movement,585,548,1709228199824
8941269,8941269,movement,584,548,1709228200274
8941269,8941269,movement,584,547,1709228200339
8941269,8941269,movement,583,547,1709228200402
8941269,8941269,movement,583,546,1709228200455
8941269,8941269,movement,583,546,1709228200539
8941269,8941269,movement,582,546,1709228200619
8941269,8941269,movement,582,545,1709228200681
8941269,8941269,movement,582,545,1709228200722
8941269,8941269,movement,582,544,1709228200805
8941269,8941269,movement,582,543,1709228200874
8941269,8941269,movement,582,542,1709228200960
8941269,8941269,movement,582,542,1709228201008
8941269,8941269,movement,581,542,1709228201064
8941269,8941269,movement,581,541,1709228201084
8941269,8941269,movement,580,541,1709228201109
8941269,8941269,movement,580,540,1709228201126
8941269,8941269,movement,579,539,1709228201154
8941269,8941269,movement,578,539,1709228201188
8941269,8941269,movement,578,538,1709228201203
8941269,8941269,movement,578,538,1709228201210
8941269,8941269,movement,577,538,1709228201232
8941269,8941269,movement,576,538,1709228201248
8941269,8941269,movement,576,537,1709228201255
8941269,8941269,movement,576,536,1709228201287
8941269,8941269,movement,575,536,1709228201312
8941269,8941269,movement,574,536,1709228201335
8941269,8941269,movement,574,536,1709228201365
8941269,8941269,movement,574,535,1709228201397
8941269,8941269,movement,573,535,1709228201458
8941269,8941269,movement,573,534,1709228201521
8941269,8941269,movement,572,534,1709228201911
8941269,8941269,movement,572,534,1709228202097
8941269,8941269,movement,571,534,1709228202128
8941269,8941269,movement,570,534,1709228202261
8941269,8941269,movement,570,534,1709228202300
8941269,8941269,movement,570,533,1709228203357
8941269,8941269,movement,570,532,1709228203381
8941269,8941269,movement,570,531,1709228203406
8941269,8941269,movement,570,530,1709228203420
8941269,8941269,movement,570,530,1709228203438
8941269,8941269,movement,570,528,1709228203456
8941269,8941269,movement,570,527,1709228203474
8941269,8941269,movement,570,526,1709228203488
8941269,8941269,movement,571,523,1709228203505
8941269,8941269,movement,569,523,1709228203537
8941269,8941269,movement,558,531,1709228203554
8941269,8941269,movement,542,538,1709228203572
8941269,8941269,movement,536,540,1709228203587
8941269,8941269,movement,538,537,1709228203818
8941269,8941269,movement,540,536,1709228203824
8941269,8941269,movement,542,532,1709228203838
8941269,8941269,movement,546,528,1709228203855
8941269,8941269,movement,548,526,1709228203870
8941269,8941269,movement,550,525,1709228203888
8941269,8941269,movement,554,524,1709228203904
8941269,8941269,movement,557,523,1709228203922
8941269,8941269,movement,560,523,1709228203939
8941269,8941269,movement,562,522,1709228203957
8941269,8941269,movement,564,522,1709228203974
8941269,8941269,movement,566,523,1709228203988
8941269,8941269,movement,570,525,1709228204005
8941269,8941269,movement,574,527,1709228204020
8941269,8941269,movement,582,530,1709228204037
8941269,8941269,movement,593,532,1709228204055
8941269,8941269,movement,612,538,1709228204072
8941269,8941269,movement,623,538,1709228204087
8941269,8941269,movement,630,539,1709228204104
8941269,8941269,movement,636,541,1709228204120
8941269,8941269,movement,640,542,1709228204136
8941269,8941269,movement,644,542,1709228204153
8941269,8941269,movement,645,542,1709228204177
8941269,8941269,movement,646,542,1709228204197
8941269,8941269,movement,646,542,1709228204212
8941269,8941269,movement,646,543,1709228204244
8941269,8941269,movement,646,544,1709228204254
8941269,8941269,movement,646,545,1709228204290
8941269,8941269,movement,646,546,1709228204293
8941269,8941269,movement,646,546,1709228204304
8941269,8941269,movement,646,547,1709228204329
8941269,8941269,movement,646,548,1709228204339
8941269,8941269,movement,646,549,1709228204621
8941269,8941269,movement,646,550,1709228204992
8941269,8941269,movement,646,550,1709228205014
8941269,8941269,movement,646,551,1709228205022
8941269,8941269,movement,647,552,1709228205037
8941269,8941269,movement,648,554,1709228205052
8941269,8941269,movement,648,556,1709228205069
8941269,8941269,movement,648,557,1709228205086
8941269,8941269,movement,649,558,1709228205102
8941269,8941269,movement,650,561,1709228205120
8941269,8941269,movement,650,562,1709228205137
8941269,8941269,movement,650,563,1709228205154
8941269,8941269,movement,651,566,1709228205174
8941269,8941269,movement,652,567,1709228205187
8941269,8941269,movement,652,568,1709228205202
8941269,8941269,movement,652,570,1709228205220
8941269,8941269,movement,652,572,1709228205237
8941269,8941269,movement,652,573,1709228205253
8941269,8941269,movement,653,574,1709228205270
8941269,8941269,movement,653,575,1709228205286
8941269,8941269,movement,653,576,1709228205303
8941269,8941269,movement,653,577,1709228205321
8941269,8941269,movement,654,578,1709228205336
8941269,8941269,movement,654,578,1709228205389
8941269,8941269,movement,654,579,1709228205427
8941269,8941269,movement,654,580,1709228205451
8941269,8941269,movement,654,580,1709228210081
8941269,8941269,movement,654,581,1709228210101
8941269,8941269,movement,655,582,1709228210118
8941269,8941269,movement,656,582,1709228210135
8941269,8941269,movement,656,581,1709228210375
8941269,8941269,movement,656,580,1709228210399
8941269,8941269,movement,656,579,1709228210421
8941269,8941269,movement,656,578,1709228210444
8941269,8941269,movement,657,578,1709228210451
8941269,8941269,movement,658,578,1709228210502
8941269,8941269,movement,658,578,1709228210530
8941269,8941269,movement,658,578,1709228210944
8941269,8941269,movement,659,578,1709228211309
8941269,8941269,movement,660,578,1709228211340
8941269,8941269,movement,661,578,1709228211365
8941269,8941269,movement,662,578,1709228211403
8941269,8941269,movement,662,578,1709228211432
8941269,8941269,movement,663,578,1709228211558
8941269,8941269,movement,663,577,1709228211598
8941269,8941269,movement,663,576,1709228211651
8941269,8941269,movement,663,575,1709228211739
8941269,8941269,movement,664,574,1709228212600
8941269,8941269,movement,664,574,1709228212625
8941269,8941269,movement,665,573,1709228212631
8941269,8941269,movement,665,572,1709228212646
8941269,8941269,movement,666,570,1709228212663
8941269,8941269,movement,666,569,1709228212679
8941269,8941269,movement,667,567,1709228212696
8941269,8941269,movement,668,565,1709228212714
8941269,8941269,movement,668,562,1709228212732
8941269,8941269,movement,669,561,1709228212746
8941269,8941269,movement,669,560,1709228212765
8941269,8941269,movement,670,558,1709228212779
8941269,8941269,movement,670,556,1709228212795
8941269,8941269,movement,670,555,1709228212812
8941269,8941269,movement,670,554,1709228212829
8941269,8941269,movement,670,554,1709228212845
8941269,8941269,movement,671,552,1709228212864
8941269,8941269,movement,671,551,1709228212880
8941269,8941269,movement,671,550,1709228212896
8941269,8941269,movement,671,550,1709228213495
8941269,8941269,movement,671,549,1709228213511
8941269,8941269,movement,671,548,1709228213527
8941269,8941269,movement,671,547,1709228213629
8941269,8941269,movement,671,546,1709228213744
8941269,8941269,movement,670,546,1709228213782
8941269,8941269,movement,670,546,1709228213795
8941269,8941269,movement,670,545,1709228213811
8941269,8941269,movement,670,544,1709228213830
8941269,8941269,movement,669,544,1709228213846
8941269,8941269,movement,668,542,1709228213861
8941269,8941269,movement,666,538,1709228213878
8941269,8941269,movement,664,534,1709228213898
8941269,8941269,movement,662,530,1709228213911
8941269,8941269,movement,661,525,1709228213930
8941269,8941269,movement,659,521,1709228213946
8941269,8941269,movement,658,519,1709228213962
8941269,8941269,movement,658,518,1709228213978
8941269,8941269,movement,658,516,1709228213994
8941269,8941269,movement,658,514,1709228214011
8941269,8941269,movement,658,513,1709228214030
8941269,8941269,movement,658,512,1709228214044
8941269,8941269,movement,659,511,1709228214062
8941269,8941269,movement,660,511,1709228214079
8941269,8941269,movement,661,510,1709228214094
8941269,8941269,movement,662,510,1709228214112
8941269,8941269,movement,663,510,1709228214127
8941269,8941269,movement,664,510,1709228214146
8941269,8941269,movement,665,510,1709228214163
8941269,8941269,movement,666,510,1709228214180
8941269,8941269,movement,668,510,1709228214196
8941269,8941269,movement,670,510,1709228214211
8941269,8941269,movement,670,510,1709228214227
8941269,8941269,movement,672,510,1709228214248
8941269,8941269,movement,673,510,1709228214261
8941269,8941269,movement,674,510,1709228214278
8941269,8941269,movement,675,510,1709228214296
8941269,8941269,movement,678,510,1709228214313
8941269,8941269,movement,678,510,1709228214329
8941269,8941269,movement,679,510,1709228214345
8941269,8941269,movement,680,510,1709228214362
8941269,8941269,movement,681,510,1709228214382
8941269,8941269,movement,682,510,1709228214398
8941269,8941269,movement,682,510,1709228214445
8941269,8941269,movement,683,510,1709228214460
8941269,8941269,movement,684,510,1709228214477
8941269,8941269,movement,685,510,1709228214538
8941269,8941269,movement,686,510,1709228214608
8941269,8941269,movement,686,510,1709228214950
8941269,8941269,movement,687,510,1709228214966
8941269,8941269,movement,687,509,1709228214977
8941269,8941269,movement,688,507,1709228214996
8941269,8941269,movement,688,505,1709228215010
8941269,8941269,movement,688,503,1709228215031
8941269,8941269,movement,688,502,1709228215043
8941269,8941269,movement,689,502,1709228215061
8941269,8941269,movement,689,503,1709228215160
8941269,8941269,movement,689,504,1709228215176
8941269,8941269,movement,689,505,1709228215192
8941269,8941269,movement,689,506,1709228215210
8941269,8941269,movement,688,506,1709228215300
8941269,8941269,movement,687,506,1709228215362
8941269,8941269,movement,686,506,1709228216297
8941269,8941269,movement,686,507,1709228227209
8941269,8941269,movement,687,508,1709228227221
8941269,8941269,movement,688,508,1709228227236
8941269,8941269,movement,688,510,1709228227249
8941269,8941269,movement,689,510,1709228227265
8941269,8941269,movement,690,512,1709228227282
8941269,8941269,movement,690,513,1709228227300
8941269,8941269,movement,690,514,1709228227317
8941269,8941269,movement,692,516,1709228227334
8941269,8941269,movement,692,517,1709228227349
8941269,8941269,movement,692,518,1709228227365
8941269,8941269,movement,692,518,1709228227388
8941269,8941269,movement,692,519,1709228227398
8941269,8941269,movement,692,520,1709228227415
8941269,8941269,movement,693,520,1709228227434
8941269,8941269,movement,693,522,1709228227449
8941269,8941269,movement,694,522,1709228227472
8941269,8941269,movement,694,523,1709228227482
8941269,8941269,movement,694,524,1709228227499
8941269,8941269,movement,694,525,1709228227520
8941269,8941269,movement,694,526,1709228227535
8941269,8941269,movement,694,526,1709228227551
8941269,8941269,movement,694,527,1709228227565
8941269,8941269,movement,694,528,1709228227582
8941269,8941269,movement,694,530,1709228227599
8941269,8941269,movement,695,531,1709228227615
8941269,8941269,movement,696,532,1709228227632
8941269,8941269,movement,696,534,1709228227649
8941269,8941269,movement,696,535,1709228227668
8941269,8941269,movement,696,536,1709228227681
8941269,8941269,movement,697,538,1709228227697
8941269,8941269,movement,698,539,1709228227715
8941269,8941269,movement,698,541,1709228227732
8941269,8941269,movement,698,542,1709228227752
8941269,8941269,movement,698,542,1709228227767
8941269,8941269,movement,698,544,1709228227783
8941269,8941269,movement,698,545,1709228227799
8941269,8941269,movement,698,546,1709228227822
8941269,8941269,movement,698,546,1709228227838
8941269,8941269,movement,699,546,1709228233749
8941269,8941269,movement,700,546,1709228233797
8941269,8941269,movement,701,546,1709228233813
8941269,8941269,movement,702,546,1709228233831
8941269,8941269,movement,706,546,1709228233847
8941269,8941269,movement,711,546,1709228233862
8941269,8941269,movement,718,546,1709228233878
8941269,8941269,movement,726,547,1709228233893
8941269,8941269,movement,734,548,1709228233909
8941269,8941269,movement,746,551,1709228233926
8941269,8941269,movement,758,553,1709228233943
8941269,8941269,movement,766,555,1709228233961
8941269,8941269,movement,775,558,1709228233976
8941269,8941269,movement,780,558,1709228233993
8941269,8941269,movement,786,560,1709228234009
8941269,8941269,movement,790,561,1709228234026
8941269,8941269,movement,796,564,1709228234042
8941269,8941269,movement,798,566,1709228234060
8941269,8941269,movement,798,569,1709228234077
8941269,8941269,movement,792,577,1709228234094
8941269,8941269,movement,783,582,1709228234110
8941269,8941269,movement,778,583,1709228234126
8941269,8941269,movement,778,582,1709228234237
8941269,8941269,movement,778,582,1709228234242
8941269,8941269,movement,780,580,1709228234258
8941269,8941269,movement,782,578,1709228234276
8941269,8941269,movement,783,576,1709228234292
8941269,8941269,movement,784,573,1709228234311
8941269,8941269,movement,786,569,1709228234325
8941269,8941269,movement,788,566,1709228234343
8941269,8941269,movement,790,566,1709228234359
8941269,8941269,movement,794,567,1709228234375
8941269,8941269,movement,798,570,1709228234392
8941269,8941269,movement,806,574,1709228234409
8941269,8941269,movement,813,577,1709228234427
8941269,8941269,movement,822,580,1709228234444
8941269,8941269,movement,830,583,1709228234460
8941269,8941269,movement,838,586,1709228234476
8941269,8941269,movement,842,587,1709228234492
8941269,8941269,movement,845,589,1709228234509
8941269,8941269,movement,847,590,1709228234525
8941269,8941269,movement,850,591,1709228234543
8941269,8941269,movement,852,592,1709228234559
8941269,8941269,movement,853,593,1709228234576
8941269,8941269,movement,854,593,1709228234599
8941269,8941269,movement,854,594,1709228234769
8941269,8941269,movement,854,594,1709228235330
8941269,8941269,movement,854,593,1709228235689
8941269,8941269,movement,854,592,1709228235705
8941269,8941269,movement,853,592,1709228235714
8941269,8941269,movement,853,591,1709228235738
8941269,8941269,movement,853,590,1709228235752
8941269,8941269,movement,853,590,1709228235759
8941269,8941269,movement,853,589,1709228235791
8941269,8941269,movement,853,588,1709228235812
8941269,8941269,movement,853,587,1709228235846
8941269,8941269,movement,853,586,1709228235862
8941269,8941269,movement,853,586,1709228235871
8941269,8941269,movement,852,586,1709228235883
8941269,8941269,movement,852,585,1709228235891
8941269,8941269,movement,852,584,1709228235917
8941269,8941269,movement,851,584,1709228235932
8941269,8941269,movement,851,583,1709228235941
8941269,8941269,movement,850,582,1709228235958
8941269,8941269,movement,849,580,1709228235975
8941269,8941269,movement,849,578,1709228235991
8941269,8941269,movement,847,578,1709228236008
8941269,8941269,movement,846,575,1709228236024
8941269,8941269,movement,845,573,1709228236041
8941269,8941269,movement,843,571,1709228236058
8941269,8941269,movement,841,569,1709228236074
8941269,8941269,movement,840,566,1709228236091
8941269,8941269,movement,838,565,1709228236108
8941269,8941269,movement,836,562,1709228236124
8941269,8941269,movement,835,561,1709228236140
8941269,8941269,movement,831,558,1709228236157
8941269,8941269,movement,830,556,1709228236174
8941269,8941269,movement,829,554,1709228236193
8941269,8941269,movement,826,552,1709228236209
8941269,8941269,movement,824,550,1709228236226
8941269,8941269,movement,820,546,1709228236240
8941269,8941269,movement,820,546,1709228236256
8941269,8941269,movement,818,543,1709228236273
8941269,8941269,movement,818,542,1709228236291
8941269,8941269,movement,817,542,1709228236308
8941269,8941269,movement,817,542,1709228236324
8941269,8941269,movement,818,542,1709228236576
8941269,8941269,movement,821,542,1709228236590
8941269,8941269,movement,823,542,1709228236606
8941269,8941269,movement,826,542,1709228236623
8941269,8941269,movement,828,542,1709228236642
8941269,8941269,movement,829,542,1709228236659
8941269,8941269,movement,830,542,1709228236673
8941269,8941269,movement,830,542,1709228236719
8941269,8941269,movement,831,542,1709228236817
8941269,8941269,movement,831,542,1709228236847
8941269,8941269,movement,832,542,1709228236865
8941269,8941269,movement,833,541,1709228236873
8941269,8941269,movement,834,539,1709228236889
8941269,8941269,movement,835,537,1709228236906
8941269,8941269,movement,837,534,1709228236925
8941269,8941269,movement,840,531,1709228236940
8941269,8941269,movement,842,529,1709228236959
8941269,8941269,movement,846,526,1709228236973
8941269,8941269,movement,849,525,1709228236989
8941269,8941269,movement,853,522,1709228237006
8941269,8941269,movement,858,519,1709228237025
8941269,8941269,movement,862,516,1709228237041
8941269,8941269,movement,866,514,1709228237057
8941269,8941269,movement,874,509,1709228237075
8941269,8941269,movement,879,506,1709228237090
8941269,8941269,movement,885,502,1709228237107
8941269,8941269,movement,891,500,1709228237122
8941269,8941269,movement,895,497,1709228237139
8941269,8941269,movement,902,494,1709228237158
8941269,8941269,movement,906,492,1709228237176
8941269,8941269,movement,910,490,1709228237190
8941269,8941269,movement,913,488,1709228237207
8941269,8941269,movement,916,486,1709228237222
8941269,8941269,movement,918,484,1709228237239
8941269,8941269,movement,922,482,1709228237256
8941269,8941269,movement,926,477,1709228237275
8941269,8941269,movement,931,472,1709228237290
8941269,8941269,movement,934,466,1709228237306
8941269,8941269,movement,938,460,1709228237322
8941269,8941269,movement,940,450,1709228237339
8941269,8941269,movement,942,444,1709228237357
8941269,8941269,movement,942,438,1709228237372
8941269,8941269,movement,943,433,1709228237391
8941269,8941269,movement,945,426,1709228237407
8941269,8941269,movement,946,422,1709228237424
8941269,8941269,movement,946,417,1709228237439
8941269,8941269,movement,947,414,1709228237456
8941269,8941269,movement,948,411,1709228237473
8941269,8941269,movement,949,409,1709228237489
8941269,8941269,movement,950,405,1709228237508
8941269,8941269,movement,952,402,1709228237525
8941269,8941269,movement,954,398,1709228237541
8941269,8941269,movement,955,394,1709228237557
8941269,8941269,movement,955,390,1709228237573
8941269,8941269,movement,956,388,1709228237590
8941269,8941269,movement,957,386,1709228237609
8941269,8941269,movement,958,384,1709228237622
8941269,8941269,movement,958,382,1709228237642
8941269,8941269,movement,958,382,1709228237655
8941269,8941269,movement,954,376,1709228237672
8941269,8941269,movement,946,371,1709228237688
8941269,8941269,movement,936,367,1709228237706
8941269,8941269,movement,920,362,1709228237723
8941269,8941269,movement,895,355,1709228237741
8941269,8941269,movement,862,344,1709228237760
8941269,8941269,movement,831,334,1709228237776
8941269,8941269,movement,785,321,1709228237789
8941269,8941269,movement,758,314,1709228237806
8941269,8941269,movement,735,310,1709228237822
8941269,8941269,movement,714,306,1709228237839
8941269,8941269,movement,696,303,1709228237856
8941269,8941269,movement,673,300,1709228237874
8941269,8941269,movement,658,298,1709228237891
8941269,8941269,movement,652,298,1709228237905
8941269,8941269,movement,638,297,1709228237927
8941269,8941269,movement,611,297,1709228237942
8941269,8941269,movement,592,297,1709228237955
8941269,8941269,movement,573,297,1709228237971
8941269,8941269,movement,554,297,1709228237988
8941269,8941269,movement,539,297,1709228238006
8941269,8941269,movement,523,297,1709228238022
8941269,8941269,movement,516,297,1709228238039
8941269,8941269,movement,509,297,1709228238055
8941269,8941269,movement,505,297,1709228238071
8941269,8941269,movement,502,297,1709228238088
8941269,8941269,movement,499,297,1709228238107
8941269,8941269,movement,497,297,1709228238122
8941269,8941269,movement,495,297,1709228238139
8941269,8941269,movement,494,298,1709228238155
8941269,8941269,movement,492,298,1709228238171
8941269,8941269,movement,490,298,1709228238188
8941269,8941269,movement,490,298,1709228238208
8941269,8941269,movement,489,298,1709228238222
8941269,8941269,movement,488,298,1709228238239
8941269,8941269,movement,487,298,1709228238257
8941269,8941269,movement,486,298,1709228238273
8941269,8941269,movement,486,298,1709228238288
8941269,8941269,movement,485,298,1709228238305
8941269,8941269,movement,484,297,1709228238322
8941269,8941269,movement,482,297,1709228238338
8941269,8941269,movement,482,297,1709228238356
8941269,8941269,movement,480,297,1709228238372
8941269,8941269,movement,478,297,1709228238389
8941269,8941269,movement,474,297,1709228238405
8941269,8941269,movement,470,297,1709228238422
8941269,8941269,movement,466,297,1709228238439
8941269,8941269,movement,461,298,1709228238454
8941269,8941269,movement,456,298,1709228238472
8941269,8941269,movement,450,299,1709228238487
8941269,8941269,movement,441,300,1709228238504
8941269,8941269,movement,434,300,1709228238522
8941269,8941269,movement,426,301,1709228238538
8941269,8941269,movement,417,302,1709228238555
8941269,8941269,movement,406,304,1709228238572
8941269,8941269,movement,395,306,1709228238589
8941269,8941269,movement,389,308,1709228238605
8941269,8941269,movement,386,309,1709228238621
8941269,8941269,movement,386,309,1709228238638
8941269,8941269,movement,385,309,1709228238654
8941269,8941269,movement,384,308,1709228238723
8941269,8941269,movement,383,306,1709228238730
8941269,8941269,movement,383,305,1709228238738
8941269,8941269,movement,382,303,1709228238756
8941269,8941269,movement,379,298,1709228238771
8941269,8941269,movement,378,293,1709228238789
8941269,8941269,movement,374,289,1709228238804
8941269,8941269,movement,370,284,1709228238822
8941269,8941269,movement,363,280,1709228238838
8941269,8941269,movement,349,271,1709228238855
8941269,8941269,movement,338,265,1709228238871
8941269,8941269,movement,324,258,1709228238889
8941269,8941269,movement,313,253,1709228238904
8941269,8941269,movement,299,246,1709228238923
8941269,8941269,movement,286,242,1709228238942
8941269,8941269,movement,274,238,1709228238964
8941269,8941269,movement,261,235,1709228238974
8941269,8941269,movement,258,234,1709228238989
8941269,8941269,movement,257,234,1709228239005
8941269,8941269,movement,257,233,1709228239026
8941269,8941269,movement,258,233,1709228239291
8941269,8941269,movement,259,231,1709228239305
8941269,8941269,movement,260,230,1709228239321
8941269,8941269,movement,264,229,1709228239341
8941269,8941269,movement,266,227,1709228239354
8941269,8941269,movement,271,224,1709228239377
8941269,8941269,movement,274,223,1709228239395
8941269,8941269,movement,278,221,1709228239411
8941269,8941269,movement,281,219,1709228239426
8941269,8941269,movement,282,218,1709228239442
8941269,8941269,movement,284,218,1709228239459
8941269,8941269,movement,284,218,1709228239474
8941269,8941269,mousedown,284,218,1709228240756
8941269,8941269,mouseup,284,218,1709228240967
8941269,8941269,movement,284,217,1709228241105
8941269,8941269,movement,283,217,1709228241237
8941269,8941269,singleclick,283,217,1709228240969
8941269,8941269,movement,284,217,1709228241448
8941269,8941269,movement,285,217,1709228241493
8941269,8941269,movement,286,217,1709228241510
8941269,8941269,movement,286,217,1709228241519
8941269,8941269,movement,287,217,1709228241553
8941269,8941269,movement,288,217,1709228241568
8941269,8941269,movement,289,218,1709228241592
8941269,8941269,movement,290,218,1709228241602
8941269,8941269,movement,291,218,1709228241622
8941269,8941269,movement,293,218,1709228241640
8941269,8941269,movement,295,218,1709228241666
8941269,8941269,movement,298,220,1709228241717
8941269,8941269,movement,305,222,1709228241738
8941269,8941269,movement,307,223,1709228241752
8941269,8941269,movement,311,224,1709228241772
8941269,8941269,movement,316,226,1709228241790
8941269,8941269,movement,321,228,1709228241809
8941269,8941269,movement,329,230,1709228241822
8941269,8941269,movement,334,231,1709228241836
8941269,8941269,movement,342,234,1709228241856
8941269,8941269,movement,360,238,1709228241881
8941269,8941269,movement,366,239,1709228241889
8941269,8941269,movement,385,243,1709228241911
8941269,8941269,movement,418,251,1709228241948
8941269,8941269,movement,487,267,1709228241977
8941269,8941269,movement,522,272,1709228242007
8941269,8941269,movement,570,282,1709228242024
8941269,8941269,movement,613,294,1709228242039
8941269,8941269,movement,663,304,1709228242056
8941269,8941269,movement,706,315,1709228242075
8941269,8941269,movement,733,323,1709228242089
8941269,8941269,movement,750,330,1709228242101
8941269,8941269,movement,762,334,1709228242121
8941269,8941269,movement,770,338,1709228242134
8941269,8941269,movement,778,342,1709228242160
8941269,8941269,movement,785,350,1709228242177
8941269,8941269,movement,786,350,1709228242183
8941269,8941269,movement,786,352,1709228242206
8941269,8941269,movement,788,354,1709228242216
8941269,8941269,movement,789,356,1709228242237
8941269,8941269,movement,790,358,1709228242251
8941269,8941269,movement,791,359,1709228242268
8941269,8941269,movement,791,362,1709228242284
8941269,8941269,movement,793,369,1709228242301
8941269,8941269,movement,793,374,1709228242320
8941269,8941269,movement,794,380,1709228242334
8941269,8941269,movement,794,386,1709228242355
8941269,8941269,movement,794,394,1709228242373
8941269,8941269,movement,793,402,1709228242385
8941269,8941269,movement,793,409,1709228242402
8941269,8941269,movement,793,416,1709228242422
8941269,8941269,movement,793,422,1709228242440
8941269,8941269,movement,792,430,1709228242457
8941269,8941269,movement,792,431,1709228242473
8941269,8941269,movement,792,436,1709228242486
8941269,8941269,movement,792,442,1709228242503
8941269,8941269,movement,791,446,1709228242518
8941269,8941269,movement,790,455,1709228242537
8941269,8941269,movement,790,462,1709228242556
8941269,8941269,movement,790,472,1709228242575
8941269,8941269,movement,790,474,1709228242584
8941269,8941269,movement,790,482,1709228242603
8941269,8941269,movement,790,488,1709228242618
8941269,8941269,movement,790,494,1709228242640
8941269,8941269,movement,790,498,1709228242650
8941269,8941269,movement,790,502,1709228242674
8941269,8941269,movement,790,504,1709228242691
8941269,8941269,movement,790,506,1709228242700
8941269,8941269,movement,790,508,1709228242720
8941269,8941269,movement,790,509,1709228242734
8941269,8941269,movement,790,510,1709228242753
8941269,8941269,movement,790,512,1709228242772
8941269,8941269,movement,790,513,1709228242784
8941269,8941269,movement,790,514,1709228242800
8941269,8941269,movement,791,516,1709228242817
8941269,8941269,movement,791,517,1709228242835
8941269,8941269,movement,791,519,1709228242851
8941269,8941269,movement,792,520,1709228242868
8941269,8941269,movement,794,522,1709228242884
8941269,8941269,movement,794,523,1709228242901
8941269,8941269,movement,796,525,1709228242917
8941269,8941269,movement,797,526,1709228242935
8941269,8941269,movement,798,526,1709228242951
8941269,8941269,movement,799,527,1709228242971
8941269,8941269,movement,800,528,1709228242986
8941269,8941269,movement,800,529,1709228243004
8941269,8941269,movement,800,530,1709228243021
8941269,8941269,movement,799,530,1709228243033
8941269,8941269,movement,796,531,1709228243053
8941269,8941269,movement,790,533,1709228243068
8941269,8941269,movement,784,535,1709228243086
8941269,8941269,movement,779,538,1709228243101
8941269,8941269,movement,775,540,1709228243119
8941269,8941269,movement,769,541,1709228243140
8941269,8941269,movement,763,541,1709228243165
8941269,8941269,movement,762,541,1709228243170
8941269,8941269,movement,761,541,1709228243184
8941269,8941269,movement,760,541,1709228243203
8941269,8941269,movement,758,541,1709228243221
8941269,8941269,movement,758,541,1709228243234
8941269,8941269,movement,757,541,1709228243250
8941269,8941269,movement,757,542,1709228243273
8941269,8941269,movement,757,542,1709228243287
8941269,8941269,movement,757,543,1709228243300
8941269,8941269,movement,758,545,1709228243318
8941269,8941269,movement,762,547,1709228243335
8941269,8941269,movement,771,554,1709228243353
8941269,8941269,movement,779,559,1709228243366
8941269,8941269,movement,786,565,1709228243386
8941269,8941269,movement,792,567,1709228243400
8941269,8941269,movement,796,570,1709228243418
8941269,8941269,movement,798,572,1709228243439
8941269,8941269,movement,800,572,1709228243451
8941269,8941269,movement,801,572,1709228243479
8941269,8941269,movement,802,571,1709228243484
8941269,8941269,movement,802,569,1709228243503
8941269,8941269,movement,802,566,1709228243516
8941269,8941269,movement,802,565,1709228243533
8941269,8941269,movement,802,562,1709228243550
8941269,8941269,movement,800,556,1709228243568
8941269,8941269,movement,794,546,1709228243586
8941269,8941269,movement,786,536,1709228243605
8941269,8941269,movement,754,514,1709228243630
8941269,8941269,movement,746,510,1709228243638
8941269,8941269,movement,723,502,1709228243649
8941269,8941269,movement,697,496,1709228243674
8941269,8941269,movement,664,494,1709228243693
8941269,8941269,movement,645,493,1709228243700
8941269,8941269,movement,631,494,1709228243716
8941269,8941269,movement,622,496,1709228243732
8941269,8941269,movement,617,498,1709228243754
8941269,8941269,movement,614,502,1709228243773
8941269,8941269,movement,610,510,1709228243790
8941269,8941269,movement,606,522,1709228243804
8941269,8941269,movement,606,527,1709228243818
8941269,8941269,movement,606,538,1709228243837
8941269,8941269,movement,608,552,1709228243856
8941269,8941269,movement,617,565,1709228243873
8941269,8941269,movement,619,569,1709228243883
8941269,8941269,movement,627,575,1709228243904
8941269,8941269,movement,641,582,1709228243924
8941269,8941269,movement,684,594,1709228243946
8941269,8941269,movement,694,595,1709228243950
8941269,8941269,movement,707,596,1709228243966
8941269,8941269,movement,732,598,1709228243983
8941269,8941269,movement,762,596,1709228244003
8941269,8941269,movement,775,591,1709228244017
8941269,8941269,movement,783,584,1709228244036
8941269,8941269,movement,786,576,1709228244057
8941269,8941269,movement,785,555,1709228244079
8941269,8941269,movement,784,550,1709228244085
8941269,8941269,movement,779,538,1709228244105
8941269,8941269,movement,774,527,1709228244124
8941269,8941269,movement,772,525,1709228244132
8941269,8941269,movement,760,520,1709228244149
8941269,8941269,movement,743,517,1709228244167
8941269,8941269,movement,718,514,1709228244184
8941269,8941269,movement,691,510,1709228244203
8941269,8941269,movement,661,506,1709228244215
8941269,8941269,movement,644,507,1709228244233
8941269,8941269,movement,630,509,1709228244249
8941269,8941269,movement,620,513,1709228244269
8941269,8941269,movement,610,518,1709228244284
8941269,8941269,movement,603,522,1709228244299
8941269,8941269,movement,597,526,1709228244317
8941269,8941269,movement,595,530,1709228244337
8941269,8941269,movement,594,540,1709228244353
8941269,8941269,movement,595,546,1709228244372
8941269,8941269,movement,602,558,1709228244393
8941269,8941269,movement,606,563,1709228244400
8941269,8941269,movement,615,572,1709228244418
8941269,8941269,movement,626,576,1709228244433
8941269,8941269,movement,645,577,1709228244448
8941269,8941269,movement,660,574,1709228244465
8941269,8941269,movement,675,568,1709228244486
8941269,8941269,movement,690,562,1709228244499
8941269,8941269,movement,702,555,1709228244517
8941269,8941269,movement,709,546,1709228244536
8941269,8941269,movement,714,530,1709228244555
8941269,8941269,movement,714,514,1709228244577
8941269,8941269,movement,714,509,1709228244586
8941269,8941269,movement,712,502,1709228244598
8941269,8941269,movement,711,499,1709228244624
8941269,8941269,movement,708,498,1709228244641
8941269,8941269,movement,706,498,1709228244649
8941269,8941269,movement,706,498,1709228244667
8941269,8941269,movement,703,498,1709228244683
8941269,8941269,movement,702,498,1709228244699
8941269,8941269,movement,701,498,1709228244715
8941269,8941269,movement,698,499,1709228244732
8941269,8941269,movement,697,502,1709228244756
8941269,8941269,movement,694,506,1709228244775
8941269,8941269,movement,693,509,1709228244782
8941269,8941269,movement,692,512,1709228244801
8941269,8941269,movement,691,514,1709228244815
8941269,8941269,movement,691,516,1709228244833
8941269,8941269,movement,690,518,1709228244851
8941269,8941269,movement,690,520,1709228244865
8941269,8941269,movement,690,521,1709228244893
8941269,8941269,movement,690,522,1709228244898
8941269,8941269,movement,690,522,1709228244916
8941269,8941269,movement,690,523,1709228244933
8941269,8941269,movement,690,524,1709228244949
8941269,8941269,movement,690,525,1709228244965
8941269,8941269,movement,690,526,1709228244999
8941269,8941269,movement,690,526,1709228245048
8941269,8941269,movement,690,527,1709228245072
8941269,8941269,movement,691,527,1709228247582
8941269,8941269,movement,691,528,1709228248940
8941269,8941269,movement,691,529,1709228249791
8941269,8941269,movement,691,530,1709228249803
8941269,8941269,movement,691,530,1709228249816
8941269,8941269,movement,691,531,1709228249833
8941269,8941269,movement,692,532,1709228249844
8941269,8941269,movement,692,533,1709228249863
8941269,8941269,movement,693,533,1709228249878
8941269,8941269,movement,694,534,1709228249894
8941269,8941269,movement,694,535,1709228249910
8941269,8941269,movement,694,536,1709228249928
8941269,8941269,movement,695,538,1709228249944
8941269,8941269,movement,696,538,1709228249964
8941269,8941269,movement,697,541,1709228249988
8941269,8941269,movement,698,544,1709228250010
8941269,8941269,movement,699,546,1709228250013
8941269,8941269,movement,701,550,1709228250028
8941269,8941269,movement,702,554,1709228250049
8941269,8941269,movement,702,559,1709228250061
8941269,8941269,movement,702,563,1709228250080
8941269,8941269,movement,703,566,1709228250095
8941269,8941269,movement,704,570,1709228250116
8941269,8941269,movement,705,572,1709228250132
8941269,8941269,movement,706,576,1709228250144
8941269,8941269,movement,706,578,1709228250160
8941269,8941269,movement,706,581,1709228250185
8941269,8941269,movement,706,583,1709228250205
8941269,8941269,movement,706,584,1709228250212
8941269,8941269,movement,706,585,1709228250227
8941269,8941269,movement,706,586,1709228250244
8941269,8941269,movement,706,586,1709228250260
8941269,8941269,movement,706,587,1709228250278
8941269,8941269,movement,706,588,1709228250293
8941269,8941269,movement,706,589,1709228250313
8941269,8941269,movement,706,590,1709228250327
8941269,8941269,movement,706,590,1709228250354
8941269,8941269,movement,706,591,1709228250373
8941269,8941269,movement,706,592,1709228250399
8941269,8941269,movement,706,593,1709228250401
8941269,8941269,movement,706,594,1709228250416
8941269,8941269,movement,706,594,1709228250488
8941269,8941269,movement,707,594,1709228250516
8941269,8941269,movement,708,594,1709228250526
8941269,8941269,movement,709,595,1709228250544
8941269,8941269,movement,710,595,1709228250561
8941269,8941269,movement,711,595,1709228250578
8941269,8941269,movement,712,595,1709228250593
8941269,8941269,movement,713,595,1709228250617
8941269,8941269,movement,714,595,1709228250633
8941269,8941269,movement,714,595,1709228250644
8941269,8941269,movement,714,594,1709228250660
8941269,8941269,movement,714,591,1709228250681
8941269,8941269,movement,716,588,1709228250698
8941269,8941269,movement,717,584,1709228250710
8941269,8941269,movement,720,579,1709228250731
8941269,8941269,movement,722,577,1709228250750
8941269,8941269,movement,722,576,1709228250760
8941269,8941269,movement,724,575,1709228250776
8941269,8941269,movement,725,574,1709228250794
8941269,8941269,movement,727,572,1709228250811
8941269,8941269,movement,729,570,1709228250835
8941269,8941269,movement,732,568,1709228250846
8941269,8941269,movement,737,566,1709228250860
8941269,8941269,movement,740,563,1709228250877
8941269,8941269,movement,743,561,1709228250894
8941269,8941269,movement,746,559,1709228250911
8941269,8941269,movement,750,557,1709228250928
8941269,8941269,movement,754,554,1709228250944
8941269,8941269,movement,761,553,1709228250960
8941269,8941269,movement,772,553,1709228250976
8941269,8941269,movement,778,553,1709228250993
8941269,8941269,movement,783,553,1709228251010
8941269,8941269,movement,787,553,1709228251027
8941269,8941269,movement,789,552,1709228251043
8941269,8941269,movement,790,552,1709228251060
8941269,8941269,movement,790,552,1709228251077
8941269,8941269,movement,791,552,1709228251094
8941269,8941269,movement,791,551,1709228251136
8941269,8941269,movement,792,551,1709228251210
8941269,8941269,movement,793,551,1709228251244
8941269,8941269,movement,793,552,1709228251300
8941269,8941269,movement,794,553,1709228251311
8941269,8941269,movement,794,553,1709228251327
8941269,8941269,movement,794,554,1709228251337
8941269,8941269,movement,794,554,1709228251342
8941269,8941269,movement,795,555,1709228251360
8941269,8941269,movement,795,556,1709228251378
8941269,8941269,movement,795,558,1709228251393
8941269,8941269,movement,795,559,1709228251410
8941269,8941269,movement,795,562,1709228251426
8941269,8941269,movement,794,565,1709228251442
8941269,8941269,movement,793,567,1709228251459
8941269,8941269,movement,791,570,1709228251482
8941269,8941269,movement,790,574,1709228251498
8941269,8941269,movement,788,577,1709228251509
8941269,8941269,movement,786,581,1709228251534
8941269,8941269,movement,780,585,1709228251550
8941269,8941269,movement,778,586,1709228251559
8941269,8941269,movement,777,587,1709228251575
8941269,8941269,movement,773,589,1709228251592
8941269,8941269,movement,770,590,1709228251608
8941269,8941269,movement,768,592,1709228251630
8941269,8941269,movement,766,594,1709228251643
8941269,8941269,movement,762,597,1709228251661
8941269,8941269,movement,760,598,1709228251676
8941269,8941269,movement,755,602,1709228251692
8941269,8941269,movement,754,602,1709228251709
8941269,8941269,movement,754,604,1709228251726
8941269,8941269,movement,753,606,1709228251743
8941269,8941269,movement,752,608,1709228251760
8941269,8941269,movement,751,611,1709228251780
8941269,8941269,movement,751,615,1709228251792
8941269,8941269,movement,751,621,1709228251816
8941269,8941269,movement,754,629,1709228251839
8941269,8941269,movement,755,630,1709228251847
8941269,8941269,movement,755,631,1709228251861
8941269,8941269,movement,757,634,1709228251876
8941269,8941269,movement,758,635,1709228251893
8941269,8941269,movement,760,636,1709228251909
8941269,8941269,movement,761,638,1709228251925
8941269,8941269,movement,762,639,1709228251942
8941269,8941269,movement,763,641,1709228251958
8941269,8941269,movement,766,643,1709228251976
8941269,8941269,movement,767,645,1709228251993
8941269,8941269,movement,769,647,1709228252009
8941269,8941269,movement,771,648,1709228252027
8941269,8941269,movement,773,649,1709228252042
8941269,8941269,movement,774,649,1709228252059
8941269,8941269,movement,776,650,1709228252080
8941269,8941269,movement,778,650,1709228252091
8941269,8941269,movement,782,651,1709228252115
8941269,8941269,movement,783,651,1709228252124
8941269,8941269,movement,784,651,1709228252141
8941269,8941269,movement,786,650,1709228252163
8941269,8941269,movement,786,647,1709228252174
8941269,8941269,movement,789,645,1709228252195
8941269,8941269,movement,790,642,1709228252210
8941269,8941269,movement,791,640,1709228252225
8941269,8941269,movement,792,639,1709228252243
8941269,8941269,movement,792,638,1709228252259
8941269,8941269,movement,792,636,1709228252276
8941269,8941269,movement,792,635,1709228252292
8941269,8941269,movement,792,634,1709228252308
8941269,8941269,movement,792,633,1709228252325
8941269,8941269,movement,792,632,1709228252342
8941269,8941269,movement,792,631,1709228252360
8941269,8941269,movement,792,630,1709228252383
8941269,8941269,movement,792,627,1709228252392
8941269,8941269,movement,792,625,1709228252407
8941269,8941269,movement,792,624,1709228252425
8941269,8941269,movement,792,623,1709228252442
8941269,8941269,movement,791,622,1709228252458
8941269,8941269,movement,791,621,1709228252475
8941269,8941269,movement,791,619,1709228252500
8941269,8941269,movement,790,618,1709228252517
8941269,8941269,movement,790,617,1709228252526
8941269,8941269,movement,790,616,1709228252541
8941269,8941269,movement,789,614,1709228252558
8941269,8941269,movement,789,612,1709228252575
8941269,8941269,movement,788,610,1709228252599
8941269,8941269,movement,786,606,1709228252614
8941269,8941269,movement,786,604,1709228252625
8941269,8941269,movement,784,601,1709228252642
8941269,8941269,movement,783,599,1709228252658
8941269,8941269,movement,782,598,1709228252675
8941269,8941269,movement,782,598,1709228252692
8941269,8941269,movement,782,597,1709228252708
8941269,8941269,movement,781,597,1709228252725
8941269,8941269,movement,781,596,1709228252747
8941269,8941269,movement,781,595,1709228252759
8941269,8941269,movement,780,594,1709228252789
8941269,8941269,movement,779,594,1709228252826
8941269,8941269,movement,779,594,1709228252842
8941269,8941269,movement,778,593,1709228252867
8941269,8941269,movement,778,592,1709228252887
8941269,8941269,movement,778,591,1709228252899
8941269,8941269,movement,778,591,1709228252903
8941269,8941269,movement,778,590,1709228252914
8941269,8941269,movement,777,590,1709228252925
8941269,8941269,movement,777,588,1709228252942
8941269,8941269,movement,776,586,1709228252958
8941269,8941269,movement,775,586,1709228252974
8941269,8941269,movement,774,584,1709228252991
8941269,8941269,movement,773,582,1709228253008
8941269,8941269,movement,772,581,1709228253024
8941269,8941269,movement,770,579,1709228253047
8941269,8941269,movement,767,573,1709228253068
8941269,8941269,movement,767,571,1709228253076
8941269,8941269,movement,766,569,1709228253093
8941269,8941269,movement,765,565,1709228253108
8941269,8941269,movement,763,562,1709228253123
8941269,8941269,movement,762,560,1709228253141
8941269,8941269,movement,762,556,1709228253159
8941269,8941269,movement,761,552,1709228253176
8941269,8941269,movement,760,547,1709228253197
8941269,8941269,movement,759,542,1709228253207
8941269,8941269,movement,758,535,1709228253229
8941269,8941269,movement,757,527,1709228253247
8941269,8941269,movement,756,522,1709228253258
8941269,8941269,movement,755,518,1709228253274
8941269,8941269,movement,755,515,1709228253291
8941269,8941269,movement,755,510,1709228253311
8941269,8941269,movement,754,503,1709228253324
8941269,8941269,movement,754,499,1709228253348
8941269,8941269,movement,754,490,1709228253374
8941269,8941269,movement,754,483,1709228253384
8941269,8941269,movement,754,481,1709228253391
8941269,8941269,movement,754,476,1709228253407
8941269,8941269,movement,754,471,1709228253429
8941269,8941269,movement,754,467,1709228253446
8941269,8941269,movement,754,462,1709228253456
8941269,8941269,movement,754,459,1709228253481
8941269,8941269,movement,754,454,1709228253497
8941269,8941269,movement,754,453,1709228253507
8941269,8941269,movement,754,450,1709228253530
8941269,8941269,movement,754,447,1709228253544
8941269,8941269,movement,754,444,1709228253557
8941269,8941269,movement,754,442,1709228253574
8941269,8941269,movement,755,441,1709228253591
8941269,8941269,movement,755,440,1709228253607
8941269,8941269,movement,755,439,1709228253628
8941269,8941269,mousedown,755,439,1709228253679
8941269,8941269,mouseup,755,439,1709228253788
8941269,8941269,movement,756,439,1709228253809
8941269,8941269,movement,756,444,1709228253963
8941269,8941269,movement,756,459,1709228253996
8941269,8941269,movement,755,465,1709228254008
8941269,8941269,movement,755,494,1709228254036
8941269,8941269,movement,755,532,1709228254065
8941269,8941269,movement,755,598,1709228254124
8941269,8941269,movement,755,666,1709228254189
8941269,8941269,singleclick,755,666,1709228253807
8941269,8941269,movement,759,716,1709228254260
8941269,8941269,movement,761,734,1709228254308
8941269,8941269,movement,761,738,1709228254324
8941269,8941269,movement,762,742,1709228254341
8941269,8941269,movement,762,746,1709228254357
8941269,8941269,movement,763,750,1709228254373
8941269,8941269,movement,764,752,1709228254390
8941269,8941269,movement,764,754,1709228254407
8941269,8941269,movement,764,756,1709228254422
8941269,8941269,movement,765,757,1709228254440
8941269,8941269,movement,765,758,1709228254457
8941269,8941269,movement,766,758,1709228254473
8941269,8941269,movement,766,755,1709228254556
8941269,8941269,movement,766,750,1709228254577
8941269,8941269,movement,766,746,1709228254592
8941269,8941269,movement,766,743,1709228254606
8941269,8941269,movement,765,737,1709228254624
8941269,8941269,movement,762,729,1709228254644
8941269,8941269,movement,761,722,1709228254656
8941269,8941269,movement,759,717,1709228254673
8941269,8941269,movement,757,713,1709228254690
8941269,8941269,movement,754,707,1709228254708
8941269,8941269,movement,752,701,1709228254723
8941269,8941269,movement,750,698,1709228254740
8941269,8941269,movement,746,693,1709228254755
8941269,8941269,movement,745,689,1709228254773
8941269,8941269,movement,743,686,1709228254793
8941269,8941269,movement,741,683,1709228254806
8941269,8941269,movement,740,682,1709228254823
8941269,8941269,movement,738,680,1709228254841
8941269,8941269,movement,738,679,1709228254865
8941269,8941269,movement,738,678,1709228254888
8941269,8941269,movement,736,678,1709228254943
8941269,8941269,movement,736,679,1709228254961
8941269,8941269,movement,735,679,1709228255013
8941269,8941269,movement,734,679,1709228255033
8941269,8941269,movement,734,679,1709228255044
8941269,8941269,movement,733,679,1709228255084
8941269,8941269,movement,732,679,1709228255125
8941269,8941269,movement,731,679,1709228256655
8941269,8941269,movement,730,679,1709228256706
8941269,8941269,movement,730,678,1709228256723
8941269,8941269,movement,730,678,1709228256742
8941269,8941269,movement,730,677,1709228256772
8941269,8941269,movement,729,676,1709228256793
8941269,8941269,movement,728,676,1709228257212
8941269,8941269,movement,728,675,1709228257225
8941269,8941269,movement,728,674,1709228257257
8941269,8941269,movement,728,673,1709228257345
8941269,8941269,movement,726,672,1709228257374
8941269,8941269,movement,726,671,1709228257399
8941269,8941269,movement,726,670,1709228257421
8941269,8941269,movement,726,670,1709228257455
8941269,8941269,movement,726,669,1709228257471
8941269,8941269,movement,725,669,1709228257871
8941269,8941269,movement,725,668,1709228257890
8941269,8941269,movement,725,667,1709228260073
8941269,8941269,movement,725,666,1709228260086
8941269,8941269,movement,724,664,1709228260101
8941269,8941269,movement,724,662,1709228260119
8941269,8941269,movement,723,661,1709228260138
8941269,8941269,movement,722,660,1709228260152
8941269,8941269,movement,722,659,1709228260171
8941269,8941269,movement,722,658,1709228260187
8941269,8941269,movement,721,658,1709228260222
8941269,8941269,movement,720,657,1709228260236
8941269,8941269,movement,720,656,1709228260251
8941269,8941269,movement,719,655,1709228260268
8941269,8941269,movement,718,655,1709228260285
8941269,8941269,movement,717,655,1709228260303
8941269,8941269,movement,716,655,1709228260319
8941269,8941269,movement,715,655,1709228260386
8941269,8941269,movement,714,655,1709228260993
8941269,8941269,movement,714,655,1709228261650
8941269,8941269,movement,713,655,1709228261718
8941269,8941269,movement,712,655,1709228261817
8941269,8941269,movement,712,656,1709228261934
8941269,8941269,movement,712,657,1709228261968
8941269,8941269,movement,711,657,1709228262000
8941269,8941269,movement,711,658,1709228262033
8941269,8941269,movement,711,658,1709228262066
8941269,8941269,movement,710,658,1709228262117
8941269,8941269,movement,710,658,1709228262418
8941269,8941269,movement,710,657,1709228262549
8941269,8941269,movement,710,656,1709228262566
8941269,8941269,movement,710,655,1709228262583
8941269,8941269,movement,710,654,1709228262633
8941269,8941269,movement,710,654,1709228262765
8941269,8941269,movement,710,654,1709228262799
8941269,8941269,movement,710,653,1709228262849
8941269,8941269,movement,710,652,1709228263353
8941269,8941269,movement,710,651,1709228263423
8941269,8941269,movement,710,650,1709228263486
8941269,8941269,movement,710,650,1709228263539
8941269,8941269,movement,710,649,1709228263582
8941269,8941269,movement,710,649,1709228263999
8941269,8941269,movement,710,650,1709228264155
8941269,8941269,movement,710,650,1709228264185
8941269,8941269,movement,710,650,1709228264433
8941269,8941269,movement,711,649,1709228264449
8941269,8941269,movement,712,647,1709228264465
8941269,8941269,movement,714,646,1709228264480
8941269,8941269,movement,715,645,1709228264497
8941269,8941269,movement,716,642,1709228264514
8941269,8941269,movement,718,641,1709228264531
8941269,8941269,movement,718,639,1709228264548
8941269,8941269,movement,720,638,1709228264566
8941269,8941269,movement,721,635,1709228264583
8941269,8941269,movement,722,634,1709228264598
8941269,8941269,movement,723,634,1709228264614
8941269,8941269,movement,724,634,1709228264630
8941269,8941269,movement,725,633,1709228264648
8941269,8941269,movement,726,633,1709228264681
8941269,8941269,movement,726,632,1709228264698
8941269,8941269,movement,727,631,1709228264730
8941269,8941269,movement,728,631,1709228264748
8941269,8941269,movement,729,630,1709228264763
8941269,8941269,movement,730,630,1709228264782
8941269,8941269,movement,730,630,1709228264817
8941269,8941269,movement,730,629,1709228264888
8941269,8941269,movement,730,629,1709228265184
8941269,8941269,movement,730,630,1709228265197
8941269,8941269,movement,729,630,1709228265230
8941269,8941269,movement,729,630,1709228265330
8941269,8941269,movement,728,630,1709228265381
8941269,8941269,movement,727,630,1709228265905
8941269,8941269,movement,727,631,1709228266082
8941269,8941269,movement,726,631,1709228266112
8941269,8941269,movement,726,632,1709228266129
8941269,8941269,movement,726,633,1709228267869
8941269,8941269,movement,726,633,1709228267919
8941269,8941269,movement,726,634,1709228268003
8941269,8941269,movement,726,633,1709228268760
8941269,8941269,movement,725,633,1709228268965
8941269,8941269,movement,724,634,1709228270336
8941269,8941269,movement,723,634,1709228270611
8941269,8941269,movement,722,634,1709228270742
8941269,8941269,movement,722,634,1709228270758
8941269,8941269,movement,722,635,1709228270774
8941269,8941269,movement,722,636,1709228270810
8941269,8941269,movement,721,636,1709228271241
8941269,8941269,movement,720,635,1709228271425
8941269,8941269,movement,719,634,1709228271508
8941269,8941269,movement,719,634,1709228271858
8941269,8941269,movement,718,634,1709228271890
8941269,8941269,movement,718,634,1709228271957
8941269,8941269,movement,718,633,1709228272074
8941269,8941269,movement,717,633,1709228272107
8941269,8941269,movement,716,632,1709228272324
8941269,8941269,movement,716,631,1709228272374
8941269,8941269,movement,715,631,1709228272405
8941269,8941269,movement,714,631,1709228273090
8941269,8941269,movement,714,633,1709228273680
8941269,8941269,movement,714,634,1709228273729
8941269,8941269,movement,714,634,1709228274772
8941269,8941269,movement,713,634,1709228274987
8941269,8941269,movement,712,634,1709228275038
8941269,8941269,movement,711,634,1709228275337
8941269,8941269,movement,710,633,1709228275605
8941269,8941269,movement,710,631,1709228275622
8941269,8941269,movement,710,630,1709228275637
8941269,8941269,movement,708,630,1709228275670
8941269,8941269,movement,707,630,1709228275687
8941269,8941269,movement,706,630,1709228275704
8941269,8941269,movement,706,629,1709228275804
8941269,8941269,movement,707,629,1709228275822
8941269,8941269,movement,708,628,1709228275838
8941269,8941269,movement,709,627,1709228275853
8941269,8941269,movement,710,627,1709228275871
8941269,8941269,movement,710,626,1709228275886
8941269,8941269,movement,711,626,1709228275904
8941269,8941269,movement,711,626,1709228275920
8941269,8941269,movement,712,626,1709228275936
8941269,8941269,movement,713,626,1709228275986
8941269,8941269,movement,714,626,1709228276086
8941269,8941269,movement,714,626,1709228276103
8941269,8941269,movement,715,626,1709228276157
8941269,8941269,movement,716,625,1709228276170
8941269,8941269,movement,718,624,1709228276187
8941269,8941269,movement,718,623,1709228276205
8941269,8941269,movement,719,623,1709228276236
8941269,8941269,movement,720,623,1709228276253
8941269,8941269,movement,721,623,1709228276321
8941269,8941269,movement,722,623,1709228276420
8941269,8941269,movement,722,622,1709228276453
8941269,8941269,movement,722,622,1709228276537
8941269,8941269,movement,723,622,1709228276554
8941269,8941269,movement,725,622,1709228276570
8941269,8941269,movement,725,620,1709228276586
8941269,8941269,movement,729,616,1709228276603
8941269,8941269,movement,734,610,1709228276620
8941269,8941269,movement,741,603,1709228276639
8941269,8941269,movement,748,594,1709228276656
8941269,8941269,movement,756,586,1709228276670
8941269,8941269,movement,761,579,1709228276686
8941269,8941269,movement,769,570,1709228276702
8941269,8941269,movement,772,566,1709228276720
8941269,8941269,movement,777,562,1709228276736
8941269,8941269,movement,781,557,1709228276752
8941269,8941269,movement,786,552,1709228276769
8941269,8941269,movement,794,546,1709228276787
8941269,8941269,movement,811,539,1709228276805
8941269,8941269,movement,831,532,1709228276819
8941269,8941269,movement,849,524,1709228276837
8941269,8941269,movement,854,521,1709228276853
8941269,8941269,movement,860,517,1709228276869
8941269,8941269,movement,863,513,1709228276887
8941269,8941269,movement,866,508,1709228276904
8941269,8941269,movement,870,505,1709228276919
8941269,8941269,movement,874,498,1709228276939
8941269,8941269,movement,876,495,1709228276955
8941269,8941269,movement,878,491,1709228276970
8941269,8941269,movement,879,489,1709228276987
8941269,8941269,movement,880,486,1709228277002
8941269,8941269,movement,881,485,1709228277020
8941269,8941269,movement,881,482,1709228277035
8941269,8941269,movement,881,480,1709228277052
8941269,8941269,movement,881,478,1709228277069
8941269,8941269,movement,881,477,1709228277085
8941269,8941269,movement,881,475,1709228277103
8941269,8941269,movement,881,474,1709228277119
8941269,8941269,movement,880,474,1709228277138
8941269,8941269,movement,879,472,1709228277154
8941269,8941269,movement,878,470,1709228277168
8941269,8941269,movement,878,470,1709228277186
8941269,8941269,movement,878,469,1709228277202
8941269,8941269,movement,878,468,1709228277220
8941269,8941269,movement,878,467,1709228277252
8941269,8941269,movement,878,466,1709228277269
8941269,8941269,movement,881,465,1709228277285
8941269,8941269,movement,890,460,1709228277302
8941269,8941269,movement,897,457,1709228277319
8941269,8941269,movement,905,454,1709228277335
8941269,8941269,movement,912,454,1709228277352
8941269,8941269,movement,924,452,1709228277370
8941269,8941269,movement,935,451,1709228277386
8941269,8941269,movement,950,451,1709228277402
8941269,8941269,movement,962,450,1709228277418
8941269,8941269,movement,969,450,1709228277435
8941269,8941269,movement,971,449,1709228277453
8941269,8941269,movement,975,449,1709228277470
8941269,8941269,movement,978,448,1709228277485
8941269,8941269,movement,982,447,1709228277503
8941269,8941269,movement,987,446,1709228277518
8941269,8941269,movement,990,446,1709228277535
8941269,8941269,movement,989,446,1709228277653
8941269,8941269,movement,988,446,1709228277668
8941269,8941269,movement,986,446,1709228277686
8941269,8941269,movement,986,446,1709228277700
8941269,8941269,movement,983,447,1709228277718
8941269,8941269,movement,978,449,1709228277736
8941269,8941269,movement,974,450,1709228277752
8941269,8941269,movement,970,452,1709228277768
8941269,8941269,movement,965,454,1709228277784
8941269,8941269,movement,962,454,1709228277801
8941269,8941269,movement,958,456,1709228277818
8941269,8941269,movement,954,456,1709228277836
8941269,8941269,movement,950,458,1709228277853
8941269,8941269,movement,945,459,1709228277868
8941269,8941269,movement,942,461,1709228277885
8941269,8941269,movement,939,462,1709228277901
8941269,8941269,movement,937,462,1709228277918
8941269,8941269,movement,936,463,1709228277937
8941269,8941269,movement,934,464,1709228277957
8941269,8941269,movement,933,465,1709228277970
8941269,8941269,movement,931,465,1709228277985
8941269,8941269,movement,930,466,1709228278001
8941269,8941269,movement,928,466,1709228278018
8941269,8941269,movement,928,467,1709228278034
8941269,8941269,movement,926,467,1709228278051
8941269,8941269,movement,926,467,1709228278086
8941269,8941269,movement,925,468,1709228278101
8941269,8941269,movement,924,468,1709228278136
8941269,8941269,movement,923,468,1709228278155
8941269,8941269,movement,923,469,1709228278168
8941269,8941269,movement,922,469,1709228278201
8941269,8941269,movement,923,468,1709228278435
8941269,8941269,movement,924,466,1709228278452
8941269,8941269,movement,926,465,1709228278468
8941269,8941269,movement,927,463,1709228278483
8941269,8941269,movement,929,462,1709228278501
8941269,8941269,movement,930,460,1709228278517
8941269,8941269,movement,933,458,1709228278534
8941269,8941269,movement,934,457,1709228278552
8941269,8941269,movement,938,454,1709228278568
8941269,8941269,movement,940,453,1709228278585
8941269,8941269,movement,943,452,1709228278601
8941269,8941269,movement,946,450,1709228278618
8941269,8941269,movement,950,450,1709228278635
8941269,8941269,movement,952,450,1709228278651
8941269,8941269,movement,954,450,1709228278667
8941269,8941269,movement,954,450,1709228278684
8941269,8941269,movement,954,450,1709228278887
8941269,8941269,movement,953,450,1709228278967
8941269,8941269,movement,952,450,1709228279017
8941269,8941269,movement,952,449,1709228279151
8941269,8941269,movement,953,447,1709228279167
8941269,8941269,movement,954,446,1709228279184
8941269,8941269,movement,955,446,1709228279202
8941269,8941269,movement,958,445,1709228279217
8941269,8941269,movement,961,444,1709228279234
8941269,8941269,movement,964,442,1709228279255
8941269,8941269,movement,967,442,1709228279268
8941269,8941269,movement,972,440,1709228279285
8941269,8941269,movement,975,439,1709228279300
8941269,8941269,movement,978,439,1709228279317
8941269,8941269,movement,982,438,1709228279334
8941269,8941269,movement,985,437,1709228279355
8941269,8941269,movement,987,436,1709228279368
8941269,8941269,movement,992,435,1709228279385
8941269,8941269,movement,999,434,1709228279399
8941269,8941269,movement,1009,433,1709228279416
8941269,8941269,movement,1016,431,1709228279433
8941269,8941269,movement,1021,430,1709228279451
8941269,8941269,movement,1026,430,1709228279467
8941269,8941269,movement,1029,430,1709228279485
8941269,8941269,movement,1033,430,1709228279502
8941269,8941269,movement,1035,429,1709228279518
8941269,8941269,movement,1038,429,1709228279533
8941269,8941269,movement,1041,428,1709228279549
8941269,8941269,movement,1042,428,1709228279566
8941269,8941269,movement,1043,428,1709228279584
8941269,8941269,movement,1044,428,1709228279600
8941269,8941269,movement,1045,428,1709228279617
8941269,8941269,movement,1046,427,1709228279634
8941269,8941269,movement,1048,427,1709228279650
8941269,8941269,movement,1050,427,1709228279666
8941269,8941269,movement,1050,427,1709228279683
8941269,8941269,movement,1051,427,1709228279699
8941269,8941269,movement,1051,426,1709228279767
8941269,8941269,movement,1050,426,1709228279817
8941269,8941269,movement,1049,426,1709228279852
8941269,8941269,movement,1046,426,1709228279868
8941269,8941269,movement,1042,425,1709228279884
8941269,8941269,movement,1038,424,1709228279899
8941269,8941269,movement,1033,423,1709228279916
8941269,8941269,movement,1028,423,1709228279933
8941269,8941269,movement,1022,423,1709228279949
8941269,8941269,movement,1013,423,1709228279967
8941269,8941269,movement,1006,423,1709228279983
8941269,8941269,movement,996,423,1709228280000
8941269,8941269,movement,976,423,1709228280029
8941269,8941269,movement,966,423,1709228280045
8941269,8941269,movement,955,423,1709228280065
8941269,8941269,movement,946,425,1709228280082
8941269,8941269,movement,936,425,1709228280099
8941269,8941269,movement,929,426,1709228280116
8941269,8941269,movement,919,427,1709228280132
8941269,8941269,movement,913,428,1709228280150
8941269,8941269,movement,908,429,1709228280165
8941269,8941269,movement,906,429,1709228280182
8941269,8941269,movement,902,430,1709228280200
8941269,8941269,movement,899,430,1709228280217
8941269,8941269,movement,898,430,1709228280234
8941269,8941269,movement,896,431,1709228280249
8941269,8941269,movement,894,431,1709228280267
8941269,8941269,movement,894,431,1709228280283
8941269,8941269,movement,893,431,1709228280316
8941269,8941269,movement,892,431,1709228280349
8941269,8941269,movement,892,432,1709228280582
8941269,8941269,movement,892,433,1709228285345
8941269,8941269,movement,892,434,1709228285378
8941269,8941269,movement,892,434,1709228285445
8941269,8941269,movement,892,435,1709228285511
8941269,8941269,movement,891,435,1709228285828
8941269,8941269,movement,891,436,1709228285844
8941269,8941269,movement,891,437,1709228285877
8941269,8941269,movement,890,437,1709228286593
8941269,8941269,movement,890,437,1709228286610
8941269,8941269,movement,889,437,1709228286662
8941269,8941269,movement,888,437,1709228286678
8941269,8941269,movement,887,437,1709228286694
8941269,8941269,movement,886,437,1709228286714
8941269,8941269,movement,883,437,1709228286728
8941269,8941269,movement,882,437,1709228286743
8941269,8941269,movement,882,437,1709228286760
8941269,8941269,movement,881,437,1709228286776
8941269,8941269,movement,879,437,1709228286794
8941269,8941269,movement,878,436,1709228286809
8941269,8941269,movement,876,436,1709228286828
8941269,8941269,movement,874,435,1709228286847
8941269,8941269,movement,871,434,1709228286863
8941269,8941269,movement,870,434,1709228286875
8941269,8941269,movement,869,433,1709228286909
8941269,8941269,movement,868,432,1709228286962
8941269,8941269,movement,868,429,1709228286976
8941269,8941269,movement,868,428,1709228286993
8941269,8941269,movement,868,427,1709228287010
8941269,8941269,movement,868,426,1709228287027
8941269,8941269,movement,868,426,1709228287042
8941269,8941269,movement,869,425,1709228287060
8941269,8941269,movement,870,425,1709228287076
8941269,8941269,movement,874,426,1709228287094
8941269,8941269,movement,874,430,1709228287111
8941269,8941269,movement,865,438,1709228287127
8941269,8941269,movement,850,446,1709228287145
8941269,8941269,movement,830,452,1709228287159
8941269,8941269,movement,818,454,1709228287177
8941269,8941269,movement,821,453,1709228287593
8941269,8941269,movement,822,452,1709228287610
8941269,8941269,movement,823,450,1709228287626
8941269,8941269,movement,826,449,1709228287642
8941269,8941269,movement,827,447,1709228287659
8941269,8941269,movement,828,446,1709228287677
8941269,8941269,movement,830,446,1709228287694
8941269,8941269,movement,831,444,1709228287710
8941269,8941269,movement,834,442,1709228287726
8941269,8941269,movement,836,441,1709228287741
8941269,8941269,movement,838,438,1709228287759
8941269,8941269,movement,838,437,1709228287777
8941269,8941269,movement,841,434,1709228287793
8941269,8941269,movement,842,433,1709228287809
8941269,8941269,movement,843,431,1709228287826
8941269,8941269,movement,844,430,1709228287859
8941269,8941269,movement,845,430,1709228287875
8941269,8941269,movement,847,430,1709228287942
8941269,8941269,movement,854,427,1709228287958
8941269,8941269,movement,861,426,1709228287975
8941269,8941269,movement,868,425,1709228287993
8941269,8941269,movement,875,424,1709228288008
8941269,8941269,movement,880,423,1709228288027
8941269,8941269,movement,885,423,1709228288044
8941269,8941269,movement,886,422,1709228288060
8941269,8941269,movement,887,422,1709228288077
8941269,8941269,movement,888,422,1709228288092
8941269,8941269,movement,889,422,1709228288109
8941269,8941269,movement,890,422,1709228288143
8941269,8941269,movement,891,422,1709228288159
8941269,8941269,movement,893,422,1709228288192
8941269,8941269,movement,894,422,1709228288225
8941269,8941269,movement,894,422,1709228288259
8941269,8941269,movement,895,422,1709228288308
8941269,8941269,movement,897,422,1709228288325
8941269,8941269,movement,898,422,1709228288341
8941269,8941269,movement,898,423,1709228288359
8941269,8941269,movement,900,423,1709228288375
8941269,8941269,movement,901,423,1709228288392
8941269,8941269,movement,902,423,1709228288426
8941269,8941269,movement,902,423,1709228288441
8941269,8941269,movement,903,423,1709228288476
8941269,8941269,movement,904,424,1709228288508
8941269,8941269,movement,905,424,1709228288528
8941269,8941269,movement,906,424,1709228290441
8941269,8941269,movement,906,424,1709228290656
8941269,8941269,movement,907,424,1709228291323
8941269,8941269,movement,908,424,1709228291522
8941269,8941269,movement,909,424,1709228291771
8941269,8941269,movement,910,424,1709228291823
8941269,8941269,movement,910,424,1709228291843
8941269,8941269,movement,910,425,1709228291872
8941269,8941269,movement,910,426,1709228293786
8941269,8941269,movement,910,429,1709228293804
8941269,8941269,movement,910,432,1709228293822
8941269,8941269,movement,910,437,1709228293836
8941269,8941269,movement,910,444,1709228293857
8941269,8941269,movement,911,451,1709228293870
8941269,8941269,movement,912,458,1709228293886
8941269,8941269,movement,913,464,1709228293904
8941269,8941269,movement,914,470,1709228293919
8941269,8941269,movement,914,474,1709228293939
8941269,8941269,movement,914,478,1709228293955
8941269,8941269,movement,914,482,1709228293971
8941269,8941269,movement,914,486,1709228293987
8941269,8941269,movement,914,488,1709228294002
8941269,8941269,movement,914,490,1709228294019
8941269,8941269,movement,914,491,1709228294037
8941269,8941269,movement,914,493,1709228294056
8941269,8941269,movement,914,494,1709228294073
8941269,8941269,movement,914,494,1709228294086
8941269,8941269,movement,914,495,1709228294103
8941269,8941269,movement,914,496,1709228294152
8941269,8941269,movement,914,497,1709228294186
8941269,8941269,movement,914,498,1709228294271
8941269,8941269,movement,914,498,1709228294287
8941269,8941269,movement,914,498,1709228294302
8941269,8941269,movement,913,499,1709228294338
8941269,8941269,movement,912,500,1709228294352
8941269,8941269,movement,912,501,1709228294370
8941269,8941269,movement,911,502,1709228294386
8941269,8941269,movement,911,502,1709228295552
8941269,8941269,movement,911,503,1709228295569
8941269,8941269,movement,912,502,1709228299817
8941269,8941269,movement,913,502,1709228299851
8941269,8941269,movement,913,502,1709228299864
8941269,8941269,movement,913,501,1709228299880
8941269,8941269,movement,913,500,1709228299897
8941269,8941269,movement,914,500,1709228299914
8941269,8941269,movement,914,499,1709228299930
8941269,8941269,movement,914,498,1709228299947
8941269,8941269,movement,915,498,1709228299998
8941269,8941269,movement,916,498,1709228300014
8941269,8941269,movement,917,498,1709228300064
8941269,8941269,movement,917,497,1709228300082
8941269,8941269,movement,918,497,1709228301163
8941269,8941269,movement,918,498,1709228301214
8941269,8941269,movement,918,498,1709228301330
8941269,8941269,movement,918,499,1709228301496
8941269,8941269,movement,918,500,1709228301547
8941269,8941269,movement,918,501,1709228303878
8941269,8941269,movement,918,502,1709228304244
8941269,8941269,movement,917,502,1709228315401
8941269,8941269,movement,917,502,1709228316532
8941269,8941269,movement,917,503,1709228316582
8941269,8941269,movement,917,502,1709228317098
8941269,8941269,movement,918,502,1709228317664
8941269,8941269,movement,918,502,1709228317698
8941269,8941269,movement,918,502,1709228317731
8941269,8941269,movement,919,502,1709228317898
8941269,8941269,movement,920,502,1709228317933
8941269,8941269,movement,920,503,1709228317981
8941269,8941269,movement,920,504,1709228318131
8941269,8941269,movement,920,505,1709228318164
8941269,8941269,movement,921,505,1709228318199
8941269,8941269,movement,921,506,1709228318248
8941269,8941269,movement,921,506,1709228318264
8941269,8941269,movement,921,507,1709228318282
8941269,8941269,movement,921,508,1709228318331
8941269,8941269,movement,921,509,1709228318397
8941269,8941269,movement,921,510,1709228318847
8941269,8941269,movement,921,510,1709228318996
8941269,8941269,movement,922,511,1709228319263
8941269,8941269,movement,922,512,1709228319315
8941269,8941269,movement,922,513,1709228319330
8941269,8941269,movement,922,515,1709228319363
8941269,8941269,movement,922,517,1709228319381
8941269,8941269,movement,923,518,1709228319396
8941269,8941269,movement,923,519,1709228319412
8941269,8941269,movement,924,519,1709228319429
8941269,8941269,movement,924,520,1709228319446
8941269,8941269,movement,925,522,1709228319464
8941269,8941269,movement,925,522,1709228319662
8941269,8941269,movement,925,523,1709228320095
8941269,8941269,movement,924,523,1709228320162
8941269,8941269,movement,924,524,1709228321012
8941269,8941269,movement,923,524,1709228321031
8941269,8941269,movement,923,525,1709228321261
8941269,8941269,movement,922,525,1709228321328
8941269,8941269,movement,922,526,1709228321361
8941269,8941269,movement,922,526,1709228321410
8941269,8941269,movement,922,526,1709228321478
8941269,8941269,movement,921,527,1709228321860
8941269,8941269,movement,920,527,1709228322926
8941269,8941269,movement,920,526,1709228322943
8941269,8941269,movement,919,526,1709228323192
8941269,8941269,movement,918,526,1709228323537
8941269,8941269,movement,918,527,1709228324979
8941269,8941269,movement,919,527,1709228324996
8941269,8941269,movement,918,527,1709228325358
8941269,8941269,movement,918,526,1709228325374
8941269,8941269,movement,918,526,1709228325391
8941269,8941269,movement,917,526,1709228325425
8941269,8941269,movement,917,525,1709228325458
8941269,8941269,movement,916,524,1709228325474
8941269,8941269,movement,915,523,1709228325507
8941269,8941269,movement,915,522,1709228325525
8941269,8941269,movement,915,521,1709228325540
8941269,8941269,movement,914,520,1709228325557
8941269,8941269,movement,914,519,1709228325589
8941269,8941269,movement,914,519,1709228325608
8941269,8941269,movement,914,518,1709228325641
8941269,8941269,movement,914,519,1709228326158
8941269,8941269,movement,914,520,1709228326316
8941269,8941269,movement,914,521,1709228326331
8941269,8941269,movement,914,522,1709228326379
8941269,8941269,movement,914,522,1709228326810
8941269,8941269,movement,914,523,1709228326826
8941269,8941269,movement,914,524,1709228326873
8941269,8941269,movement,914,525,1709228327324
8941269,8941269,movement,914,526,1709228327359
8941269,8941269,movement,913,526,1709228328006
8941269,8941269,movement,912,526,1709228328121
8941269,8941269,movement,912,527,1709228328139
8941269,8941269,movement,911,527,1709228328179
8941269,8941269,movement,910,529,1709228328261
8941269,8941269,movement,908,530,1709228328275
8941269,8941269,movement,903,529,1709228328290
8941269,8941269,movement,898,524,1709228328306
8941269,8941269,movement,891,518,1709228328321
8941269,8941269,movement,884,515,1709228328337
8941269,8941269,movement,872,510,1709228328356
8941269,8941269,movement,857,504,1709228328374
8941269,8941269,movement,837,498,1709228328392
8941269,8941269,movement,811,490,1709228328404
8941269,8941269,movement,755,470,1709228328421
8941269,8941269,movement,710,463,1709228328440
8941269,8941269,movement,665,458,1709228328455
8941269,8941269,movement,618,450,1709228328472
8941269,8941269,movement,593,441,1709228328490
8941269,8941269,movement,579,432,1709228328504
8941269,8941269,movement,570,424,1709228328520
8941269,8941269,movement,558,415,1709228328537
8941269,8941269,movement,539,402,1709228328553
8941269,8941269,movement,526,393,1709228328571
8941269,8941269,movement,511,384,1709228328588
8941269,8941269,movement,497,376,1709228328605
8941269,8941269,movement,475,363,1709228328623
8941269,8941269,movement,462,357,1709228328637
8941269,8941269,movement,453,352,1709228328653
8941269,8941269,movement,446,350,1709228328671
8941269,8941269,movement,433,348,1709228328687
8941269,8941269,movement,415,346,1709228328706
8941269,8941269,movement,394,343,1709228328722
8941269,8941269,movement,370,340,1709228328737
8941269,8941269,movement,346,334,1709228328754
8941269,8941269,movement,324,329,1709228328771
8941269,8941269,movement,310,327,1709228328787
8941269,8941269,movement,294,325,1709228328804
8941269,8941269,movement,278,320,1709228328820
8941269,8941269,movement,262,313,1709228328837
8941269,8941269,movement,247,304,1709228328855
8941269,8941269,movement,237,298,1709228328874
8941269,8941269,movement,228,288,1709228328887
8941269,8941269,movement,225,283,1709228328907
8941269,8941269,movement,224,280,1709228328923
8941269,8941269,movement,224,277,1709228328937
8941269,8941269,movement,224,273,1709228328956
8941269,8941269,movement,226,268,1709228328971
8941269,8941269,movement,229,260,1709228328987
8941269,8941269,movement,233,252,1709228329003
8941269,8941269,movement,235,246,1709228329020
8941269,8941269,movement,238,238,1709228329037
8941269,8941269,movement,242,231,1709228329054
8941269,8941269,movement,245,228,1709228329071
8941269,8941269,movement,250,223,1709228329087
8941269,8941269,movement,257,220,1709228329106
8941269,8941269,movement,264,217,1709228329137
8941269,8941269,movement,272,214,1709228329145
8941269,8941269,movement,273,213,1709228329154
8941269,8941269,movement,274,212,1709228329175
8941269,8941269,movement,274,212,1709228329190
8941269,8941269,movement,274,213,1709228329274
8941269,8941269,movement,274,214,1709228329289
8941269,8941269,movement,274,214,1709228329307
8941269,8941269,movement,274,215,1709228329322
8941269,8941269,movement,274,216,1709228329338
8941269,8941269,movement,274,217,1709228329354
8941269,8941269,movement,274,218,1709228329386
8941269,8941269,movement,275,218,1709228329405
8941269,8941269,movement,275,218,1709228329422
8941269,8941269,movement,276,219,1709228329437
8941269,8941269,movement,277,219,1709228329471
8941269,8941269,mousedown,277,219,1709228329626
8941269,8941269,mouseup,277,219,1709228329818
8941269,8941269,movement,278,228,1709228329930
8941269,8941269,movement,278,230,1709228330059
8941269,8941269,movement,278,230,1709228330138
8941269,8941269,singleclick,278,230,1709228329820
8941269,8941269,movement,278,231,1709228330303
8941269,8941269,movement,279,232,1709228330333
8941269,8941269,movement,280,232,1709228330351
8941269,8941269,movement,281,233,1709228330355
8941269,8941269,movement,284,235,1709228330373
8941269,8941269,movement,286,236,1709228330384
8941269,8941269,movement,295,240,1709228330402
8941269,8941269,movement,308,244,1709228330422
8941269,8941269,movement,318,248,1709228330430
8941269,8941269,movement,351,264,1709228330458
8941269,8941269,movement,398,293,1709228330479
8941269,8941269,movement,434,324,1709228330506
8941269,8941269,movement,494,393,1709228330567
8941269,8941269,movement,505,406,1709228330581
8941269,8941269,movement,510,411,1709228330588
8941269,8941269,movement,519,422,1709228330608
8941269,8941269,movement,525,429,1709228330619
8941269,8941269,movement,528,432,1709228330630
8941269,8941269,movement,529,434,1709228330634
8941269,8941269,movement,532,438,1709228330656
8941269,8941269,movement,536,442,1709228330668
8941269,8941269,movement,537,445,1709228330685
8941269,8941269,movement,538,446,1709228330702
8941269,8941269,movement,539,449,1709228330718
8941269,8941269,movement,540,450,1709228330739
8941269,8941269,movement,541,452,1709228330761
8941269,8941269,movement,542,454,1709228330791
8941269,8941269,movement,542,454,1709228330827
8941269,8941269,movement,542,455,1709228330847
8941269,8941269,movement,542,456,1709228330896
8941269,8941269,movement,542,457,1709228330915
8941269,8941269,movement,542,458,1709228330924
8941269,8941269,movement,542,458,1709228330951
8941269,8941269,movement,542,459,1709228330969
8941269,8941269,movement,543,462,1709228330991
8941269,8941269,movement,546,466,1709228331004
8941269,8941269,movement,550,473,1709228331024
8941269,8941269,movement,556,481,1709228331035
8941269,8941269,movement,562,488,1709228331056
8941269,8941269,movement,569,497,1709228331072
8941269,8941269,movement,574,503,1709228331091
8941269,8941269,movement,578,510,1709228331104
8941269,8941269,movement,579,510,1709228331119
8941269,8941269,movement,582,514,1709228331140
8941269,8941269,movement,583,516,1709228331152
8941269,8941269,movement,584,517,1709228331170
8941269,8941269,movement,585,518,1709228331185
8941269,8941269,movement,585,519,1709228331201
8941269,8941269,movement,586,519,1709228331276
8941269,8941269,movement,586,518,1709228331320
8941269,8941269,movement,586,518,1709228331336
8941269,8941269,movement,586,517,1709228331376
8941269,8941269,movement,586,516,1709228331460
8941269,8941269,mousedown,586,516,1709228332120
8941269,8941269,mouseup,586,516,1709228332263
8941269,8941269,movement,586,514,1709228332447
8941269,8941269,movement,586,513,1709228332617
8941269,8941269,singleclick,586,513,1709228332274
8941269,8941269,movement,586,512,1709228332794
8941269,8941269,movement,586,511,1709228332834
8941269,8941269,movement,586,510,1709228332851
8941269,8941269,movement,588,510,1709228332866
8941269,8941269,movement,590,510,1709228332883
8941269,8941269,movement,590,511,1709228332900
8941269,8941269,movement,593,513,1709228332917
8941269,8941269,movement,596,516,1709228332933
8941269,8941269,movement,600,519,1709228332950
8941269,8941269,movement,604,522,1709228332967
8941269,8941269,movement,608,523,1709228332984
8941269,8941269,movement,613,525,1709228333000
8941269,8941269,movement,619,526,1709228333019
8941269,8941269,movement,623,527,1709228333033
8941269,8941269,movement,628,528,1709228333054
8941269,8941269,movement,632,528,1709228333068
8941269,8941269,movement,636,529,1709228333082
8941269,8941269,movement,638,529,1709228333100
8941269,8941269,movement,641,529,1709228333117
8941269,8941269,movement,642,529,1709228333132
8941269,8941269,movement,645,529,1709228333150
8941269,8941269,movement,647,527,1709228333166
8941269,8941269,movement,650,526,1709228333183
8941269,8941269,movement,655,522,1709228333200
8941269,8941269,movement,658,520,1709228333217
8941269,8941269,movement,660,520,1709228333233
8941269,8941269,movement,662,518,1709228333250
8941269,8941269,movement,663,516,1709228333266
8941269,8941269,movement,669,513,1709228333289
8941269,8941269,movement,676,510,1709228333311
8941269,8941269,movement,680,508,1709228333352
8941269,8941269,movement,681,508,1709228333365
8941269,8941269,movement,682,508,1709228333381
8941269,8941269,movement,685,508,1709228333398
8941269,8941269,movement,688,507,1709228333416
8941269,8941269,movement,690,507,1709228333432
8941269,8941269,movement,693,507,1709228333450
8941269,8941269,movement,696,507,1709228333467
8941269,8941269,movement,700,507,1709228333482
8941269,8941269,movement,702,507,1709228333499
8941269,8941269,movement,704,507,1709228333516
8941269,8941269,movement,709,507,1709228333536
8941269,8941269,movement,714,507,1709228333558
8941269,8941269,movement,719,509,1709228333584
8941269,8941269,movement,720,509,1709228333598
8941269,8941269,movement,722,509,1709228333615
8941269,8941269,movement,723,510,1709228333632
8941269,8941269,movement,724,510,1709228333648
8941269,8941269,movement,726,510,1709228333667
8941269,8941269,movement,728,510,1709228333683
8941269,8941269,movement,731,510,1709228333700
8941269,8941269,movement,734,510,1709228333716
8941269,8941269,movement,736,510,1709228333732
8941269,8941269,movement,738,510,1709228333749
8941269,8941269,movement,739,510,1709228333766
8941269,8941269,movement,740,510,1709228333783
8941269,8941269,movement,741,510,1709228333799
8941269,8941269,movement,742,510,1709228333816
8941269,8941269,movement,749,511,1709228333846
8941269,8941269,movement,750,511,1709228333858
8941269,8941269,movement,752,511,1709228333866
8941269,8941269,movement,753,511,1709228333882
8941269,8941269,movement,754,511,1709228333903
8941269,8941269,movement,754,512,1709228334073
8941269,8941269,movement,754,513,1709228334093
8941269,8941269,movement,754,513,1709228334142
8941269,8941269,movement,755,513,1709228334186
8941269,8941269,movement,755,514,1709228334623
8941269,8941269,movement,756,514,1709228335014
8941269,8941269,movement,756,514,1709228335766
8941269,8941269,movement,756,515,1709228336071
8941269,8941269,movement,756,516,1709228336092
8941269,8941269,movement,757,517,1709228336118
8941269,8941269,movement,758,518,1709228336170
8941269,8941269,movement,758,518,1709228336247
8941269,8941269,movement,758,518,1709228336515
8941269,8941269,movement,758,519,1709228337108
8941269,8941269,movement,758,520,1709228337168
8941269,8941269,movement,758,521,1709228337270
8941269,8941269,movement,758,522,1709228338045
8941269,8941269,movement,758,522,1709228338579
8941269,8941269,movement,758,523,1709228338661
8941269,8941269,movement,758,525,1709228338684
8941269,8941269,movement,758,526,1709228338732
8941269,8941269,movement,758,527,1709228338782
8941269,8941269,movement,758,528,1709228339350
8941269,8941269,movement,759,529,1709228339369
8941269,8941269,movement,760,530,1709228339402
8941269,8941269,movement,761,530,1709228339418
8941269,8941269,movement,762,530,1709228339428
8941269,8941269,movement,763,531,1709228339465
8941269,8941269,movement,764,532,1709228339481
8941269,8941269,movement,766,532,1709228339499
8941269,8941269,movement,766,533,1709228339515
8941269,8941269,movement,768,534,1709228339532
8941269,8941269,movement,771,537,1709228339548
8941269,8941269,movement,771,538,1709228339562
8941269,8941269,movement,775,542,1709228339578
8941269,8941269,movement,777,542,1709228339595
8941269,8941269,movement,778,544,1709228339614
8941269,8941269,movement,778,545,1709228339628
8941269,8941269,movement,780,546,1709228339645
8941269,8941269,movement,782,547,1709228339660
8941269,8941269,movement,782,548,1709228339677
8941269,8941269,movement,783,549,1709228339694
8941269,8941269,movement,784,550,1709228339711
8941269,8941269,movement,785,550,1709228339744
8941269,8941269,movement,786,550,1709228339760
8941269,8941269,movement,786,550,1709228339777
8941269,8941269,movement,786,551,1709228339810
8941269,8941269,movement,786,552,1709228339843
8941269,8941269,movement,786,553,1709228339893
8941269,8941269,movement,786,554,1709228339948
8941269,8941269,movement,785,554,1709228341674
8941269,8941269,movement,784,554,1709228348602
8941269,8941269,movement,784,555,1709228348619
8941269,8941269,movement,784,556,1709228348637
8941269,8941269,movement,783,558,1709228348669
8941269,8941269,movement,783,560,1709228348686
8941269,8941269,movement,782,562,1709228348702
8941269,8941269,movement,781,566,1709228348719
8941269,8941269,movement,780,571,1709228348735
8941269,8941269,movement,779,575,1709228348753
8941269,8941269,movement,778,579,1709228348768
8941269,8941269,movement,777,583,1709228348785
8941269,8941269,movement,775,587,1709228348802
8941269,8941269,movement,774,592,1709228348819
8941269,8941269,movement,772,594,1709228348837
8941269,8941269,movement,770,596,1709228348853
8941269,8941269,movement,770,598,1709228348869
8941269,8941269,movement,769,599,1709228348885
8941269,8941269,movement,768,600,1709228348902
8941269,8941269,movement,768,601,1709228348919
8941269,8941269,movement,766,603,1709228348936
8941269,8941269,movement,766,605,1709228348953
8941269,8941269,movement,763,607,1709228348969
8941269,8941269,movement,762,610,1709228348985
8941269,8941269,movement,759,611,1709228349002
8941269,8941269,movement,757,615,1709228349019
8941269,8941269,movement,754,619,1709228349035
8941269,8941269,movement,752,623,1709228349052
8941269,8941269,movement,750,626,1709228349069
8941269,8941269,movement,748,629,1709228349085
8941269,8941269,movement,747,630,1709228349102
8941269,8941269,movement,746,630,1709228349118
8941269,8941269,movement,745,634,1709228349134
8941269,8941269,movement,743,634,1709228349152
8941269,8941269,movement,742,635,1709228349168
8941269,8941269,movement,740,636,1709228349184
8941269,8941269,movement,739,638,1709228349203
8941269,8941269,movement,738,638,1709228349220
8941269,8941269,movement,735,641,1709228349234
8941269,8941269,movement,734,642,1709228349251
8941269,8941269,movement,733,642,1709228349268
8941269,8941269,movement,732,644,1709228349285
8941269,8941269,movement,731,644,1709228349303
8941269,8941269,movement,730,645,1709228349318
8941269,8941269,movement,730,646,1709228349335
8941269,8941269,movement,730,645,1709228349553
8941269,8941269,movement,731,645,1709228349569
8941269,8941269,movement,732,644,1709228349584
8941269,8941269,movement,732,643,1709228349601
8941269,8941269,movement,733,643,1709228349636
8941269,8941269,movement,734,643,1709228349668
8941269,8941269,movement,734,642,1709228349702
8941269,8941269,movement,734,642,1709228349718
8941269,8941269,movement,735,642,1709228349734
8941269,8941269,movement,735,641,1709228349751
8941269,8941269,movement,736,641,1709228349768
8941269,8941269,movement,736,640,1709228349802
8941269,8941269,movement,737,639,1709228350284
8941269,8941269,movement,738,639,1709228350551
8941269,8941269,movement,738,638,1709228350684
8941269,8941269,movement,738,638,1709228351841
8941269,8941269,movement,738,638,1709228351868
8941269,8941269,movement,739,638,1709228351890
8941269,8941269,movement,740,637,1709228351900
8941269,8941269,movement,741,637,1709228351920
8941269,8941269,movement,742,636,1709228351940
8941269,8941269,movement,742,635,1709228351952
8941269,8941269,movement,742,634,1709228351966
8941269,8941269,movement,743,634,1709228351984
8941269,8941269,movement,744,633,1709228351999
8941269,8941269,movement,744,632,1709228352050
8941269,8941269,movement,744,631,1709228352082
8941269,8941269,movement,745,631,1709228352148
8941269,8941269,movement,745,630,1709228352166
8941269,8941269,movement,746,630,1709228352182
8941269,8941269,movement,746,628,1709228352198
8941269,8941269,movement,746,627,1709228352215
8941269,8941269,movement,747,626,1709228352231
8941269,8941269,movement,748,626,1709228352248
8941269,8941269,movement,748,625,1709228352267
8941269,8941269,movement,749,624,1709228352283
8941269,8941269,movement,749,623,1709228352299
8941269,8941269,movement,750,623,1709228352316
8941269,8941269,movement,750,622,1709228352333
8941269,8941269,movement,750,622,1709228352349
8941269,8941269,movement,750,621,1709228352415
8941269,8941269,movement,750,620,1709228352707
8941269,8941269,movement,750,619,1709228352722
8941269,8941269,movement,750,618,1709228352738
8941269,8941269,movement,750,618,1709228352754
8941269,8941269,movement,750,615,1709228352773
8941269,8941269,movement,751,614,1709228352788
8941269,8941269,movement,751,613,1709228352805
8941269,8941269,movement,752,610,1709228352821
8941269,8941269,movement,752,609,1709228352838
8941269,8941269,movement,752,608,1709228352848
8941269,8941269,movement,752,607,1709228352882
8941269,8941269,movement,752,606,1709228352898
8941269,8941269,movement,752,604,1709228352914
8941269,8941269,movement,752,602,1709228352931
8941269,8941269,movement,752,598,1709228352947
8941269,8941269,movement,752,593,1709228352964
8941269,8941269,movement,752,588,1709228352983
8941269,8941269,movement,752,581,1709228353000
8941269,8941269,movement,752,566,1709228353020
8941269,8941269,movement,752,558,1709228353032
8941269,8941269,movement,752,550,1709228353047
8941269,8941269,movement,752,542,1709228353065
8941269,8941269,movement,753,536,1709228353081
8941269,8941269,movement,753,533,1709228353099
8941269,8941269,movement,753,530,1709228353116
8941269,8941269,movement,753,530,1709228353132
8941269,8941269,mousedown,753,530,1709228353141
8941269,8941269,movement,752,529,1709228353230
8941269,8941269,movement,752,527,1709228353247
8941269,8941269,movement,752,526,1709228353263
8941269,8941269,movement,752,526,1709228353274
8941269,8941269,mouseup,752,526,1709228353275
8941269,8941269,contextmenu,752,526,1709228353277
8941269,8941269,movement,753,526,1709228353313
8941269,8941269,movement,862,137,1709228354902
8941269,8941269,movement,862,139,1709228354916
8941269,8941269,movement,860,142,1709228354936
8941269,8941269,movement,860,145,1709228354950
8941269,8941269,movement,858,147,1709228354965
8941269,8941269,movement,858,148,1709228354983
8941269,8941269,movement,858,150,1709228354998
8941269,8941269,movement,857,151,1709228355016
8941269,8941269,movement,856,152,1709228355032
8941269,8941269,movement,855,154,1709228355048
8941269,8941269,movement,854,158,1709228355064
8941269,8941269,movement,853,163,1709228355080
8941269,8941269,movement,851,169,1709228355096
8941269,8941269,movement,850,176,1709228355116
8941269,8941269,movement,849,183,1709228355131
8941269,8941269,movement,849,191,1709228355147
8941269,8941269,movement,849,202,1709228355163
8941269,8941269,movement,849,222,1709228355185
8941269,8941269,movement,850,243,1709228355205
8941269,8941269,movement,851,252,1709228355228
8941269,8941269,movement,853,271,1709228355231
8941269,8941269,movement,855,290,1709228355245
8941269,8941269,movement,855,309,1709228355266
8941269,8941269,movement,858,336,1709228355284
8941269,8941269,movement,859,352,1709228355297
8941269,8941269,movement,861,365,1709228355317
8941269,8941269,movement,863,376,1709228355330
8941269,8941269,movement,865,387,1709228355347
8941269,8941269,movement,865,398,1709228355362
8941269,8941269,movement,865,407,1709228355378
8941269,8941269,movement,865,414,1709228355395
8941269,8941269,movement,865,423,1709228355411
8941269,8941269,movement,865,430,1709228355428
8941269,8941269,movement,864,435,1709228355446
8941269,8941269,movement,863,440,1709228355461
8941269,8941269,movement,863,444,1709228355480
8941269,8941269,movement,863,448,1709228355495
8941269,8941269,movement,863,450,1709228355511
8941269,8941269,movement,863,453,1709228355528
8941269,8941269,movement,863,454,1709228355546
8941269,8941269,movement,864,455,1709228355561
8941269,8941269,movement,866,458,1709228355578
8941269,8941269,movement,866,459,1709228355599
8941269,8941269,movement,868,460,1709228355612
8941269,8941269,movement,870,461,1709228355628
8941269,8941269,movement,870,462,1709228355646
8941269,8941269,movement,872,462,1709228355663
8941269,8941269,movement,873,462,1709228355679
8941269,8941269,movement,874,463,1709228355698
8941269,8941269,movement,874,463,1709228355715
8941269,8941269,movement,874,463,1709228355863
8941269,8941269,movement,869,462,1709228355879
8941269,8941269,movement,845,452,1709228355895
8941269,8941269,movement,815,438,1709228355912
8941269,8941269,movement,787,423,1709228355928
8941269,8941269,movement,766,410,1709228355945
8941269,8941269,movement,746,397,1709228355961
8941269,8941269,movement,726,385,1709228355979
8941269,8941269,movement,722,382,1709228355995
8941269,8941269,movement,720,381,1709228356011
8941269,8941269,movement,719,381,1709228356027
8941269,8941269,movement,719,382,1709228356095
8941269,8941269,movement,722,386,1709228356111
8941269,8941269,movement,725,391,1709228356127
8941269,8941269,movement,728,395,1709228356144
8941269,8941269,movement,731,400,1709228356161
8941269,8941269,movement,734,405,1709228356177
8941269,8941269,movement,738,410,1709228356198
8941269,8941269,movement,741,411,1709228356212
8941269,8941269,movement,744,413,1709228356229
8941269,8941269,movement,749,415,1709228356245
8941269,8941269,movement,758,419,1709228356261
8941269,8941269,movement,768,422,1709228356279
8941269,8941269,movement,781,426,1709228356294
8941269,8941269,movement,794,430,1709228356311
8941269,8941269,movement,805,432,1709228356328
8941269,8941269,movement,811,434,1709228356343
8941269,8941269,movement,814,434,1709228356362
8941269,8941269,movement,814,435,1709228356411
8941269,8941269,movement,814,435,1709228356427
8941269,8941269,movement,814,436,1709228357179
8941269,8941269,movement,814,436,1709228357200
8941269,8941269,movement,813,436,1709228357294
8941269,8941269,movement,812,436,1709228358294
8941269,8941269,movement,810,437,1709228358449
8941269,8941269,movement,807,437,1709228358468
8941269,8941269,movement,806,437,1709228358479
8941269,8941269,movement,801,437,1709228358495
8941269,8941269,movement,796,437,1709228358516
8941269,8941269,movement,784,436,1709228358526
8941269,8941269,movement,763,431,1709228358548
8941269,8941269,movement,733,425,1709228358561
8941269,8941269,movement,674,411,1709228358580
8941269,8941269,movement,634,401,1709228358592
8941269,8941269,movement,591,393,1709228358611
8941269,8941269,movement,542,379,1709228358626
8941269,8941269,movement,510,365,1709228358644
8941269,8941269,movement,494,355,1709228358660
8941269,8941269,movement,490,352,1709228358677
8941269,8941269,movement,485,350,1709228358693
8941269,8941269,movement,481,347,1709228358710
8941269,8941269,movement,470,342,1709228358727
8941269,8941269,movement,462,336,1709228358742
8941269,8941269,movement,449,326,1709228358759
8941269,8941269,movement,437,318,1709228358776
8941269,8941269,movement,425,309,1709228358793
8941269,8941269,movement,410,297,1709228358809
8941269,8941269,movement,406,294,1709228358826
8941269,8941269,movement,400,290,1709228358842
8941269,8941269,movement,390,285,1709228358859
8941269,8941269,movement,382,279,1709228358875
8941269,8941269,movement,377,275,1709228358893
8941269,8941269,movement,373,273,1709228358909
8941269,8941269,movement,371,271,1709228358925
8941269,8941269,movement,370,270,1709228358943
8941269,8941269,movement,373,270,1709228359008
8941269,8941269,movement,377,272,1709228359025
8941269,8941269,movement,381,273,1709228359042
8941269,8941269,movement,391,279,1709228359061
8941269,8941269,movement,402,285,1709228359076
8941269,8941269,movement,410,290,1709228359092
8941269,8941269,movement,418,295,1709228359108
8941269,8941269,movement,426,301,1709228359125
8941269,8941269,movement,434,306,1709228359142
8941269,8941269,movement,446,314,1709228359159
8941269,8941269,movement,452,318,1709228359176
8941269,8941269,movement,456,321,1709228359192
8941269,8941269,movement,466,328,1709228359216
8941269,8941269,movement,468,330,1709228359226
8941269,8941269,movement,470,331,1709228359241
8941269,8941269,movement,473,333,1709228359258
8941269,8941269,movement,474,334,1709228359274
8941269,8941269,movement,474,335,1709228359291
8941269,8941269,movement,476,336,1709228359308
8941269,8941269,movement,477,337,1709228359326
8941269,8941269,movement,477,338,1709228359341
8941269,8941269,movement,478,338,1709228359365
8941269,8941269,movement,478,339,1709228359391
8941269,8941269,movement,478,339,1709228359441
8941269,8941269,movement,476,339,1709228359458
8941269,8941269,movement,474,339,1709228359475
8941269,8941269,movement,471,339,1709228359493
8941269,8941269,movement,468,339,1709228359510
8941269,8941269,movement,463,339,1709228359526
8941269,8941269,movement,458,339,1709228359541
8941269,8941269,movement,446,339,1709228359557
8941269,8941269,movement,439,339,1709228359575
8941269,8941269,movement,434,339,1709228359592
8941269,8941269,movement,431,339,1709228359609
8941269,8941269,movement,430,339,1709228359626
8941269,8941269,movement,432,339,1709228359741
8941269,8941269,movement,434,339,1709228359774
8941269,8941269,movement,435,341,1709228359792
8941269,8941269,movement,438,342,1709228359808
8941269,8941269,movement,442,343,1709228359824
8941269,8941269,movement,445,346,1709228359842
8941269,8941269,movement,448,347,1709228359860
8941269,8941269,movement,450,348,1709228359875
8941269,8941269,movement,454,350,1709228359892
8941269,8941269,movement,457,351,1709228359908
8941269,8941269,movement,459,352,1709228359924
8941269,8941269,movement,461,354,1709228359940
8941269,8941269,movement,462,354,1709228359957
8941269,8941269,movement,462,354,1709228359973
8941269,8941269,movement,462,354,1709228360040
8941269,8941269,movement,460,354,1709228360057
8941269,8941269,movement,458,354,1709228360073
8941269,8941269,movement,454,353,1709228360090
8941269,8941269,movement,448,351,1709228360107
8941269,8941269,movement,437,347,1709228360124
8941269,8941269,movement,426,343,1709228360140
8941269,8941269,movement,411,337,1709228360157
8941269,8941269,movement,390,330,1709228360174
8941269,8941269,movement,371,324,1709228360190
8941269,8941269,movement,355,315,1709228360208
8941269,8941269,movement,342,306,1709228360225
8941269,8941269,movement,327,296,1709228360243
8941269,8941269,movement,312,284,1709228360258
8941269,8941269,movement,305,279,1709228360273
8941269,8941269,movement,300,276,1709228360291
8941269,8941269,movement,296,274,1709228360307
8941269,8941269,movement,293,272,1709228360332
8941269,8941269,movement,292,271,1709228360342
8941269,8941269,movement,290,269,1709228360356
8941269,8941269,movement,289,267,1709228360373
8941269,8941269,movement,288,263,1709228360392
8941269,8941269,movement,286,262,1709228360406
8941269,8941269,movement,286,259,1709228360424
8941269,8941269,movement,286,256,1709228360440
8941269,8941269,movement,285,253,1709228360459
8941269,8941269,movement,285,250,1709228360474
8941269,8941269,movement,283,246,1709228360490
8941269,8941269,movement,282,241,1709228360508
8941269,8941269,movement,281,236,1709228360534
8941269,8941269,movement,280,234,1709228360541
8941269,8941269,movement,279,230,1709228360561
8941269,8941269,movement,279,226,1709228360579
8941269,8941269,movement,279,225,1709228360597
8941269,8941269,movement,279,222,1709228360630
8941269,8941269,movement,280,222,1709228360645
8941269,8941269,movement,280,222,1709228360711
8941269,8941269,mousedown,280,222,1709228360907
8941269,8941269,mouseup,280,222,1709228361028
8941269,8941269,movement,281,222,1709228361105
8941269,8941269,movement,287,232,1709228361182
8941269,8941269,movement,322,273,1709228361215
8941269,8941269,movement,401,353,1709228361318
8941269,8941269,movement,402,335,1709228361393
8941269,8941269,movement,405,317,1709228361409
8941269,8941269,movement,406,305,1709228361415
8941269,8941269,movement,409,292,1709228361431
8941269,8941269,movement,411,258,1709228361447
8941269,8941269,movement,414,238,1709228361453
8941269,8941269,singleclick,414,238,1709228361030
8941269,8941269,movement,415,136,1709228361484
8941269,8941269,movement,503,158,1709228366327
8941269,8941269,movement,516,204,1709228366342
8941269,8941269,movement,522,229,1709228366346
8941269,8941269,movement,529,253,1709228366368
8941269,8941269,movement,545,327,1709228366383
8941269,8941269,movement,560,402,1709228366403
8941269,8941269,movement,570,476,1709228366430
8941269,8941269,movement,572,502,1709228366451
8941269,8941269,movement,574,524,1709228366466
8941269,8941269,movement,576,534,1709228366472
8941269,8941269,movement,578,549,1709228366489
8941269,8941269,movement,580,562,1709228366504
8941269,8941269,movement,582,572,1709228366520
8941269,8941269,movement,585,582,1709228366541
8941269,8941269,movement,587,587,1709228366551
8941269,8941269,movement,590,591,1709228366575
8941269,8941269,movement,593,595,1709228366589
8941269,8941269,movement,594,598,1709228366604
8941269,8941269,movement,598,602,1709228366619
8941269,8941269,movement,604,606,1709228366638
8941269,8941269,movement,609,610,1709228366652
8941269,8941269,movement,613,614,1709228366674
8941269,8941269,movement,614,615,1709228366685
8941269,8941269,movement,614,617,1709228366702
8941269,8941269,movement,615,618,1709228366719
8941269,8941269,movement,615,618,1709228366735
8941269,8941269,movement,615,619,1709228366752
8941269,8941269,movement,615,620,1709228366774
8941269,8941269,movement,615,621,1709228366801
8941269,8941269,movement,615,622,1709228366817
8941269,8941269,movement,615,622,1709228366844
8941269,8941269,movement,615,623,1709228366875
8941269,8941269,movement,614,624,1709228366912
8941269,8941269,movement,614,624,1709228366935
8941269,8941269,movement,614,625,1709228366956
8941269,8941269,movement,612,625,1709228367047
8941269,8941269,movement,611,625,1709228367067
8941269,8941269,movement,610,625,1709228367087
8941269,8941269,movement,610,625,1709228367102
8941269,8941269,movement,609,625,1709228367123
8941269,8941269,movement,608,625,1709228367165
8941269,8941269,movement,608,624,1709228367195
8941269,8941269,movement,608,623,1709228367219
8941269,8941269,movement,608,622,1709228367226
8941269,8941269,movement,608,622,1709228367234
8941269,8941269,movement,609,621,1709228367251
8941269,8941269,movement,610,619,1709228367271
8941269,8941269,movement,610,618,1709228367292
8941269,8941269,movement,611,618,1709228367303
8941269,8941269,movement,613,617,1709228367319
8941269,8941269,movement,613,616,1709228367334
8941269,8941269,movement,614,615,1709228367351
8941269,8941269,movement,615,614,1709228367369
8941269,8941269,movement,617,614,1709228367385
8941269,8941269,movement,619,614,1709228367401
8941269,8941269,movement,622,614,1709228367419
8941269,8941269,movement,631,614,1709228367436
8941269,8941269,movement,645,618,1709228367452
8941269,8941269,movement,662,621,1709228367471
8941269,8941269,movement,694,625,1709228367484
8941269,8941269,movement,714,628,1709228367502
8941269,8941269,movement,734,631,1709228367519
8941269,8941269,movement,750,636,1709228367535
8941269,8941269,movement,767,638,1709228367556
8941269,8941269,movement,788,646,1709228367572
8941269,8941269,movement,808,650,1709228367591
8941269,8941269,movement,838,657,1709228367612
8941269,8941269,movement,842,657,1709228367620
8941269,8941269,movement,846,657,1709228367635
8941269,8941269,movement,847,657,1709228367653
8941269,8941269,movement,848,657,1709228367668
8941269,8941269,movement,849,656,1709228367692
8941269,8941269,movement,850,656,1709228367805
8941269,8941269,movement,850,658,1709228367840
8941269,8941269,movement,850,659,1709228367859
8941269,8941269,movement,850,662,1709228367867
8941269,8941269,movement,850,662,1709228367871
8941269,8941269,movement,850,666,1709228367884
8941269,8941269,movement,850,672,1709228367901
8941269,8941269,movement,851,683,1709228367922
8941269,8941269,movement,852,687,1709228367933
8941269,8941269,movement,854,699,1709228367956
8941269,8941269,movement,855,706,1709228367971
8941269,8941269,movement,857,714,1709228367984
8941269,8941269,movement,858,718,1709228368000
8941269,8941269,movement,858,722,1709228368022
8941269,8941269,movement,858,725,1709228368033
8941269,8941269,movement,858,727,1709228368050
8941269,8941269,movement,857,729,1709228368073
8941269,8941269,movement,857,730,1709228368084
8941269,8941269,movement,857,731,1709228368101
8941269,8941269,movement,857,730,1709228368224
8941269,8941269,movement,857,730,1709228368236
8941269,8941269,movement,857,719,1709228368259
8941269,8941269,movement,858,688,1709228368279
8941269,8941269,movement,870,653,1709228368296
8941269,8941269,movement,878,630,1709228368309
8941269,8941269,movement,936,534,1709228368327
8941269,8941269,movement,1015,446,1709228368357
8941269,8941269,movement,1160,374,1709228368379
8941269,8941269,movement,1259,348,1709228368409
8941269,8941269,movement,1318,337,1709228368426
8941269,8941269,movement,1370,329,1709228368437
8941269,8941269,movement,1406,324,1709228368458
8941269,8941269,movement,1445,320,1709228368479
8941269,8941269,movement,1448,319,1709228368493
8941269,8941269,movement,1456,318,1709228368502
8941269,8941269,movement,1462,318,1709228368519
8941269,8941269,movement,1466,317,1709228368534
8941269,8941269,movement,1470,315,1709228368554
8941269,8941269,movement,1474,314,1709228368568
8941269,8941269,movement,1477,314,1709228368589
8941269,8941269,movement,1478,312,1709228368601
8941269,8941269,movement,1478,311,1709228368618
8941269,8941269,movement,1478,310,1709228368654
8941269,8941269,movement,1478,310,1709228368668
8941269,8941269,movement,1478,308,1709228368687
8941269,8941269,movement,1476,307,1709228368704
8941269,8941269,movement,1470,303,1709228368723
8941269,8941269,movement,1465,300,1709228368736
8941269,8941269,movement,1460,296,1709228368753
8941269,8941269,movement,1454,293,1709228368769
8941269,8941269,movement,1446,289,1709228368786
8941269,8941269,movement,1441,285,1709228368805
8941269,8941269,movement,1433,278,1709228368825
8941269,8941269,movement,1429,274,1709228368837
8941269,8941269,movement,1428,274,1709228368851
8941269,8941269,movement,1425,270,1709228368867
8941269,8941269,movement,1423,265,1709228368885
8941269,8941269,movement,1422,262,1709228368899
8941269,8941269,movement,1419,259,1709228368918
8941269,8941269,movement,1418,257,1709228368935
8941269,8941269,movement,1418,254,1709228368952
8941269,8941269,movement,1418,252,1709228368969
8941269,8941269,movement,1418,249,1709228368986
8941269,8941269,movement,1418,246,1709228369006
8941269,8941269,movement,1418,242,1709228369029
8941269,8941269,movement,1418,241,1709228369042
8941269,8941269,movement,1418,240,1709228369052
8941269,8941269,movement,1418,238,1709228369066
8941269,8941269,movement,1420,236,1709228369083
8941269,8941269,movement,1420,235,1709228369100
8941269,8941269,movement,1420,234,1709228369118
8941269,8941269,movement,1420,233,1709228369133
8941269,8941269,movement,1420,232,1709228369150
8941269,8941269,movement,1421,230,1709228369185
8941269,8941269,movement,1421,230,1709228369202
8941269,8941269,movement,1421,227,1709228369220
8941269,8941269,movement,1422,226,1709228369232
8941269,8941269,movement,1422,225,1709228369250
8941269,8941269,movement,1422,224,1709228369266
8941269,8941269,mousedown,1422,224,1709228369319
8941269,8941269,mouseup,1422,224,1709228369470
8941269,8941269,movement,1422,225,1709228369631
8941269,8941269,movement,1421,225,1709228369638
8941269,8941269,movement,1420,226,1709228369661
8941269,8941269,movement,1419,226,1709228369668
8941269,8941269,movement,1418,226,1709228369684
8941269,8941269,movement,1417,228,1709228369699
8941269,8941269,movement,1413,230,1709228369715
8941269,8941269,movement,1410,232,1709228369733
8941269,8941269,movement,1406,234,1709228369749
8941269,8941269,movement,1405,236,1709228369765
8941269,8941269,movement,1402,237,1709228369784
8941269,8941269,movement,1401,238,1709228369801
8941269,8941269,movement,1398,241,1709228369819
8941269,8941269,movement,1392,243,1709228369895
8941269,8941269,movement,1377,250,1709228369906
8941269,8941269,singleclick,1377,250,1709228369472
8941269,8941269,movement,1311,289,1709228370308
8941269,8941269,movement,1302,295,1709228370428
8941269,8941269,movement,1299,298,1709228370493
8941269,8941269,movement,1298,298,1709228370557
8941269,8941269,movement,1297,299,1709228370577
8941269,8941269,movement,1296,299,1709228370610
8941269,8941269,movement,1296,300,1709228370617
8941269,8941269,movement,1295,300,1709228370632
8941269,8941269,movement,1294,301,1709228370656
8941269,8941269,movement,1294,302,1709228370672
8941269,8941269,movement,1293,302,1709228370681
8941269,8941269,movement,1292,303,1709228370699
8941269,8941269,movement,1291,304,1709228370713
8941269,8941269,movement,1290,305,1709228370730
8941269,8941269,movement,1290,305,1709228370747
8941269,8941269,movement,1289,307,1709228370764
8941269,8941269,movement,1286,309,1709228370781
8941269,8941269,movement,1285,311,1709228370799
8941269,8941269,movement,1282,314,1709228370813
8941269,8941269,movement,1280,318,1709228370831
8941269,8941269,movement,1277,321,1709228370848
8941269,8941269,movement,1274,323,1709228370865
8941269,8941269,movement,1270,327,1709228370881
8941269,8941269,movement,1266,330,1709228370897
8941269,8941269,movement,1261,334,1709228370917
8941269,8941269,movement,1258,337,1709228370931
8941269,8941269,movement,1255,339,1709228370948
8941269,8941269,movement,1252,341,1709228370972
8941269,8941269,movement,1249,343,1709228370988
8941269,8941269,movement,1248,344,1709228370998
8941269,8941269,movement,1246,346,1709228371014
8941269,8941269,movement,1242,348,1709228371030
8941269,8941269,movement,1239,350,1709228371048
8941269,8941269,movement,1236,352,1709228371068
8941269,8941269,movement,1233,354,1709228371081
8941269,8941269,movement,1230,356,1709228371098
8941269,8941269,movement,1225,358,1709228371113
8941269,8941269,movement,1223,360,1709228371131
8941269,8941269,movement,1220,361,1709228371147
8941269,8941269,movement,1217,362,1709228371164
8941269,8941269,movement,1215,363,1709228371182
8941269,8941269,movement,1213,363,1709228371198
8941269,8941269,movement,1211,364,1709228371216
8941269,8941269,movement,1210,365,1709228371232
8941269,8941269,movement,1208,365,1709228371248
8941269,8941269,movement,1205,365,1709228371265
8941269,8941269,movement,1203,366,1709228371281
8941269,8941269,movement,1200,366,1709228371298
8941269,8941269,movement,1198,366,1709228371314
8941269,8941269,movement,1196,366,1709228371332
8941269,8941269,movement,1194,366,1709228371348
8941269,8941269,movement,1190,367,1709228371364
8941269,8941269,movement,1189,368,1709228371380
8941269,8941269,movement,1186,368,1709228371396
8941269,8941269,movement,1185,369,1709228371414
8941269,8941269,movement,1183,369,1709228371431
8941269,8941269,movement,1182,370,1709228371448
8941269,8941269,movement,1177,370,1709228371479
8941269,8941269,movement,1176,370,1709228371497
8941269,8941269,movement,1174,370,1709228371504
8941269,8941269,movement,1174,370,1709228371514
8941269,8941269,movement,1173,370,1709228371530
8941269,8941269,movement,1172,371,1709228371551
8941269,8941269,movement,1170,372,1709228371564
8941269,8941269,movement,1170,372,1709228371583
8941269,8941269,movement,1169,372,1709228371598
8941269,8941269,movement,1168,372,1709228371620
8941269,8941269,movement,1167,372,1709228371630
8941269,8941269,movement,1166,373,1709228371647
8941269,8941269,movement,1166,373,1709228371664
8941269,8941269,movement,1165,374,1709228371680
8941269,8941269,movement,1164,374,1709228371698
8941269,8941269,movement,1163,374,1709228371714
8941269,8941269,movement,1162,374,1709228371730
8941269,8941269,movement,1161,374,1709228371747
8941269,8941269,movement,1160,374,1709228371763
8941269,8941269,movement,1158,374,1709228371780
8941269,8941269,movement,1158,374,1709228371801
8941269,8941269,movement,1157,374,1709228371814
8941269,8941269,movement,1156,374,1709228371830
8941269,8941269,movement,1155,374,1709228371849
8941269,8941269,movement,1154,374,1709228371863
8941269,8941269,movement,1152,374,1709228371883
8941269,8941269,movement,1150,374,1709228371899
8941269,8941269,movement,1147,374,1709228371914
8941269,8941269,movement,1146,374,1709228371931
8941269,8941269,movement,1142,374,1709228371948
8941269,8941269,movement,1139,375,1709228371963
8941269,8941269,movement,1135,375,1709228371979
8941269,8941269,movement,1129,375,1709228371996
8941269,8941269,movement,1120,374,1709228372014
8941269,8941269,movement,1112,372,1709228372031
8941269,8941269,movement,1097,369,1709228372051
8941269,8941269,movement,1078,368,1709228372063
8941269,8941269,movement,1059,366,1709228372080
8941269,8941269,movement,1038,366,1709228372098
8941269,8941269,movement,1006,362,1709228372114
8941269,8941269,movement,976,358,1709228372137
8941269,8941269,movement,966,356,1709228372147
8941269,8941269,movement,946,355,1709228372162
8941269,8941269,movement,918,350,1709228372181
8941269,8941269,movement,899,347,1709228372195
8941269,8941269,movement,882,348,1709228372213
8941269,8941269,movement,866,351,1709228372235
8941269,8941269,movement,847,353,1709228372246
8941269,8941269,movement,828,353,1709228372266
8941269,8941269,movement,822,353,1709228372280
8941269,8941269,movement,814,353,1709228372297
8941269,8941269,movement,806,354,1709228372314
8941269,8941269,movement,799,355,1709228372345
8941269,8941269,movement,796,355,1709228372369
8941269,8941269,movement,791,355,1709228372407
8941269,8941269,movement,790,355,1709228372428
8941269,8941269,movement,790,355,1709228372436
8941269,8941269,movement,790,354,1709228372445
8941269,8941269,movement,789,354,1709228372556
8941269,8941269,movement,789,354,1709228372610
8941269,8941269,mousedown,789,354,1709228372636
8941269,8941269,mouseup,789,354,1709228372759
8941269,8941269,movement,789,355,1709228373013
8941269,8941269,movement,789,359,1709228373047
8941269,8941269,movement,790,374,1709228373106
8941269,8941269,movement,794,410,1709228373172
8941269,8941269,singleclick,794,410,1709228372771
8941269,8941269,movement,802,456,1709228373255
8941269,8941269,movement,804,475,1709228373325
8941269,8941269,movement,806,479,1709228373346
8941269,8941269,movement,806,485,1709228373361
8941269,8941269,movement,806,488,1709228373379
8941269,8941269,movement,808,490,1709228373395
8941269,8941269,movement,809,493,1709228373411
8941269,8941269,movement,809,494,1709228373429
8941269,8941269,movement,810,495,1709228373445
8941269,8941269,movement,811,496,1709228373463
8941269,8941269,movement,812,497,1709228373480
8941269,8941269,movement,813,498,1709228373502
8941269,8941269,movement,814,498,1709228373511
8941269,8941269,movement,815,498,1709228373529
8941269,8941269,movement,816,499,1709228373545
8941269,8941269,movement,817,500,1709228373565
8941269,8941269,movement,818,500,1709228373589
8941269,8941269,movement,818,501,1709228373597
8941269,8941269,movement,818,501,1709228373617
8941269,8941269,movement,818,500,1709228373667
8941269,8941269,movement,819,500,1709228373699
8941269,8941269,movement,819,499,1709228373716
8941269,8941269,movement,819,498,1709228374112
8941269,8941269,movement,819,498,1709228374214
8941269,8941269,movement,818,498,1709228374252
8941269,8941269,movement,818,498,1709228374309
8941269,8941269,movement,818,497,1709228374342
8941269,8941269,movement,817,497,1709228374572
8941269,8941269,movement,816,496,1709228374601
8941269,8941269,movement,816,495,1709228374792
8941269,8941269,movement,815,495,1709228374845
8941269,8941269,movement,814,495,1709228375115
8941269,8941269,movement,814,495,1709228375155
8941269,8941269,movement,813,495,1709228375580
8941269,8941269,movement,812,496,1709228375596
8941269,8941269,movement,811,497,1709228376026
8941269,8941269,movement,810,498,1709228376047
8941269,8941269,movement,810,498,1709228376065
8941269,8941269,movement,810,498,1709228376082
8941269,8941269,movement,809,498,1709228376861
8941269,8941269,movement,809,499,1709228376893
8941269,8941269,movement,808,499,1709228376996
8941269,8941269,movement,808,500,1709228377242
8941269,8941269,movement,808,501,1709228377279
8941269,8941269,movement,808,502,1709228377713
8941269,8941269,movement,807,502,1709228377942
8941269,8941269,movement,806,502,1709228377958
8941269,8941269,movement,802,500,1709228377975
8941269,8941269,movement,794,498,1709228377991
8941269,8941269,movement,782,495,1709228378007
8941269,8941269,movement,733,475,1709228378037
8941269,8941269,movement,706,463,1709228378056
8941269,8941269,movement,682,450,1709228378076
8941269,8941269,movement,662,438,1709228378093
8941269,8941269,movement,642,425,1709228378109
8941269,8941269,movement,625,413,1709228378127
8941269,8941269,movement,609,401,1709228378142
8941269,8941269,movement,579,381,1709228378157
8941269,8941269,movement,550,363,1709228378175
8941269,8941269,movement,523,344,1709228378191
8941269,8941269,movement,487,318,1709228378208
8941269,8941269,movement,451,292,1709228378226
8941269,8941269,movement,407,274,1709228378242
8941269,8941269,movement,384,270,1709228378257
8941269,8941269,movement,359,269,1709228378273
8941269,8941269,movement,334,266,1709228378290
8941269,8941269,movement,310,263,1709228378311
8941269,8941269,movement,293,262,1709228378327
8941269,8941269,movement,283,259,1709228378344
8941269,8941269,movement,278,258,1709228378357
8941269,8941269,movement,276,257,1709228378374
8941269,8941269,movement,275,257,1709228378391
8941269,8941269,movement,275,256,1709228378425
8941269,8941269,movement,275,255,1709228378459
8941269,8941269,movement,276,254,1709228378474
8941269,8941269,movement,276,251,1709228378490
8941269,8941269,movement,276,250,1709228378508
8941269,8941269,movement,276,249,1709228378524
8941269,8941269,movement,276,247,1709228378543
8941269,8941269,movement,276,246,1709228378568
8941269,8941269,movement,277,242,1709228378570
8941269,8941269,movement,278,236,1709228378597
8941269,8941269,movement,278,232,1709228378607
8941269,8941269,movement,278,228,1709228378624
8941269,8941269,movement,278,225,1709228378644
8941269,8941269,movement,278,222,1709228378662
8941269,8941269,movement,278,221,1709228378678
8941269,8941269,movement,278,218,1709228378696
8941269,8941269,movement,278,218,1709228378710
8941269,8941269,mousedown,278,218,1709228378753
8941269,8941269,movement,278,217,1709228378825
8941269,8941269,mouseup,278,217,1709228378836
8941269,8941269,movement,278,216,1709228378840
8941269,8941269,movement,286,228,1709228378970
8941269,8941269,movement,476,425,1709228379110
8941269,8941269,movement,542,479,1709228379218
8941269,8941269,movement,550,486,1709228379363
8941269,8941269,singleclick,550,486,1709228378840
8941269,8941269,movement,554,492,1709228379458
8941269,8941269,movement,554,494,1709228379729
8941269,8941269,movement,554,496,1709228379747
8941269,8941269,movement,555,499,1709228379764
8941269,8941269,movement,556,501,1709228379790
8941269,8941269,movement,556,502,1709228379806
8941269,8941269,movement,557,502,1709228379914
8941269,8941269,movement,557,499,1709228379930
8941269,8941269,movement,557,494,1709228379944
8941269,8941269,movement,556,491,1709228379955
8941269,8941269,movement,555,485,1709228379977
8941269,8941269,movement,555,477,1709228379988
8941269,8941269,movement,555,467,1709228380010
8941269,8941269,movement,554,450,1709228380040
8941269,8941269,movement,554,442,1709228380069
8941269,8941269,movement,554,441,1709228380086
8941269,8941269,movement,554,439,1709228380097
8941269,8941269,movement,554,438,1709228380112
8941269,8941269,movement,554,437,1709228380138
8941269,8941269,mousedown,554,437,1709228380252
8941269,8941269,mouseup,554,437,1709228380366
8941269,8941269,movement,554,438,1709228380604
8941269,8941269,movement,554,439,1709228380683
8941269,8941269,movement,554,440,1709228380699
8941269,8941269,movement,555,440,1709228380726
8941269,8941269,movement,556,442,1709228380744
8941269,8941269,movement,556,430,1709228380782
8941269,8941269,singleclick,556,442,1709228380373
8941269,8941269,movement,557,442,1709228380839
8941269,8941269,movement,558,442,1709228380881
8941269,8941269,movement,558,442,1709228380991
8941269,8941269,mousedown,558,442,1709228381038
8941269,8941269,mouseup,558,442,1709228381161
8941269,8941269,movement,559,446,1709228381491
8941269,8941269,movement,560,448,1709228381538
8941269,8941269,movement,562,450,1709228381588
8941269,8941269,movement,562,451,1709228381653
8941269,8941269,singleclick,562,451,1709228381173
8941269,8941269,movement,564,451,1709228381798
8941269,8941269,movement,566,450,1709228381899
8941269,8941269,movement,569,454,1709228382006
8941269,8941269,movement,569,455,1709228382089
8941269,8941269,movement,568,456,1709228382872
8941269,8941269,movement,568,457,1709228382960
8941269,8941269,movement,567,457,1709228383504
8941269,8941269,movement,566,457,1709228383939
8941269,8941269,movement,566,458,1709228385686
8941269,8941269,movement,566,458,1709228387018
8941269,8941269,movement,566,458,1709228388166
8941269,8941269,movement,563,455,1709228388183
8941269,8941269,movement,562,453,1709228388199
8941269,8941269,movement,559,449,1709228388215
8941269,8941269,movement,556,442,1709228388232
8941269,8941269,movement,551,435,1709228388248
8941269,8941269,movement,538,414,1709228388268
8941269,8941269,movement,504,380,1709228388283
8941269,8941269,movement,433,318,1709228388299
8941269,8941269,movement,390,280,1709228388315
8941269,8941269,movement,359,253,1709228388331
8941269,8941269,movement,334,230,1709228388356
8941269,8941269,movement,295,195,1709228388376
8941269,8941269,movement,276,178,1709228388386
8941269,8941269,movement,264,168,1709228388401
8941269,8941269,movement,258,164,1709228388417
8941269,8941269,movement,256,163,1709228388432
8941269,8941269,movement,254,162,1709228388450
8941269,8941269,movement,254,161,1709228388464
8941269,8941269,movement,254,162,1709228388548
8941269,8941269,movement,254,163,1709228388565
8941269,8941269,movement,254,165,1709228388580
8941269,8941269,movement,257,170,1709228388601
8941269,8941269,movement,259,174,1709228388618
8941269,8941269,movement,265,182,1709228388635
8941269,8941269,movement,270,189,1709228388649
8941269,8941269,movement,273,193,1709228388665
8941269,8941269,movement,275,197,1709228388683
8941269,8941269,movement,277,199,1709228388698
8941269,8941269,movement,279,202,1709228388721
8941269,8941269,movement,280,204,1709228388736
8941269,8941269,movement,282,206,1709228388749
8941269,8941269,movement,286,210,1709228388770
8941269,8941269,movement,286,212,1709228388783
8941269,8941269,movement,289,214,1709228388804
8941269,8941269,movement,290,215,1709228388819
8941269,8941269,movement,290,217,1709228388832
8941269,8941269,movement,292,218,1709228388850
8941269,8941269,movement,292,219,1709228388868
8941269,8941269,mousedown,292,219,1709228389021
8941269,8941269,mouseup,292,219,1709228389106
8941269,8941269,movement,294,222,1709228389194
8941269,8941269,movement,302,233,1709228389265
8941269,8941269,movement,318,248,1709228389274
8941269,8941269,movement,541,406,1709228389351
8941269,8941269,movement,773,477,1709228389421
8941269,8941269,movement,875,450,1709228389490
8941269,8941269,movement,877,445,1709228389505
8941269,8941269,movement,878,442,1709228389513
8941269,8941269,singleclick,878,442,1709228389111
8941269,8941269,movement,876,436,1709228389535
8941269,8941269,movement,871,429,1709228389546
8941269,8941269,movement,854,418,1709228389578
8941269,8941269,movement,846,414,1709228389582
8941269,8941269,movement,836,410,1709228389601
8941269,8941269,movement,781,405,1709228389630
8941269,8941269,movement,749,406,1709228389657
8941269,8941269,movement,731,406,1709228389675
8941269,8941269,movement,723,407,1709228389685
8941269,8941269,movement,701,416,1709228389709
8941269,8941269,movement,698,418,1709228389713
8941269,8941269,movement,697,422,1709228389729
8941269,8941269,movement,697,429,1709228389750
8941269,8941269,movement,705,447,1709228389794
8941269,8941269,movement,730,474,1709228389827
8941269,8941269,movement,750,483,1709228389840
8941269,8941269,movement,770,490,1709228389856
8941269,8941269,movement,775,491,1709228389863
8941269,8941269,movement,788,493,1709228389880
8941269,8941269,movement,798,494,1709228389896
8941269,8941269,movement,806,495,1709228389915
8941269,8941269,movement,809,495,1709228389930
8941269,8941269,movement,808,495,1709228390003
8941269,8941269,movement,807,494,1709228390013
8941269,8941269,movement,806,493,1709228390030
8941269,8941269,movement,798,491,1709228390048
8941269,8941269,movement,791,490,1709228390064
8941269,8941269,movement,784,489,1709228390080
8941269,8941269,movement,778,487,1709228390098
8941269,8941269,movement,774,487,1709228390113
8941269,8941269,movement,769,486,1709228390133
8941269,8941269,movement,766,485,1709228390146
8941269,8941269,movement,766,484,1709228390163
8941269,8941269,movement,765,484,1709228390179
8941269,8941269,movement,765,485,1709228390325
8941269,8941269,movement,766,485,1709228390329
8941269,8941269,movement,766,486,1709228390346
8941269,8941269,movement,768,489,1709228390369
8941269,8941269,movement,770,493,1709228390386
8941269,8941269,movement,770,495,1709228390401
8941269,8941269,movement,772,498,1709228390421
8941269,8941269,movement,772,498,1709228390460
8941269,8941269,movement,773,499,1709228390490
8941269,8941269,movement,774,500,1709228390521
8941269,8941269,movement,775,500,1709228390551
8941269,8941269,movement,776,501,1709228390575
8941269,8941269,movement,778,502,1709228390598
8941269,8941269,movement,778,502,1709228390604
8941269,8941269,movement,779,503,1709228390616
8941269,8941269,movement,779,504,1709228390639
8941269,8941269,movement,780,504,1709228390656
8941269,8941269,movement,781,504,1709228390679
8941269,8941269,movement,782,505,1709228390713
8941269,8941269,movement,782,506,1709228390814
8941269,8941269,movement,782,506,1709228390866
8941269,8941269,movement,782,507,1709228390884
8941269,8941269,movement,782,508,1709228390905
8941269,8941269,movement,782,510,1709228390922
8941269,8941269,movement,782,510,1709228390953
8941269,8941269,movement,782,511,1709228391232
8941269,8941269,movement,783,511,1709228391246
8941269,8941269,movement,783,512,1709228391262
8941269,8941269,movement,783,513,1709228391279
8941269,8941269,movement,784,514,1709228391295
8941269,8941269,movement,784,514,1709228391324
8941269,8941269,movement,785,515,1709228391340
8941269,8941269,movement,786,516,1709228391365
8941269,8941269,movement,786,517,1709228391380
8941269,8941269,movement,786,518,1709228391404
8941269,8941269,movement,786,518,1709228391434
8941269,8941269,movement,786,518,1709228391442
8941269,8941269,movement,787,518,1709228391450
8941269,8941269,movement,789,518,1709228391472
8941269,8941269,movement,791,518,1709228391479
8941269,8941269,movement,792,518,1709228391495
8941269,8941269,movement,801,518,1709228391512
8941269,8941269,movement,825,513,1709228391531
8941269,8941269,movement,848,506,1709228391545
8941269,8941269,movement,871,497,1709228391566
8941269,8941269,movement,893,484,1709228391585
8941269,8941269,movement,918,466,1709228391605
8941269,8941269,movement,930,452,1709228391614
8941269,8941269,movement,941,437,1709228391632
8941269,8941269,movement,948,420,1709228391644
8941269,8941269,movement,952,403,1709228391667
8941269,8941269,movement,958,384,1709228391683
8941269,8941269,movement,962,365,1709228391699
8941269,8941269,movement,966,347,1709228391716
8941269,8941269,movement,974,330,1709228391731
8941269,8941269,movement,979,324,1709228391747
8941269,8941269,movement,983,319,1709228391768
8941269,8941269,movement,991,314,1709228391781
8941269,8941269,movement,1014,306,1709228391794
8941269,8941269,movement,1062,296,1709228391818
8941269,8941269,movement,1122,286,1709228391835
8941269,8941269,movement,1203,278,1709228391850
8941269,8941269,movement,1241,276,1709228391866
8941269,8941269,movement,1272,274,1709228391877
8941269,8941269,movement,1299,270,1709228391894
8941269,8941269,movement,1321,267,1709228391916
8941269,8941269,movement,1336,262,1709228391933
8941269,8941269,movement,1345,260,1709228391949
8941269,8941269,movement,1350,257,1709228391964
8941269,8941269,movement,1354,254,1709228391978
8941269,8941269,movement,1355,253,1709228391998
8941269,8941269,movement,1358,250,1709228392011
8941269,8941269,movement,1358,247,1709228392036
8941269,8941269,movement,1359,243,1709228392064
8941269,8941269,movement,1359,241,1709228392076
8941269,8941269,movement,1360,240,1709228392083
8941269,8941269,movement,1362,238,1709228392093
8941269,8941269,movement,1362,236,1709228392111
8941269,8941269,movement,1362,234,1709228392130
8941269,8941269,movement,1363,232,1709228392145
8941269,8941269,movement,1364,230,1709228392164
8941269,8941269,movement,1366,228,1709228392180
8941269,8941269,movement,1371,225,1709228392197
8941269,8941269,movement,1376,222,1709228392213
8941269,8941269,movement,1379,220,1709228392230
8941269,8941269,movement,1382,218,1709228392247
8941269,8941269,movement,1384,217,1709228392263
8941269,8941269,movement,1386,217,1709228392281
8941269,8941269,movement,1389,216,1709228392297
8941269,8941269,movement,1391,216,1709228392313
8941269,8941269,movement,1393,216,1709228392328
8941269,8941269,movement,1395,216,1709228392344
8941269,8941269,movement,1398,216,1709228392361
8941269,8941269,movement,1400,216,1709228392377
8941269,8941269,movement,1402,216,1709228392394
8941269,8941269,movement,1404,216,1709228392414
8941269,8941269,movement,1405,216,1709228392430
8941269,8941269,movement,1406,216,1709228392445
8941269,8941269,movement,1409,217,1709228392461
8941269,8941269,movement,1410,218,1709228392482
8941269,8941269,movement,1411,218,1709228392495
8941269,8941269,movement,1412,219,1709228392514
8941269,8941269,movement,1413,219,1709228392530
8941269,8941269,movement,1414,219,1709228392563
8941269,8941269,movement,1414,219,1709228392613
8941269,8941269,movement,1414,220,1709228392640
8941269,8941269,movement,1415,220,1709228392663
8941269,8941269,movement,1416,220,1709228392710
8941269,8941269,mousedown,1416,220,1709228392786
8941269,8941269,mouseup,1416,220,1709228392926
8941269,8941269,movement,1415,220,1709228393136
8941269,8941269,movement,1414,224,1709228393493
8941269,8941269,movement,1411,226,1709228393595
8941269,8941269,movement,1410,229,1709228393640
8941269,8941269,singleclick,1410,229,1709228392927
8941269,8941269,movement,1407,235,1709228393737
8941269,8941269,movement,1407,238,1709228393786
8941269,8941269,movement,1406,238,1709228393799
8941269,8941269,movement,1406,238,1709228393809
8941269,8941269,movement,1406,239,1709228393826
8941269,8941269,movement,1406,241,1709228393847
8941269,8941269,movement,1406,243,1709228393868
8941269,8941269,movement,1405,244,1709228393875
8941269,8941269,movement,1404,245,1709228393895
8941269,8941269,movement,1403,246,1709228393895
8941269,8941269,movement,1402,247,1709228393909
8941269,8941269,movement,1402,250,1709228393929
8941269,8941269,movement,1398,255,1709228393945
8941269,8941269,movement,1395,258,1709228393962
8941269,8941269,movement,1390,263,1709228393977
8941269,8941269,movement,1383,269,1709228393995
8941269,8941269,movement,1370,278,1709228394015
8941269,8941269,movement,1358,286,1709228394032
8941269,8941269,movement,1346,292,1709228394054
8941269,8941269,movement,1318,305,1709228394081
8941269,8941269,movement,1284,318,1709228394098
8941269,8941269,movement,1269,323,1709228394108
8941269,8941269,movement,1204,333,1709228394127
8941269,8941269,movement,1148,338,1709228394146
8941269,8941269,movement,1095,339,1709228394158
8941269,8941269,movement,1046,340,1709228394176
8941269,8941269,movement,1001,342,1709228394198
8941269,8941269,movement,947,342,1709228394218
8941269,8941269,movement,937,342,1709228394225
8941269,8941269,movement,919,342,1709228394241
8941269,8941269,movement,908,345,1709228394258
8941269,8941269,movement,896,346,1709228394275
8941269,8941269,movement,887,349,1709228394291
8941269,8941269,movement,880,350,1709228394311
8941269,8941269,movement,876,352,1709228394331
8941269,8941269,movement,875,353,1709228394344
8941269,8941269,movement,874,354,1709228394358
8941269,8941269,mousedown,874,354,1709228394503
8941269,8941269,mouseup,874,354,1709228394602
8941269,8941269,movement,873,355,1709228394795
8941269,8941269,movement,869,377,1709228394915
8941269,8941269,movement,865,417,1709228395029
8941269,8941269,movement,866,438,1709228395112
8941269,8941269,movement,866,446,1709228395194
8941269,8941269,movement,862,441,1709228395277
8941269,8941269,singleclick,862,441,1709228394613
8941269,8941269,movement,708,302,1709228395362
8941269,8941269,movement,482,161,1709228395441
8941269,8941269,movement,474,159,1709228395442
8941269,8941269,movement,462,157,1709228395457
8941269,8941269,movement,450,156,1709228395476
8941269,8941269,movement,442,156,1709228395492
8941269,8941269,movement,438,156,1709228395510
8941269,8941269,movement,433,156,1709228395524
8941269,8941269,movement,429,156,1709228395542
8941269,8941269,movement,424,157,1709228395558
8941269,8941269,movement,421,158,1709228395574
8941269,8941269,movement,418,162,1709228395601
8941269,8941269,movement,415,166,1709228395609
8941269,8941269,movement,413,174,1709228395625
8941269,8941269,movement,410,206,1709228395657
8941269,8941269,movement,411,241,1709228395696
8941269,8941269,movement,414,265,1709228395697
8941269,8941269,movement,426,302,1709228395718
8941269,8941269,movement,431,317,1709228395726
8941269,8941269,movement,448,342,1709228395742
8941269,8941269,movement,463,362,1709228395759
8941269,8941269,movement,481,382,1709228395776
8941269,8941269,movement,484,386,1709228395791
8941269,8941269,movement,491,393,1709228395807
8941269,8941269,movement,494,395,1709228395824
8941269,8941269,movement,495,397,1709228395842
8941269,8941269,movement,497,398,1709228395858
8941269,8941269,movement,498,398,1709228395876
8941269,8941269,movement,499,399,1709228395892
8941269,8941269,movement,500,401,1709228395908
8941269,8941269,movement,502,403,1709228395939
8941269,8941269,movement,502,404,1709228395974
8941269,8941269,movement,503,404,1709228396075
8941269,8941269,movement,504,404,1709228396126
8941269,8941269,movement,504,403,1709228396169
8941269,8941269,movement,504,402,1709228396210
8941269,8941269,movement,504,402,1709228396274
8941269,8941269,movement,504,401,1709228396310
8941269,8941269,movement,503,401,1709228396373
8941269,8941269,movement,502,400,1709228396541
8941269,8941269,movement,502,399,1709228396589
8941269,8941269,movement,502,398,1709228396657
8941269,8941269,movement,502,398,1709228396678
8941269,8941269,movement,502,398,1709228396701
8941269,8941269,movement,501,398,1709228396716
8941269,8941269,movement,501,397,1709228396723
8941269,8941269,movement,501,396,1709228396740
8941269,8941269,movement,500,396,1709228396844
8941269,8941269,movement,499,396,1709228396860
8941269,8941269,movement,498,395,1709228396994
8941269,8941269,movement,498,394,1709228397040
8941269,8941269,movement,498,394,1709228397125
8941269,8941269,movement,498,394,1709228397298
8941269,8941269,movement,497,393,1709228397338
8941269,8941269,movement,497,392,1709228397425
8941269,8941269,movement,496,392,1709228399368
8941269,8941269,movement,495,392,1709228402270
8941269,8941269,movement,494,392,1709228405738
8941269,8941269,movement,494,392,1709228407291
8941269,8941269,movement,493,392,1709228407334
8941269,8941269,movement,493,393,1709228411146
8941269,8941269,movement,494,393,1709228411302
8941269,8941269,movement,494,394,1709228411972
8941269,8941269,movement,494,394,1709228412298
8941269,8941269,movement,494,394,1709228412309
8941269,8941269,movement,494,395,1709228412325
8941269,8941269,movement,495,395,1709228417906
8941269,8941269,movement,496,395,1709228419774
8941269,8941269,movement,497,395,1709228420152
8941269,8941269,movement,497,394,1709228423574
8941269,8941269,movement,497,394,1709228425306
8941269,8941269,movement,497,393,1709228425370
8941269,8941269,movement,498,393,1709228425381
8941269,8941269,movement,498,392,1709228425679
8941269,8941269,movement,498,392,1709228425683
8941269,8941269,movement,499,392,1709228425764
8941269,8941269,movement,500,392,1709228425825
8941269,8941269,movement,500,391,1709228427446
8941269,8941269,movement,498,390,1709228427462
8941269,8941269,movement,498,386,1709228427480
8941269,8941269,movement,496,385,1709228427496
8941269,8941269,movement,494,381,1709228427513
8941269,8941269,movement,493,379,1709228427528
8941269,8941269,movement,489,375,1709228427545
8941269,8941269,movement,487,374,1709228427562
8941269,8941269,movement,482,366,1709228427580
8941269,8941269,movement,478,362,1709228427597
8941269,8941269,movement,473,356,1709228427613
8941269,8941269,movement,465,349,1709228427629
8941269,8941269,movement,454,333,1709228427645
8941269,8941269,movement,434,303,1709228427661
8941269,8941269,movement,421,283,1709228427679
8941269,8941269,movement,407,266,1709228427697
8941269,8941269,movement,396,252,1709228427713
8941269,8941269,movement,392,247,1709228427722
8941269,8941269,movement,390,244,1709228427731
8941269,8941269,movement,386,239,1709228427752
8941269,8941269,movement,380,231,1709228427762
8941269,8941269,movement,378,229,1709228427783
8941269,8941269,movement,375,226,1709228427797
8941269,8941269,movement,374,225,1709228427816
8941269,8941269,movement,373,223,1709228427831
8941269,8941269,movement,370,222,1709228427847
8941269,8941269,movement,370,222,1709228427864
8941269,8941269,movement,369,221,1709228427884
8941269,8941269,movement,368,220,1709228427898
8941269,8941269,movement,365,219,1709228427917
8941269,8941269,movement,362,218,1709228427938
8941269,8941269,movement,358,218,1709228427951
8941269,8941269,movement,350,218,1709228427964
8941269,8941269,movement,344,217,1709228427979
8941269,8941269,movement,327,215,1709228427996
8941269,8941269,movement,318,214,1709228428014
8941269,8941269,movement,311,213,1709228428035
8941269,8941269,movement,306,212,1709228428047
8941269,8941269,movement,303,212,1709228428064
8941269,8941269,movement,302,212,1709228428079
8941269,8941269,movement,302,212,1709228428101
8941269,8941269,movement,301,212,1709228428145
8941269,8941269,movement,300,213,1709228428200
8941269,8941269,movement,299,213,1709228428249
8941269,8941269,movement,298,214,1709228428281
8941269,8941269,movement,297,214,1709228428296
8941269,8941269,movement,296,214,1709228428322
8941269,8941269,movement,295,214,1709228428327
8941269,8941269,movement,294,214,1709228428352
8941269,8941269,movement,294,214,1709228428360
8941269,8941269,movement,293,214,1709228428385
8941269,8941269,movement,292,214,1709228428394
8941269,8941269,movement,291,214,1709228428412
8941269,8941269,movement,290,214,1709228428446
8941269,8941269,mousedown,290,214,1709228428472
8941269,8941269,movement,290,214,1709228428530
8941269,8941269,mouseup,290,214,1709228428588
8941269,8941269,movement,290,215,1709228428596
8941269,8941269,movement,294,218,1709228428714
8941269,8941269,movement,321,226,1709228428844
8941269,8941269,movement,419,261,1709228428847
8941269,8941269,movement,689,354,1709228428948
8941269,8941269,movement,734,368,1709228429171
8941269,8941269,movement,727,369,1709228429378
8941269,8941269,singleclick,727,369,1709228428594
8941269,8941269,movement,731,381,1709228429469
8941269,8941269,movement,742,408,1709228429571
8941269,8941269,movement,744,411,1709228429667
8941269,8941269,movement,746,414,1709228429757
8941269,8941269,movement,746,415,1709228429844
8941269,8941269,movement,746,422,1709228429921
8941269,8941269,movement,746,424,1709228429933
8941269,8941269,movement,746,425,1709228429941
8941269,8941269,movement,745,426,1709228429958
8941269,8941269,movement,745,429,1709228429975
8941269,8941269,movement,743,432,1709228429998
8941269,8941269,movement,742,434,1709228430010
8941269,8941269,movement,739,439,1709228430026
8941269,8941269,movement,738,442,1709228430043
8941269,8941269,movement,738,442,1709228430059
8941269,8941269,movement,736,446,1709228430076
8941269,8941269,movement,735,447,1709228430093
8941269,8941269,movement,734,450,1709228430113
8941269,8941269,movement,734,452,1709228430129
8941269,8941269,movement,734,454,1709228430142
8941269,8941269,movement,734,457,1709228430159
8941269,8941269,movement,734,459,1709228430175
8941269,8941269,movement,735,462,1709228430200
8941269,8941269,movement,738,467,1709228430218
8941269,8941269,movement,742,472,1709228430229
8941269,8941269,movement,742,474,1709228430243
8941269,8941269,movement,746,478,1709228430259
8941269,8941269,movement,747,480,1709228430275
8941269,8941269,movement,749,482,1709228430292
8941269,8941269,movement,750,483,1709228430309
8941269,8941269,movement,752,486,1709228430327
8941269,8941269,movement,754,487,1709228430344
8941269,8941269,movement,754,489,1709228430359
8941269,8941269,movement,756,490,1709228430379
8941269,8941269,movement,758,490,1709228430392
8941269,8941269,movement,758,492,1709228430413
8941269,8941269,movement,758,493,1709228430426
8941269,8941269,movement,759,494,1709228430444
8941269,8941269,movement,760,495,1709228430459
8941269,8941269,movement,761,497,1709228430475
8941269,8941269,movement,762,500,1709228430492
8941269,8941269,movement,763,504,1709228430514
8941269,8941269,movement,766,511,1709228430537
8941269,8941269,movement,767,514,1709228430545
8941269,8941269,movement,768,521,1709228430558
8941269,8941269,movement,769,526,1709228430575
8941269,8941269,movement,769,533,1709228430596
8941269,8941269,movement,770,538,1709228430608
8941269,8941269,movement,770,543,1709228430632
8941269,8941269,movement,770,546,1709228430648
8941269,8941269,movement,770,548,1709228430662
8941269,8941269,movement,770,549,1709228430678
8941269,8941269,movement,771,550,1709228430693
8941269,8941269,movement,772,550,1709228430709
8941269,8941269,movement,772,551,1709228430728
8941269,8941269,movement,772,552,1709228430743
8941269,8941269,movement,773,552,1709228430758
8941269,8941269,movement,774,552,1709228430775
8941269,8941269,movement,774,553,1709228430802
8941269,8941269,movement,774,553,1709228430809
8941269,8941269,movement,775,553,1709228430834
8941269,8941269,movement,775,554,1709228430849
8941269,8941269,movement,776,554,1709228430858
8941269,8941269,movement,776,554,1709228430880
8941269,8941269,movement,777,554,1709228430928
8941269,8941269,movement,777,554,1709228431051
8941269,8941269,movement,777,553,1709228431088
8941269,8941269,movement,777,552,1709228431119
8941269,8941269,movement,777,551,1709228431131
8941269,8941269,movement,777,550,1709228431162
8941269,8941269,movement,776,549,1709228431174
8941269,8941269,movement,774,546,1709228431191
8941269,8941269,movement,773,542,1709228431207
8941269,8941269,movement,771,540,1709228431230
8941269,8941269,movement,769,536,1709228431245
8941269,8941269,movement,768,534,1709228431258
8941269,8941269,movement,768,531,1709228431277
8941269,8941269,movement,766,526,1709228431296
8941269,8941269,movement,764,518,1709228431308
8941269,8941269,movement,762,514,1709228431325
8941269,8941269,movement,760,508,1709228431346
8941269,8941269,movement,758,500,1709228431364
8941269,8941269,movement,750,486,1709228431385
8941269,8941269,movement,747,480,1709228431392
8941269,8941269,movement,742,472,1709228431410
8941269,8941269,movement,736,468,1709228431428
8941269,8941269,movement,732,467,1709228431440
8941269,8941269,movement,729,467,1709228431458
8941269,8941269,movement,727,466,1709228431474
8941269,8941269,movement,725,466,1709228431492
8941269,8941269,movement,722,466,1709228431509
8941269,8941269,movement,720,465,1709228431526
8941269,8941269,movement,718,465,1709228431542
8941269,8941269,movement,717,465,1709228431560
8941269,8941269,movement,716,464,1709228431574
8941269,8941269,movement,715,464,1709228431627
8941269,8941269,movement,715,465,1709228431692
8941269,8941269,movement,715,466,1709228431707
8941269,8941269,movement,715,466,1709228431723
8941269,8941269,movement,715,468,1709228431742
8941269,8941269,movement,715,469,1709228431761
8941269,8941269,movement,715,472,1709228431778
8941269,8941269,movement,715,474,1709228431791
8941269,8941269,movement,715,476,1709228431809
8941269,8941269,movement,715,478,1709228431824
8941269,8941269,movement,715,481,1709228431840
8941269,8941269,movement,715,482,1709228431858
8941269,8941269,movement,715,485,1709228431874
8941269,8941269,movement,714,486,1709228431892
8941269,8941269,movement,714,490,1709228431911
8941269,8941269,movement,712,494,1709228431926
8941269,8941269,movement,712,496,1709228431941
8941269,8941269,movement,711,498,1709228431956
8941269,8941269,movement,711,501,1709228431981
8941269,8941269,movement,711,508,1709228431993
8941269,8941269,movement,711,512,1709228432012
8941269,8941269,movement,715,522,1709228432024
8941269,8941269,movement,720,530,1709228432044
8941269,8941269,movement,723,537,1709228432060
8941269,8941269,movement,725,540,1709228432074
8941269,8941269,movement,726,542,1709228432097
8941269,8941269,movement,726,543,1709228432113
8941269,8941269,movement,725,543,1709228432181
8941269,8941269,movement,724,542,1709228432202
8941269,8941269,movement,724,542,1709228432235
8941269,8941269,mousedown,724,542,1709228432266
8941269,8941269,mouseup,724,542,1709228432431
8941269,8941269,movement,723,534,1709228432958
8941269,8941269,movement,715,518,1709228433026
8941269,8941269,movement,712,511,1709228433110
8941269,8941269,movement,711,510,1709228433177
8941269,8941269,singleclick,711,510,1709228432447
8941269,8941269,movement,711,510,1709228434598
8941269,8941269,movement,710,510,1709228435454
8941269,8941269,movement,710,510,1709228435505
8941269,8941269,movement,709,510,1709228435542
8941269,8941269,movement,709,511,1709228435613
8941269,8941269,movement,708,511,1709228435724
8941269,8941269,movement,707,511,1709228436620
8941269,8941269,movement,706,511,1709228436841
8941269,8941269,movement,706,512,1709228439059
8941269,8941269,movement,706,513,1709228439073
8941269,8941269,movement,706,513,1709228439885
8941269,8941269,movement,706,514,1709228439917
8941269,8941269,movement,705,514,1709228440035
8941269,8941269,movement,704,511,1709228440052
8941269,8941269,movement,702,510,1709228440070
8941269,8941269,movement,698,506,1709228440085
8941269,8941269,movement,686,495,1709228440100
8941269,8941269,movement,639,455,1709228440121
8941269,8941269,movement,602,426,1709228440134
8941269,8941269,movement,551,385,1709228440149
8941269,8941269,movement,506,355,1709228440167
8941269,8941269,movement,455,336,1709228440183
8941269,8941269,movement,410,329,1709228440200
8941269,8941269,movement,367,323,1709228440217
8941269,8941269,movement,334,318,1709228440232
8941269,8941269,movement,326,316,1709228440253
8941269,8941269,movement,320,314,1709228440266
8941269,8941269,movement,318,312,1709228440286
8941269,8941269,movement,315,311,1709228440302
8941269,8941269,movement,314,309,1709228440322
8941269,8941269,movement,311,306,1709228440339
8941269,8941269,movement,304,304,1709228440356
8941269,8941269,movement,298,299,1709228440372
8941269,8941269,movement,294,294,1709228440388
8941269,8941269,movement,293,286,1709228440404
8941269,8941269,movement,293,281,1709228440420
8941269,8941269,movement,294,274,1709228440437
8941269,8941269,movement,295,270,1709228440455
8941269,8941269,movement,295,265,1709228440472
8941269,8941269,movement,296,260,1709228440488
8941269,8941269,movement,296,256,1709228440505
8941269,8941269,movement,296,250,1709228440520
8941269,8941269,movement,296,246,1709228440534
8941269,8941269,movement,296,246,1709228440551
8941269,8941269,movement,296,245,1709228440553
8941269,8941269,movement,296,244,1709228440567
8941269,8941269,movement,296,243,1709228440583
8941269,8941269,movement,295,242,1709228440599
8941269,8941269,movement,295,242,1709228440616
8941269,8941269,movement,294,242,1709228440633
8941269,8941269,movement,294,240,1709228440665
8941269,8941269,movement,294,238,1709228440679
8941269,8941269,movement,291,236,1709228440686
8941269,8941269,movement,290,234,1709228440700
8941269,8941269,movement,289,232,1709228440720
8941269,8941269,movement,287,230,1709228440734
8941269,8941269,movement,286,228,1709228440752
8941269,8941269,movement,285,226,1709228440770
8941269,8941269,movement,284,225,1709228440786
8941269,8941269,movement,283,223,1709228440802
8941269,8941269,movement,282,222,1709228440818
8941269,8941269,movement,282,222,1709228440834
8941269,8941269,movement,282,221,1709228440851
8941269,8941269,mousedown,282,221,1709228440887
8941269,8941269,mouseup,282,221,1709228440978
8941269,8941269,movement,282,220,1709228440990
8941269,8941269,movement,305,236,1709228441179
8941269,8941269,movement,334,257,1709228441190
8941269,8941269,movement,714,456,1709228441288
8941269,8941269,movement,774,480,1709228441372
8941269,8941269,movement,790,482,1709228441452
8941269,8941269,singleclick,790,482,1709228440988
8941269,8941269,movement,808,483,1709228441525
8941269,8941269,movement,879,534,1709228441609
8941269,8941269,movement,934,600,1709228441694
8941269,8941269,movement,955,634,1709228441711
8941269,8941269,movement,968,656,1709228441730
8941269,8941269,movement,972,663,1709228441739
8941269,8941269,movement,980,675,1709228441755
8941269,8941269,movement,986,683,1709228441764
8941269,8941269,movement,991,692,1709228441787
8941269,8941269,movement,996,698,1709228441797
8941269,8941269,movement,999,702,1709228441822
8941269,8941269,movement,1006,711,1709228441839
8941269,8941269,movement,1010,716,1709228441849
8941269,8941269,movement,1026,731,1709228441868
8941269,8941269,movement,1038,741,1709228441888
8941269,8941269,movement,1053,753,1709228441905
8941269,8941269,movement,1055,755,1709228441914
8941269,8941269,movement,1062,760,1709228441933
8941269,8941269,movement,1067,763,1709228441949
8941269,8941269,movement,1070,766,1709228441965
8941269,8941269,movement,1074,768,1709228441981
8941269,8941269,movement,1082,774,1709228442002
8941269,8941269,movement,1094,784,1709228442020
8941269,8941269,movement,1101,788,1709228442033
8941269,8941269,movement,1106,791,1709228442054
8941269,8941269,movement,1107,792,1709228442064
8941269,8941269,movement,1110,794,1709228442083
8941269,8941269,movement,1112,795,1709228442098
8941269,8941269,movement,1114,797,1709228442114
8941269,8941269,movement,1115,798,1709228442131
8941269,8941269,movement,1118,800,1709228442148
8941269,8941269,movement,1119,802,1709228442179
8941269,8941269,movement,1128,810,1709228442193
8941269,8941269,movement,1131,814,1709228442199
8941269,8941269,movement,1140,815,1709228447012
8941269,8941269,movement,1136,812,1709228447026
8941269,8941269,movement,1133,810,1709228447044
8941269,8941269,movement,1126,805,1709228447062
8941269,8941269,movement,1113,794,1709228447097
8941269,8941269,movement,1053,754,1709228447118
8941269,8941269,movement,1010,728,1709228447140
8941269,8941269,movement,987,714,1709228447154
8941269,8941269,movement,978,710,1709228447163
8941269,8941269,movement,970,705,1709228447177
8941269,8941269,movement,965,703,1709228447194
8941269,8941269,movement,963,702,1709228447210
8941269,8941269,movement,962,702,1709228447226
8941269,8941269,movement,960,701,1709228447243
8941269,8941269,movement,958,700,1709228447266
8941269,8941269,movement,955,698,1709228447280
8941269,8941269,mousedown,955,698,1709228447383
8941269,8941269,mouseup,955,698,1709228447507
8941269,8941269,movement,954,698,1709228447710
8941269,8941269,movement,942,689,1709228447748
8941269,8941269,movement,911,660,1709228447794
8941269,8941269,movement,885,634,1709228447847
8941269,8941269,movement,872,620,1709228447911
8941269,8941269,movement,864,609,1709228447979
8941269,8941269,movement,861,606,1709228448058
8941269,8941269,movement,860,606,1709228448133
8941269,8941269,movement,860,605,1709228448214
8941269,8941269,movement,860,604,1709228448294
8941269,8941269,movement,858,603,1709228449705
8941269,8941269,movement,784,542,1709228449788
8941269,8941269,movement,427,349,1709228449901
8941269,8941269,movement,265,331,1709228449980
8941269,8941269,movement,255,327,1709228449982
8941269,8941269,movement,210,317,1709228450061
8941269,8941269,movement,208,302,1709228450141
8941269,8941269,movement,230,252,1709228450231
8941269,8941269,movement,242,226,1709228450306
8941269,8941269,movement,250,218,1709228450392
8941269,8941269,movement,253,216,1709228450473
8941269,8941269,movement,263,219,1709228450574
8941269,8941269,movement,277,219,1709228450668
8941269,8941269,movement,282,218,1709228450748
8941269,8941269,movement,282,218,1709228450829
8941269,8941269,mousedown,282,218,1709228450859
8941269,8941269,mouseup,282,218,1709228450961
8941269,8941269,movement,282,218,1709228451108
8941269,8941269,movement,273,232,1709228451238
8941269,8941269,movement,266,243,1709228451288
8941269,8941269,movement,256,259,1709228451335
8941269,8941269,movement,235,286,1709228451437
8941269,8941269,movement,218,315,1709228451523
8941269,8941269,movement,210,336,1709228451606
8941269,8941269,movement,206,348,1709228451690
8941269,8941269,movement,203,357,1709228451775
8941269,8941269,singleclick,203,357,1709228447536
8941269,8941269,movement,202,371,1709228451856
8941269,8941269,movement,197,404,1709228451927
8941269,8941269,movement,191,416,1709228452008
8941269,8941269,movement,187,419,1709228452091
8941269,8941269,movement,182,414,1709228452172
8941269,8941269,movement,181,412,1709228452258
8941269,8941269,mousedown,181,412,1709228452345
8941269,8941269,mouseup,181,412,1709228452442
8941269,8941269,singleclick,181,412,1709228450970
8941269,8941269,movement,181,411,1709228452677
8941269,8941269,movement,181,410,1709228452702
8941269,8941269,movement,181,410,1709228452705
8941269,8941269,movement,181,409,1709228452727
8941269,8941269,movement,180,406,1709228452782
8941269,8941269,movement,180,405,1709228452801
8941269,8941269,movement,179,402,1709228452841
8941269,8941269,movement,178,400,1709228452864
8941269,8941269,movement,178,399,1709228452871
8941269,8941269,movement,178,398,1709228452888
8941269,8941269,movement,178,398,1709228452903
8941269,8941269,movement,178,397,1709228452920
8941269,8941269,movement,178,396,1709228452937
8941269,8941269,movement,178,395,1709228452954
8941269,8941269,movement,177,394,1709228452983
8941269,8941269,movement,177,394,1709228452997
8941269,8941269,movement,177,393,1709228453029
8941269,8941269,movement,177,392,1709228453052
8941269,8941269,movement,177,391,1709228453079
8941269,8941269,mousedown,177,391,1709228453248
8941269,8941269,mouseup,177,391,1709228453344
8941269,8941269,movement,177,393,1709228453633
8941269,8941269,movement,177,394,1709228453665
8941269,8941269,movement,177,394,1709228453688
8941269,8941269,movement,177,397,1709228453750
8941269,8941269,movement,177,398,1709228453776
8941269,8941269,movement,177,398,1709228453815
8941269,8941269,movement,177,398,1709228454330
8941269,8941269,movement,176,398,1709228454362
8941269,8941269,movement,175,396,1709228454431
8941269,8941269,movement,175,395,1709228454497
8941269,8941269,movement,174,394,1709228454598
8941269,8941269,movement,173,394,1709228454640
8941269,8941269,movement,173,393,1709228454669
8941269,8941269,movement,173,392,1709228454795
8941269,8941269,movement,173,391,1709228454844
8941269,8941269,movement,172,391,1709228454853
8941269,8941269,movement,172,390,1709228454957
8941269,8941269,movement,172,390,1709228454978
8941269,8941269,movement,172,389,1709228455010
8941269,8941269,movement,173,389,1709228455020
8941269,8941269,movement,173,388,1709228455027
8941269,8941269,movement,173,387,1709228455075
8941269,8941269,movement,174,387,1709228455090
8941269,8941269,movement,174,386,1709228455221
8941269,8941269,movement,174,386,1709228455222
8941269,8941269,movement,174,382,1709228455281
8941269,8941269,movement,176,378,1709228455328
8941269,8941269,movement,177,374,1709228455366
8941269,8941269,movement,177,372,1709228455371
8941269,8941269,movement,177,370,1709228455402
8941269,8941269,movement,177,370,1709228455418
8941269,8941269,movement,177,369,1709228455435
8941269,8941269,movement,177,368,1709228455457
8941269,8941269,movement,176,369,1709228455577
8941269,8941269,movement,175,369,1709228455582
8941269,8941269,movement,175,370,1709228455589
8941269,8941269,movement,174,371,1709228455603
8941269,8941269,movement,173,375,1709228455622
8941269,8941269,movement,171,380,1709228455637
8941269,8941269,movement,170,390,1709228455653
8941269,8941269,movement,170,398,1709228455668
8941269,8941269,movement,170,406,1709228455689
8941269,8941269,movement,170,414,1709228455705
8941269,8941269,movement,170,419,1709228455720
8941269,8941269,movement,170,424,1709228455736
8941269,8941269,movement,170,427,1709228455752
8941269,8941269,movement,170,428,1709228455768
8941269,8941269,movement,170,430,1709228455785
8941269,8941269,movement,170,430,1709228455802
8941269,8941269,movement,170,431,1709228455820
8941269,8941269,movement,169,432,1709228455836
8941269,8941269,movement,168,433,1709228455851
8941269,8941269,movement,168,435,1709228455869
8941269,8941269,movement,167,438,1709228455890
8941269,8941269,movement,166,439,1709228455906
8941269,8941269,movement,166,441,1709228455920
8941269,8941269,movement,166,443,1709228455938
8941269,8941269,movement,165,446,1709228455952
8941269,8941269,movement,164,446,1709228455971
8941269,8941269,movement,164,448,1709228455986
8941269,8941269,movement,163,448,1709228456001
8941269,8941269,mousedown,163,448,1709228456073
8941269,8941269,mouseup,163,448,1709228456191
8941269,8941269,movement,163,449,1709228456430
8941269,8941269,movement,163,450,1709228456461
8941269,8941269,movement,163,451,1709228456541
8941269,8941269,movement,163,452,1709228456561
8941269,8941269,movement,164,452,1709228456567
8941269,8941269,movement,164,453,1709228456575
8941269,8941269,movement,165,454,1709228456584
8941269,8941269,movement,165,454,1709228456600
8941269,8941269,movement,165,456,1709228456617
8941269,8941269,movement,166,458,1709228456634
8941269,8941269,movement,166,460,1709228456654
8941269,8941269,movement,166,463,1709228456682
8941269,8941269,movement,167,466,1709228456685
8941269,8941269,movement,167,467,1709228456700
8941269,8941269,movement,167,470,1709228456722
8941269,8941269,movement,167,472,1709228456734
8941269,8941269,movement,167,475,1709228456766
8941269,8941269,movement,167,477,1709228456767
8941269,8941269,movement,167,478,1709228456784
8941269,8941269,movement,167,480,1709228456800
8941269,8941269,movement,167,482,1709228456817
8941269,8941269,movement,167,482,1709228456834
8941269,8941269,movement,167,483,1709228456873
8941269,8941269,movement,166,484,1709228456884
8941269,8941269,movement,158,489,1709228456905
8941269,8941269,movement,153,490,1709228456919
8941269,8941269,movement,144,494,1709228456935
8941269,8941269,movement,146,493,1709228456950
8941269,8941269,movement,146,490,1709228457402
8941269,8941269,movement,147,489,1709228457416
8941269,8941269,movement,148,486,1709228457433
8941269,8941269,movement,149,486,1709228457451
8941269,8941269,movement,149,485,1709228457467
8941269,8941269,movement,149,483,1709228457485
8941269,8941269,movement,149,482,1709228457500
8941269,8941269,movement,149,478,1709228457528
8941269,8941269,movement,149,478,1709228457542
8941269,8941269,movement,148,478,1709228457556
8941269,8941269,movement,148,477,1709228457574
8941269,8941269,movement,147,477,1709228457583
8941269,8941269,movement,146,477,1709228457607
8941269,8941269,movement,146,476,1709228457616
8941269,8941269,movement,145,476,1709228457636
8941269,8941269,movement,144,476,1709228457650
8941269,8941269,movement,143,476,1709228457668
8941269,8941269,movement,142,476,1709228457691
8941269,8941269,movement,142,476,1709228457703
8941269,8941269,movement,140,476,1709228457719
8941269,8941269,movement,138,476,1709228457735
8941269,8941269,movement,136,476,1709228457750
8941269,8941269,movement,134,476,1709228457768
8941269,8941269,movement,133,477,1709228457799
8941269,8941269,movement,132,477,1709228457817
8941269,8941269,movement,131,478,1709228457835
8941269,8941269,movement,131,478,1709228457849
8941269,8941269,movement,130,478,1709228457866
8941269,8941269,movement,131,478,1709228458016
8941269,8941269,movement,132,479,1709228458033
8941269,8941269,movement,134,480,1709228458050
8941269,8941269,movement,138,482,1709228458066
8941269,8941269,movement,143,486,1709228458085
8941269,8941269,movement,146,490,1709228458102
8941269,8941269,movement,146,498,1709228458117
8941269,8941269,movement,150,508,1709228458141
8941269,8941269,movement,155,525,1709228458160
8941269,8941269,movement,157,532,1709228458171
8941269,8941269,movement,161,545,1709228458184
8941269,8941269,movement,164,554,1709228458200
8941269,8941269,movement,165,559,1709228458218
8941269,8941269,movement,165,564,1709228458233
8941269,8941269,movement,166,569,1709228458253
8941269,8941269,movement,166,571,1709228458267
8941269,8941269,movement,166,574,1709228458282
8941269,8941269,movement,166,576,1709228458299
8941269,8941269,movement,166,577,1709228458316
8941269,8941269,mousedown,166,577,1709228458481
8941269,8941269,mouseup,166,577,1709228458553
8941269,8941269,movement,166,577,1709228458577
8941269,8941269,movement,166,578,1709228458651
8941269,8941269,movement,166,578,1709228458690
8941269,8941269,movement,166,579,1709228458734
8941269,8941269,movement,166,581,1709228458750
8941269,8941269,movement,166,582,1709228458766
8941269,8941269,movement,166,582,1709228458783
8941269,8941269,movement,166,583,1709228458799
8941269,8941269,movement,166,585,1709228458816
8941269,8941269,movement,166,588,1709228458857
8941269,8941269,movement,166,591,1709228458898
8941269,8941269,movement,166,602,1709228459070
8941269,8941269,movement,167,606,1709228459154
8941269,8941269,movement,168,611,1709228459276
8941269,8941269,movement,169,612,1709228459349
8941269,8941269,movement,169,613,1709228459408
8941269,8941269,movement,170,613,1709228459516
8941269,8941269,movement,170,614,1709228459544
8941269,8941269,movement,170,614,1709228459636
8941269,8941269,movement,170,615,1709228459706
8941269,8941269,movement,170,616,1709228459775
8941269,8941269,movement,169,617,1709228459853
8941269,8941269,movement,168,617,1709228459898
8941269,8941269,movement,167,617,1709228459905
8941269,8941269,movement,167,616,1709228459915
8941269,8941269,movement,166,616,1709228459931
8941269,8941269,movement,166,616,1709228459954
8941269,8941269,movement,165,616,1709228459970
8941269,8941269,movement,165,615,1709228459985
8941269,8941269,movement,164,615,1709228460022
8941269,8941269,movement,164,614,1709228460039
8941269,8941269,movement,163,614,1709228460045
8941269,8941269,movement,162,614,1709228460073
8941269,8941269,movement,162,614,1709228460081
8941269,8941269,movement,162,614,1709228460105
8941269,8941269,movement,161,613,1709228460123
8941269,8941269,movement,161,612,1709228460131
8941269,8941269,movement,159,612,1709228460147
8941269,8941269,movement,158,612,1709228460163
8941269,8941269,movement,158,611,1709228460181
8941269,8941269,movement,158,611,1709228460197
8941269,8941269,movement,157,610,1709228460214
8941269,8941269,movement,156,610,1709228460241
8941269,8941269,movement,156,610,1709228460248
8941269,8941269,movement,155,610,1709228460272
8941269,8941269,movement,154,610,1709228460302
8941269,8941269,movement,154,609,1709228460318
8941269,8941269,mousedown,154,609,1709228460380
8941269,8941269,mouseup,154,609,1709228460485
8941269,8941269,movement,154,609,1709228460510
8941269,8941269,movement,153,609,1709228460632
8941269,8941269,movement,153,610,1709228460648
8941269,8941269,movement,153,610,1709228460682
8941269,8941269,movement,153,611,1709228460702
8941269,8941269,movement,154,614,1709228460752
8941269,8941269,movement,154,617,1709228460816
8941269,8941269,movement,154,618,1709228460862
8941269,8941269,movement,155,618,1709228460886
8941269,8941269,movement,156,618,1709228460943
8941269,8941269,movement,155,618,1709228461390
8941269,8941269,movement,155,617,1709228461399
8941269,8941269,movement,155,616,1709228461416
8941269,8941269,movement,154,615,1709228461439
8941269,8941269,movement,154,614,1709228461454
8941269,8941269,movement,153,614,1709228461479
8941269,8941269,movement,153,613,1709228461492
8941269,8941269,movement,153,612,1709228461517
8941269,8941269,movement,153,611,1709228461550
8941269,8941269,movement,153,610,1709228461562
8941269,8941269,movement,153,610,1709228461570
8941269,8941269,movement,153,609,1709228461580
8941269,8941269,movement,153,607,1709228461596
8941269,8941269,movement,153,605,1709228461613
8941269,8941269,movement,154,603,1709228461629
8941269,8941269,movement,154,602,1709228461647
8941269,8941269,movement,155,599,1709228461662
8941269,8941269,movement,156,596,1709228461681
8941269,8941269,movement,158,592,1709228461697
8941269,8941269,movement,162,588,1709228461717
8941269,8941269,movement,165,583,1709228461730
8941269,8941269,movement,170,579,1709228461750
8941269,8941269,movement,175,575,1709228461765
8941269,8941269,movement,182,570,1709228461782
8941269,8941269,movement,186,566,1709228461795
8941269,8941269,movement,188,564,1709228461816
8941269,8941269,movement,196,558,1709228461831
8941269,8941269,movement,206,552,1709228461846
8941269,8941269,movement,219,546,1709228461863
8941269,8941269,movement,237,538,1709228461882
8941269,8941269,movement,254,530,1709228461900
8941269,8941269,movement,280,518,1709228461921
8941269,8941269,movement,302,505,1709228461933
8941269,8941269,movement,330,490,1709228461946
8941269,8941269,movement,359,477,1709228461963
8941269,8941269,movement,382,468,1709228461981
8941269,8941269,movement,405,458,1709228461997
8941269,8941269,movement,422,450,1709228462013
8941269,8941269,movement,434,446,1709228462029
8941269,8941269,movement,445,441,1709228462045
8941269,8941269,movement,455,436,1709228462063
8941269,8941269,movement,461,433,1709228462080
8941269,8941269,movement,464,430,1709228462096
8941269,8941269,movement,466,429,1709228462112
8941269,8941269,movement,468,426,1709228462129
8941269,8941269,movement,470,425,1709228462145
8941269,8941269,movement,472,421,1709228462162
8941269,8941269,movement,474,418,1709228462179
8941269,8941269,movement,475,414,1709228462195
8941269,8941269,movement,478,411,1709228462212
8941269,8941269,movement,480,406,1709228462229
8941269,8941269,movement,481,404,1709228462246
8941269,8941269,movement,483,400,1709228462262
8941269,8941269,movement,485,397,1709228462278
8941269,8941269,movement,485,394,1709228462302
8941269,8941269,movement,486,392,1709228462318
8941269,8941269,movement,486,391,1709228462330
8941269,8941269,movement,488,389,1709228462346
8941269,8941269,movement,489,387,1709228462364
8941269,8941269,movement,490,386,1709228462384
8941269,8941269,movement,491,383,1709228462400
8941269,8941269,movement,492,382,1709228462412
8941269,8941269,movement,492,381,1709228462434
8941269,8941269,movement,492,380,1709228462446
8941269,8941269,mousedown,492,380,1709228462617
8941269,8941269,mouseup,492,380,1709228462722
8941269,8941269,movement,491,380,1709228463128
8941269,8941269,singleclick,491,380,1709228462729
8941269,8941269,movement,490,380,1709228463176
8941269,8941269,movement,490,380,1709228463189
8941269,8941269,movement,489,381,1709228463196
8941269,8941269,movement,488,381,1709228463228
8941269,8941269,movement,487,382,1709228463246
8941269,8941269,movement,486,383,1709228463261
8941269,8941269,movement,484,385,1709228463278
8941269,8941269,movement,482,386,1709228463296
8941269,8941269,movement,480,390,1709228463313
8941269,8941269,movement,476,396,1709228463328
8941269,8941269,movement,467,404,1709228463345
8941269,8941269,movement,461,408,1709228463365
8941269,8941269,movement,450,414,1709228463385
8941269,8941269,movement,447,415,1709228463398
8941269,8941269,movement,440,418,1709228463411
8941269,8941269,movement,430,421,1709228463428
8941269,8941269,movement,419,423,1709228463445
8941269,8941269,movement,405,428,1709228463461
8941269,8941269,movement,399,429,1709228463478
8941269,8941269,movement,398,429,1709228463494
8941269,8941269,movement,395,426,1709228463512
8941269,8941269,movement,393,422,1709228463529
8941269,8941269,movement,390,416,1709228463545
8941269,8941269,movement,365,362,1709228463593
8941269,8941269,movement,352,338,1709228463618
8941269,8941269,movement,338,316,1709228463629
8941269,8941269,movement,325,293,1709228463646
8941269,8941269,movement,317,276,1709228463661
8941269,8941269,movement,310,266,1709228463677
8941269,8941269,movement,302,254,1709228463695
8941269,8941269,movement,302,252,1709228463712
8941269,8941269,movement,298,246,1709228463733
8941269,8941269,movement,294,242,1709228463770
8941269,8941269,movement,293,242,1709228463806
8941269,8941269,movement,290,242,1709228463844
8941269,8941269,movement,288,243,1709228463866
8941269,8941269,movement,287,244,1709228463876
8941269,8941269,movement,286,245,1709228463895
8941269,8941269,movement,286,246,1709228463911
8941269,8941269,movement,286,242,1709228464031
8941269,8941269,movement,287,238,1709228464052
8941269,8941269,movement,287,235,1709228464060
8941269,8941269,movement,288,230,1709228464077
8941269,8941269,movement,288,228,1709228464097
8941269,8941269,movement,288,225,1709228464118
8941269,8941269,movement,288,224,1709228464130
8941269,8941269,mousedown,288,224,1709228464360
8941269,8941269,mouseup,288,224,1709228464440
8941269,8941269,movement,288,228,1709228464480
8941269,8941269,movement,283,239,1709228464528
8941269,8941269,movement,270,264,1709228464579
8941269,8941269,movement,261,275,1709228464608
8941269,8941269,movement,248,286,1709228464631
8941269,8941269,movement,236,297,1709228464633
8941269,8941269,movement,221,306,1709228464643
8941269,8941269,movement,210,307,1709228464660
8941269,8941269,movement,198,308,1709228464676
8941269,8941269,movement,189,307,1709228464694
8941269,8941269,movement,180,306,1709228464710
8941269,8941269,movement,171,302,1709228464728
8941269,8941269,movement,162,298,1709228464743
8941269,8941269,movement,154,294,1709228464760
8941269,8941269,movement,144,288,1709228464776
8941269,8941269,movement,138,285,1709228464793
8941269,8941269,movement,135,282,1709228464814
8941269,8941269,movement,134,281,1709228464827
8941269,8941269,movement,133,281,1709228464846
8941269,8941269,singleclick,133,281,1709228464443
8941269,8941269,movement,133,280,1709228464860
8941269,8941269,movement,133,279,1709228464878
8941269,8941269,mousedown,133,279,1709228464911
8941269,8941269,movement,133,278,1709228464915
8941269,8941269,mouseup,133,278,1709228465004
8941269,8941269,movement,537,366,1709228465380
8941269,8941269,movement,770,340,1709228465431
8941269,8941269,movement,818,327,1709228465467
8941269,8941269,movement,842,318,1709228465526
8941269,8941269,movement,797,314,1709228465577
8941269,8941269,movement,563,306,1709228465640
8941269,8941269,movement,361,301,1709228465679
8941269,8941269,movement,339,301,1709228465697
8941269,8941269,movement,296,299,1709228465719
8941269,8941269,movement,278,299,1709228465739
8941269,8941269,movement,270,299,1709228465756
8941269,8941269,movement,270,299,1709228465763
8941269,8941269,movement,270,299,1709228465843
8941269,8941269,movement,272,299,1709228465863
8941269,8941269,movement,274,300,1709228465876
8941269,8941269,movement,285,300,1709228465896
8941269,8941269,movement,289,300,1709228465911
8941269,8941269,movement,322,301,1709228465934
8941269,8941269,movement,384,302,1709228465956
8941269,8941269,movement,446,302,1709228465969
8941269,8941269,movement,482,304,1709228465975
8941269,8941269,movement,553,304,1709228465992
8941269,8941269,movement,623,304,1709228466010
8941269,8941269,movement,681,304,1709228466026
8941269,8941269,movement,730,304,1709228466044
8941269,8941269,movement,768,304,1709228466059
8941269,8941269,movement,809,305,1709228466076
8941269,8941269,movement,830,307,1709228466091
8941269,8941269,movement,847,310,1709228466109
8941269,8941269,movement,865,314,1709228466130
8941269,8941269,movement,882,320,1709228466143
8941269,8941269,movement,898,325,1709228466160
8941269,8941269,movement,909,329,1709228466175
8941269,8941269,movement,920,331,1709228466196
8941269,8941269,movement,933,335,1709228466209
8941269,8941269,movement,939,337,1709228466225
8941269,8941269,movement,946,337,1709228466243
8941269,8941269,movement,951,338,1709228466259
8941269,8941269,movement,962,340,1709228466275
8941269,8941269,movement,976,341,1709228466298
8941269,8941269,movement,1020,341,1709228466319
8941269,8941269,movement,1058,341,1709228466339
8941269,8941269,movement,1070,339,1709228466350
8941269,8941269,movement,1108,334,1709228466362
8941269,8941269,movement,1124,330,1709228466381
8941269,8941269,movement,1155,321,1709228466392
8941269,8941269,movement,1186,310,1709228466414
8941269,8941269,movement,1239,286,1709228466432
8941269,8941269,movement,1290,266,1709228466451
8941269,8941269,movement,1306,260,1709228466466
8941269,8941269,movement,1338,247,1709228466483
8941269,8941269,movement,1353,241,1709228466517
8941269,8941269,movement,1366,232,1709228466532
8941269,8941269,movement,1367,231,1709228466541
8941269,8941269,movement,1367,229,1709228466558
8941269,8941269,movement,1366,227,1709228466575
8941269,8941269,movement,1366,226,1709228466592
8941269,8941269,movement,1365,225,1709228466608
8941269,8941269,movement,1364,223,1709228466625
8941269,8941269,movement,1364,222,1709228466642
8941269,8941269,movement,1362,221,1709228466657
8941269,8941269,movement,1362,220,1709228466682
8941269,8941269,movement,1361,220,1709228466752
8941269,8941269,movement,1359,221,1709228466764
8941269,8941269,movement,1354,224,1709228466776
8941269,8941269,movement,1346,232,1709228466792
8941269,8941269,movement,1339,239,1709228466811
8941269,8941269,movement,1334,248,1709228466836
8941269,8941269,movement,1234,382,1709228466868
8941269,8941269,movement,1168,458,1709228466900
8941269,8941269,movement,1152,478,1709228466930
8941269,8941269,movement,1150,482,1709228466948
8941269,8941269,mousedown,1150,482,1709228467116
8941269,8941269,movement,1150,482,1709228467181
8941269,8941269,mouseup,1150,482,1709228467228
8941269,8941269,movement,1150,483,1709228467273
8941269,8941269,movement,1147,486,1709228467394
8941269,8941269,movement,1145,490,1709228467420
8941269,8941269,movement,1144,490,1709228467430
8941269,8941269,movement,1142,492,1709228467455
8941269,8941269,movement,1133,496,1709228467489
8941269,8941269,movement,1123,499,1709228467526
8941269,8941269,movement,1107,502,1709228467561
8941269,8941269,movement,1094,504,1709228467610
8941269,8941269,movement,1079,505,1709228467658
8941269,8941269,movement,1018,503,1709228467708
8941269,8941269,movement,926,490,1709228467763
8941269,8941269,movement,714,450,1709228467828
8941269,8941269,movement,598,386,1709228467894
8941269,8941269,movement,541,305,1709228467958
8941269,8941269,movement,496,251,1709228468018
8941269,8941269,movement,475,235,1709228468030
8941269,8941269,movement,445,229,1709228468116
8941269,8941269,movement,416,230,1709228468193
8941269,8941269,movement,414,242,1709228468270
8941269,8941269,movement,414,252,1709228468282
8941269,8941269,movement,420,315,1709228468361
8941269,8941269,movement,424,331,1709228468434
8941269,8941269,movement,425,334,1709228468441
8941269,8941269,movement,431,356,1709228468532
8941269,8941269,movement,461,382,1709228468619
8941269,8941269,movement,578,404,1709228468705
8941269,8941269,movement,694,418,1709228468779
8941269,8941269,movement,746,424,1709228468862
8941269,8941269,movement,753,424,1709228468940
8941269,8941269,movement,754,425,1709228469022
8941269,8941269,movement,753,425,1709228469163
8941269,8941269,movement,752,426,1709228469233
8941269,8941269,movement,750,428,1709228469316
8941269,8941269,movement,747,430,1709228469389
8941269,8941269,movement,744,433,1709228469464
8941269,8941269,movement,741,435,1709228469542
8941269,8941269,movement,737,437,1709228469622
8941269,8941269,movement,734,438,1709228469692
8941269,8941269,movement,731,438,1709228469779
8941269,8941269,movement,730,440,1709228469855
8941269,8941269,movement,730,440,1709228469946
8941269,8941269,movement,729,440,1709228470031
8941269,8941269,movement,728,441,1709228470321
8941269,8941269,movement,726,443,1709228470416
8941269,8941269,movement,718,451,1709228470495
8941269,8941269,movement,705,458,1709228470577
8941269,8941269,movement,695,458,1709228470651
8941269,8941269,movement,684,457,1709228470736
8941269,8941269,movement,676,457,1709228470833
8941269,8941269,movement,663,459,1709228470908
8941269,8941269,movement,652,459,1709228470984
8941269,8941269,movement,609,444,1709228471062
8941269,8941269,movement,556,422,1709228471134
8941269,8941269,movement,486,378,1709228471227
8941269,8941269,movement,423,322,1709228471305
8941269,8941269,movement,395,296,1709228471373
8941269,8941269,movement,394,294,1709228471443
8941269,8941269,movement,395,298,1709228471599
8941269,8941269,movement,392,290,1709228471761
8941269,8941269,movement,370,258,1709228471838
8941269,8941269,movement,367,253,1709228471878
8941269,8941269,movement,353,234,1709228471918
8941269,8941269,movement,345,230,1709228472006
8941269,8941269,movement,333,222,1709228472091
8941269,8941269,movement,319,209,1709228472169
8941269,8941269,movement,309,207,1709228472257
8941269,8941269,movement,298,210,1709228472348
8941269,8941269,movement,290,215,1709228472423
8941269,8941269,movement,283,216,1709228472495
8941269,8941269,movement,278,216,1709228472580
8941269,8941269,movement,277,216,1709228472665
8941269,8941269,movement,287,224,1709228473063
8941269,8941269,movement,304,237,1709228473109
8941269,8941269,movement,385,286,1709228473146
8941269,8941269,movement,488,341,1709228473232
8941269,8941269,movement,505,348,1709228473313
8941269,8941269,movement,507,351,1709228473388
8941269,8941269,movement,509,352,1709228473462
8941269,8941269,movement,510,355,1709228473540
8941269,8941269,movement,510,357,1709228473625
8941269,8941269,movement,510,358,1709228473698
8941269,8941269,movement,510,358,1709228473769
8941269,8941269,movement,510,359,1709228473853
8941269,8941269,movement,510,360,1709228473924
8941269,8941269,movement,510,361,1709228474065
8941269,8941269,movement,510,362,1709228474135
8941269,8941269,movement,510,362,1709228474285
8941269,8941269,movement,509,362,1709228474365
8941269,8941269,movement,508,364,1709228474439
8941269,8941269,movement,508,365,1709228474516
8941269,8941269,movement,508,366,1709228474589
8941269,8941269,movement,508,367,1709228474694
8941269,8941269,movement,508,368,1709228474771
8941269,8941269,movement,508,369,1709228474848
8941269,8941269,movement,508,370,1709228474919
8941269,8941269,movement,508,370,1709228475385
8941269,8941269,movement,508,371,1709228475469
8941269,8941269,movement,509,371,1709228475552
8941269,8941269,movement,509,372,1709228475631
8941269,8941269,movement,510,374,1709228475712
8941269,8941269,movement,513,376,1709228475868
8941269,8941269,movement,514,376,1709228475951
8941269,8941269,movement,516,379,1709228476020
8941269,8941269,movement,517,380,1709228476098
8941269,8941269,movement,517,381,1709228476172
8941269,8941269,movement,517,382,1709228476566
8941269,8941269,movement,517,382,1709228476735
8941269,8941269,movement,516,383,1709228476818
8941269,8941269,movement,516,385,1709228476995
8941269,8941269,movement,515,386,1709228477075
8941269,8941269,movement,515,388,1709228477176
8941269,8941269,movement,515,389,1709228477251
8941269,8941269,movement,515,390,1709228477342
8941269,8941269,movement,515,390,1709228477423
8941269,8941269,movement,515,391,1709228477492
8941269,8941269,movement,515,393,1709228477959
8941269,8941269,movement,515,394,1709228478135
8941269,8941269,movement,517,394,1709228478564
8941269,8941269,movement,520,395,1709228478637
8941269,8941269,movement,521,395,1709228478712
8941269,8941269,movement,522,395,1709228478855
8941269,8941269,movement,526,395,1709228478929
8941269,8941269,movement,530,395,1709228479003
8941269,8941269,movement,533,396,1709228479076
8941269,8941269,movement,534,397,1709228479152
8941269,8941269,movement,536,398,1709228479224
8941269,8941269,movement,537,398,1709228479297
8941269,8941269,movement,538,399,1709228479372
8941269,8941269,movement,539,399,1709228479526
8941269,8941269,movement,540,399,1709228479603
8941269,8941269,movement,541,399,1709228479681
8941269,8941269,movement,540,397,1709228479834
8941269,8941269,movement,537,395,1709228479915
8941269,8941269,movement,536,395,1709228480063
8941269,8941269,movement,536,394,1709228480285
8941269,8941269,movement,538,394,1709228480519
8941269,8941269,movement,539,395,1709228480595
8941269,8941269,movement,540,395,1709228480671
8941269,8941269,movement,541,396,1709228480827
8941269,8941269,movement,542,396,1709228480907
8941269,8941269,movement,542,394,1709228482278
8941269,8941269,movement,542,394,1709228482444
8941269,8941269,movement,544,390,1709228482535
8941269,8941269,movement,544,390,1709228483108
8941269,8941269,movement,547,390,1709228489222
8941269,8941269,movement,550,390,1709228489231
8941269,8941269,movement,553,390,1709228489275
8941269,8941269,movement,559,392,1709228489346
8941269,8941269,movement,563,394,1709228489418
8941269,8941269,movement,592,399,1709228489515
8941269,8941269,movement,608,406,1709228489593
8941269,8941269,movement,695,457,1709228489668
8941269,8941269,movement,723,502,1709228489771
8941269,8941269,movement,723,529,1709228489877
8941269,8941269,movement,722,542,1709228489949
8941269,8941269,movement,722,550,1709228490032
8941269,8941269,movement,723,558,1709228490108
8941269,8941269,movement,725,566,1709228490186
8941269,8941269,movement,725,567,1709228490297
8941269,8941269,mousedown,725,567,1709228490473
8941269,8941269,mouseup,725,567,1709228490628
8941269,8941269,movement,354,136,1709228505422
8941269,8941269,movement,340,166,1709228505501
8941269,8941269,movement,329,187,1709228505579
8941269,8941269,movement,320,194,1709228505659
8941269,8941269,movement,305,198,1709228505749
8941269,8941269,movement,288,210,1709228505868
8941269,8941269,movement,281,218,1709228505967
8941269,8941269,mousedown,281,218,1709228506028
8941269,8941269,mouseup,281,218,1709228506310
8941269,8941269,movement,808,194,1709228506358
8941269,8941269,movement,1138,191,1709228506440
8941269,8941269,movement,1209,180,1709228506517
8941269,8941269,movement,1193,174,1709228506663
8941269,8941269,movement,978,184,1709228506772
8941269,8941269,movement,481,194,1709228506861
8941269,8941269,movement,319,209,1709228506937
8941269,8941269,movement,322,210,1709228507022
8941269,8941269,movement,870,213,1709228507122
8941269,8941269,movement,1535,210,1709228507206
8941269,8941269,movement,1527,209,1709228507356
8941269,8941269,singleclick,1527,209,1709228467272
8941269,8941269,singleclick,1527,209,1709228490658
8941269,8941269,movement,1438,215,1709228507440
8941269,8941269,movement,1385,231,1709228507532
8941269,8941269,movement,1383,235,1709228507619
8941269,8941269,movement,1383,236,1709228507690
8941269,8941269,movement,1397,225,1709228507776
8941269,8941269,movement,1403,221,1709228507860
8941269,8941269,movement,1408,221,1709228507942
8941269,8941269,movement,1415,221,1709228508025
8941269,8941269,movement,1418,220,1709228508103
8941269,8941269,movement,1422,218,1709228508172
8941269,8941269,mousedown,1422,218,1709228508459
8941269,8941269,mouseup,1422,218,1709228508624
8941269,8941269,movement,1421,218,1709228508789
8941269,8941269,movement,1419,220,1709228509515
8941269,8941269,movement,1418,220,1709228509641
8941269,8941269,movement,1418,222,1709228510038
8941269,8941269,movement,1411,230,1709228510124
8941269,8941269,movement,1398,243,1709228510164
8941269,8941269,movement,1351,278,1709228510203
8941269,8941269,movement,1218,320,1709228510326
8941269,8941269,movement,1107,340,1709228510395
8941269,8941269,movement,1088,342,1709228510414
8941269,8941269,movement,1075,345,1709228510432
8941269,8941269,movement,1024,356,1709228510504
8941269,8941269,movement,996,358,1709228510584
8941269,8941269,movement,990,358,1709228510670
8941269,8941269,movement,988,352,1709228510750
8941269,8941269,movement,982,338,1709228510841
8941269,8941269,movement,981,334,1709228510917
8941269,8941269,movement,981,333,1709228510987
8941269,8941269,mousedown,981,333,1709228511006
8941269,8941269,mouseup,981,333,1709228511109
8941269,8941269,movement,970,343,1709228511427
8941269,8941269,movement,960,366,1709228511532
8941269,8941269,movement,957,389,1709228511619
8941269,8941269,movement,957,402,1709228511700
8941269,8941269,movement,954,411,1709228511785
8941269,8941269,movement,949,419,1709228511862
8941269,8941269,movement,929,426,1709228511980
8941269,8941269,movement,842,399,1709228512071
8941269,8941269,movement,707,342,1709228512169
8941269,8941269,movement,583,286,1709228512261
8941269,8941269,movement,465,255,1709228512349
8941269,8941269,movement,403,250,1709228512431
8941269,8941269,movement,376,246,1709228512487
8941269,8941269,movement,364,244,1709228512516
8941269,8941269,movement,353,240,1709228512612
8941269,8941269,movement,322,229,1709228512692
8941269,8941269,movement,301,223,1709228512776
8941269,8941269,movement,294,222,1709228512852
8941269,8941269,movement,296,226,1709228512935
8941269,8941269,movement,318,255,1709228512939
8941269,8941269,movement,386,318,1709228513014
8941269,8941269,movement,422,339,1709228513096
8941269,8941269,movement,424,340,1709228513125
8941269,8941269,movement,427,344,1709228513181
8941269,8941269,movement,429,348,1709228513274
8941269,8941269,movement,428,348,1709228514019
8941269,8941269,movement,428,349,1709228514118
8941269,8941269,movement,427,350,1709228514868
8941269,8941269,movement,426,350,1709228514959
8941269,8941269,movement,426,348,1709228516176
8941269,8941269,movement,428,346,1709228516284
8941269,8941269,movement,429,345,1709228516356
8941269,8941269,movement,430,345,1709228516535
8941269,8941269,movement,430,343,1709228517172
8941269,8941269,movement,430,342,1709228517258
8941269,8941269,movement,431,341,1709228517353
8941269,8941269,movement,433,341,1709228517627
8941269,8941269,movement,435,341,1709228517719
8941269,8941269,movement,437,341,1709228517813
8941269,8941269,movement,439,341,1709228517909
8941269,8941269,movement,441,341,1709228518006
8941269,8941269,movement,442,341,1709228518100
8941269,8941269,movement,442,340,1709228518202
8941269,8941269,movement,443,340,1709228518296
8941269,8941269,movement,443,339,1709228518388
8941269,8941269,movement,444,338,1709228518675
8941269,8941269,movement,445,338,1709228518750
8941269,8941269,movement,445,338,1709228519363
8941269,8941269,movement,444,336,1709228526289
8941269,8941269,movement,442,335,1709228526372
8941269,8941269,movement,441,334,1709228526445
8941269,8941269,movement,439,334,1709228526612
8941269,8941269,movement,438,334,1709228526740
8941269,8941269,movement,430,326,1709228526858
8941269,8941269,movement,372,246,1709228526944
8941269,8941269,movement,334,210,1709228527036
8941269,8941269,movement,293,179,1709228527164
8941269,8941269,movement,291,191,1709228527254
8941269,8941269,movement,292,206,1709228527344
8941269,8941269,movement,291,210,1709228527431
8941269,8941269,movement,290,211,1709228527516
8941269,8941269,mousedown,290,211,1709228527521
8941269,8941269,mouseup,290,211,1709228527656
8941269,8941269,movement,291,212,1709228527734
8941269,8941269,movement,422,220,1709228527871
8941269,8941269,movement,461,226,1709228527923
8941269,8941269,movement,888,255,1709228527939
8941269,8941269,movement,947,255,1709228527942
8941269,8941269,movement,1047,249,1709228527998
8941269,8941269,movement,1066,245,1709228527998
8941269,8941269,movement,1070,244,1709228528086
8941269,8941269,movement,1080,237,1709228528184
8941269,8941269,movement,1109,233,1709228528272
8941269,8941269,movement,1226,218,1709228528350
8941269,8941269,movement,1340,203,1709228528440
8941269,8941269,movement,1362,196,1709228528521
8941269,8941269,movement,1401,178,1709228528601
8941269,8941269,movement,1434,180,1709228528689
8941269,8941269,movement,1439,205,1709228528771
8941269,8941269,movement,1427,220,1709228528856
8941269,8941269,movement,1419,226,1709228528934
8941269,8941269,movement,1418,226,1709228529018
8941269,8941269,movement,1420,226,1709228529172
8941269,8941269,mousedown,1420,226,1709228529176
8941269,8941269,mouseup,1420,226,1709228529359
8941269,8941269,movement,1420,225,1709228529637
8941269,8941269,mousedown,1420,225,1709228530390
8941269,8941269,mouseup,1420,225,1709228530512
8941269,8941269,mousedown,1420,225,1709228531464
8941269,8941269,mouseup,1420,225,1709228531584
8941269,8941269,mousedown,1420,225,1709228532629
8941269,8941269,mouseup,1420,225,1709228532731
8941269,8941269,singleclick,1420,225,1709228506340
Tab ID,ClientID,Type,Mouse X,Mouse Y,TimeStamp
8941269,8941269,movement,1370,131,1709328234347
8941269,8941269,movement,1306,171,1709328234380
8941269,8941269,movement,1242,206,1709328234393
8941269,8941269,movement,1190,230,1709328234403
8941269,8941269,movement,1164,243,1709328234418
8941269,8941269,movement,1141,253,1709328234453
8941269,8941269,movement,1075,282,1709328234491
8941269,8941269,movement,1056,289,1709328234505
8941269,8941269,movement,1046,290,1709328235201
8941269,8941269,movement,1022,295,1709328235225
8941269,8941269,movement,966,314,1709328235253
8941269,8941269,movement,936,328,1709328235260
8941269,8941269,movement,921,335,1709328235273
8941269,8941269,movement,878,358,1709328235290
8941269,8941269,movement,867,364,1709328235307
8941269,8941269,movement,838,378,1709328235322
8941269,8941269,movement,821,387,1709328235338
8941269,8941269,movement,808,393,1709328235350
8941269,8941269,movement,792,401,1709328235365
8941269,8941269,movement,782,406,1709328235386
8941269,8941269,movement,772,410,1709328235398
8941269,8941269,movement,763,414,1709328235421
8941269,8941269,movement,752,420,1709328235437
8941269,8941269,movement,750,422,1709328235448
8941269,8941269,movement,746,423,1709328235471
8941269,8941269,movement,744,424,1709328235487
8941269,8941269,movement,742,425,1709328235499
8941269,8941269,movement,742,425,1709328235524
8941269,8941269,movement,741,425,1709328235538
8941269,8941269,movement,741,426,1709328235548
8941269,8941269,movement,738,428,1709328235564
8941269,8941269,movement,734,430,1709328235581
8941269,8941269,movement,731,432,1709328235598
8941269,8941269,movement,729,434,1709328235616
8941269,8941269,movement,726,435,1709328235632
8941269,8941269,movement,725,436,1709328235655
8941269,8941269,movement,723,437,1709328235666
8941269,8941269,movement,723,433,1709328235728
8941269,8941269,mousedown,723,433,1709328235994
8941269,8941269,mouseup,723,433,1709328236182
8941269,8941269,singleclick,723,433,1709328236206
8941269,8941269,movement,717,426,1709328238083
8941269,8941269,movement,699,409,1709328238100
8941269,8941269,movement,676,390,1709328238114
8941269,8941269,movement,622,353,1709328238131
8941269,8941269,movement,574,327,1709328238148
8941269,8941269,movement,522,302,1709328238164
8941269,8941269,movement,462,276,1709328238183
8941269,8941269,movement,354,234,1709328238198
8941269,8941269,movement,281,211,1709328238215
8941269,8941269,movement,211,194,1709328238233
8941269,8941269,movement,145,181,1709328238247
8941269,8941269,movement,115,178,1709328238262
8941269,8941269,movement,104,176,1709328238285
8941269,8941269,movement,111,170,1709328238614
8941269,8941269,movement,130,158,1709328238628
8941269,8941269,movement,151,149,1709328238649
8941269,8941269,movement,172,139,1709328238667
8941269,8941269,movement,206,130,1709328238686
8941269,8941269,movement,222,129,1709328238702
8941269,8941269,movement,237,129,1709328238715
8941269,8941269,movement,250,130,1709328238732
8941269,8941269,movement,262,130,1709328238750
8941269,8941269,movement,270,134,1709328238764
8941269,8941269,movement,274,135,1709328238778
8941269,8941269,movement,275,136,1709328238795
8941269,8941269,movement,277,137,1709328238812
8941269,8941269,movement,277,138,1709328238828
8941269,8941269,movement,277,138,1709328238845
8941269,8941269,movement,278,138,1709328238862
8941269,8941269,movement,278,139,1709328238879
8941269,8941269,movement,282,142,1709328238897
8941269,8941269,movement,284,145,1709328238915
8941269,8941269,movement,286,146,1709328238932
8941269,8941269,movement,286,147,1709328238946
8941269,8941269,movement,286,147,1709328238988
8941269,8941269,movement,287,148,1709328239004
8941269,8941269,movement,287,149,1709328239019
8941269,8941269,movement,288,150,1709328239031
8941269,8941269,movement,288,151,1709328239045
8941269,8941269,movement,290,154,1709328239072
8941269,8941269,movement,290,157,1709328239083
8941269,8941269,movement,292,160,1709328239095
8941269,8941269,movement,292,162,1709328239112
8941269,8941269,movement,292,164,1709328239130
8941269,8941269,movement,292,165,1709328239163
8941269,8941269,mousedown,292,165,1709328239505
8941269,8941269,mouseup,292,165,1709328239724
8941269,8941269,movement,455,195,1709328240104
8941269,8941269,movement,810,383,1709328240150
8941269,8941269,singleclick,810,383,1709328239727
8941269,8941269,movement,951,478,1709328240251
8941269,8941269,movement,969,478,1709328240486
8941269,8941269,movement,1082,478,1709328240506
8941269,8941269,movement,1114,478,1709328240511
8941269,8941269,movement,1174,472,1709328240526
8941269,8941269,movement,1230,468,1709328240543
8941269,8941269,movement,1278,465,1709328240561
8941269,8941269,movement,1318,464,1709328240576
8941269,8941269,movement,1332,464,1709328240594
8941269,8941269,movement,1338,464,1709328240611
8941269,8941269,movement,1345,464,1709328240631
8941269,8941269,movement,1351,461,1709328240647
8941269,8941269,movement,1358,455,1709328240665
8941269,8941269,movement,1362,450,1709328240693
8941269,8941269,movement,1334,417,1709328240726
8941269,8941269,movement,1250,326,1709328240755
8941269,8941269,movement,1154,233,1709328240783
8941269,8941269,movement,1104,191,1709328240807
8941269,8941269,movement,1099,187,1709328240815
8941269,8941269,movement,1092,181,1709328240826
8941269,8941269,movement,1087,177,1709328240843
8941269,8941269,movement,1086,172,1709328240860
8941269,8941269,movement,1082,162,1709328242080
8941269,8941269,movement,1077,152,1709328242092
8941269,8941269,movement,1066,126,1709328242110
8941269,8941269,movement,1052,92,1709328242127
8941269,8941269,movement,1046,89,1709328242513
8941269,8941269,movement,1050,92,1709328242529
8941269,8941269,movement,1054,100,1709328242543
8941269,8941269,movement,1061,107,1709328242558
8941269,8941269,movement,1068,115,1709328242576
8941269,8941269,movement,1070,118,1709328242592
8941269,8941269,movement,1071,120,1709328242608
8941269,8941269,movement,1072,120,1709328242626
8941269,8941269,movement,1073,121,1709328242642
8941269,8941269,movement,1071,121,1709328242792
8941269,8941269,movement,1067,117,1709328242809
8941269,8941269,movement,1061,110,1709328242825
8941269,8941269,movement,1055,104,1709328242845
8941269,8941269,movement,1044,94,1709328242860
8941269,8941269,movement,1038,86,1709328242879
8941269,8941269,movement,1018,102,1709328243176
8941269,8941269,movement,1027,129,1709328243191
8941269,8941269,movement,1032,139,1709328243208
8941269,8941269,movement,1036,147,1709328243227
8941269,8941269,movement,1042,154,1709328243242
8941269,8941269,movement,1045,158,1709328243257
8941269,8941269,movement,1049,162,1709328243275
8941269,8941269,movement,1051,164,1709328243291
8941269,8941269,movement,1055,169,1709328243307
8941269,8941269,movement,1058,170,1709328243326
8941269,8941269,movement,1058,171,1709328243342
8941269,8941269,movement,1059,171,1709328243363
8941269,8941269,movement,1060,171,1709328243426
8941269,8941269,movement,1062,170,1709328243434
8941269,8941269,movement,1062,166,1709328243440
8941269,8941269,movement,1065,158,1709328243457
8941269,8941269,movement,1066,150,1709328243475
8941269,8941269,movement,1066,143,1709328243492
8941269,8941269,movement,1067,138,1709328243508
8941269,8941269,movement,1069,133,1709328243526
8941269,8941269,movement,1069,130,1709328243543
8941269,8941269,movement,1069,130,1709328243557
8941269,8941269,movement,1069,125,1709328243575
8941269,8941269,movement,1069,113,1709328243604
8941269,8941269,movement,1069,102,1709328243626
8941269,8941269,movement,1067,103,1709328244955
8941269,8941269,movement,1065,106,1709328244961
8941269,8941269,movement,1062,110,1709328244974
8941269,8941269,movement,1058,120,1709328244992
8941269,8941269,movement,1048,138,1709328245005
8941269,8941269,movement,1042,150,1709328245024
8941269,8941269,movement,1038,160,1709328245039
8941269,8941269,movement,1034,172,1709328245056
8941269,8941269,movement,1031,178,1709328245073
8941269,8941269,movement,1030,182,1709328245090
8941269,8941269,movement,1029,186,1709328245107
8941269,8941269,movement,1029,188,1709328245123
8941269,8941269,movement,1028,190,1709328245140
8941269,8941269,movement,1030,192,1709328245155
8941269,8941269,movement,1034,194,1709328245175
8941269,8941269,movement,1037,195,1709328245184
8941269,8941269,movement,1040,197,1709328245192
8941269,8941269,movement,1083,198,1709328245224
8941269,8941269,movement,1093,197,1709328245238
8941269,8941269,movement,1102,195,1709328245241
8941269,8941269,movement,1122,192,1709328245255
8941269,8941269,movement,1139,189,1709328245272
8941269,8941269,movement,1154,187,1709328245289
8941269,8941269,movement,1173,186,1709328245307
8941269,8941269,movement,1186,186,1709328245323
8941269,8941269,movement,1200,186,1709328245340
8941269,8941269,movement,1214,186,1709328245356
8941269,8941269,movement,1229,187,1709328245373
8941269,8941269,movement,1230,187,1709328245388
8941269,8941269,movement,1241,187,1709328245699
8941269,8941269,movement,1253,187,1709328245706
8941269,8941269,movement,1280,186,1709328245726
8941269,8941269,movement,1338,188,1709328245756
8941269,8941269,movement,1357,191,1709328245782
8941269,8941269,movement,1376,195,1709328245812
8941269,8941269,movement,1378,195,1709328245824
8941269,8941269,movement,1382,196,1709328245846
8941269,8941269,movement,1384,196,1709328245869
8941269,8941269,movement,1385,196,1709328245874
8941269,8941269,movement,1386,196,1709328245889
8941269,8941269,movement,1388,197,1709328245906
8941269,8941269,movement,1390,198,1709328245923
8941269,8941269,movement,1391,198,1709328245939
8941269,8941269,movement,1392,198,1709328245979
8941269,8941269,movement,1393,198,1709328246057
8941269,8941269,movement,1394,198,1709328246073
8941269,8941269,movement,1394,197,1709328246087
8941269,8941269,movement,1396,196,1709328246091
8941269,8941269,movement,1400,194,1709328246106
8941269,8941269,movement,1404,192,1709328246125
8941269,8941269,movement,1410,189,1709328246146
8941269,8941269,movement,1413,187,1709328246178
8941269,8941269,movement,1415,185,1709328246203
8941269,8941269,movement,1415,184,1709328246223
8941269,8941269,movement,1416,183,1709328246245
8941269,8941269,movement,1417,183,1709328246293
8941269,8941269,movement,1417,182,1709328246316
8941269,8941269,movement,1417,182,1709328246328
8941269,8941269,movement,1418,182,1709328246343
8941269,8941269,movement,1418,181,1709328246357
8941269,8941269,movement,1419,181,1709328246432
8941269,8941269,movement,1419,178,1709328246458
8941269,8941269,mousedown,1419,178,1709328247047
8941269,8941269,mouseup,1419,178,1709328247289
8941269,8941269,singleclick,1419,178,1709328247290
8941269,8941269,movement,1414,178,1709328248922
8941269,8941269,movement,1397,180,1709328248940
8941269,8941269,movement,1330,200,1709328248985
8941269,8941269,movement,1270,224,1709328249006
8941269,8941269,movement,1219,246,1709328249023
8941269,8941269,movement,1192,258,1709328249043
8941269,8941269,movement,1107,302,1709328249110
8941269,8941269,movement,1090,311,1709328249134
8941269,8941269,movement,1078,316,1709328249149
8941269,8941269,movement,1071,319,1709328249165
8941269,8941269,movement,1069,320,1709328249170
8941269,8941269,movement,1065,322,1709328249186
8941269,8941269,movement,1061,324,1709328249206
8941269,8941269,movement,1058,325,1709328249220
8941269,8941269,movement,1056,325,1709328249236
8941269,8941269,movement,1054,325,1709328249256
8941269,8941269,movement,1053,325,1709328249270
8941269,8941269,movement,1052,325,1709328249288
8941269,8941269,movement,1050,325,1709328249306
8941269,8941269,movement,1050,324,1709328249324
8941269,8941269,movement,1049,323,1709328249335
8941269,8941269,movement,1048,322,1709328249356
8941269,8941269,movement,1047,322,1709328249369
8941269,8941269,movement,1046,321,1709328249385
8941269,8941269,movement,1046,320,1709328249402
8941269,8941269,movement,1046,320,1709328249419
8941269,8941269,movement,1045,320,1709328249435
8941269,8941269,movement,1045,318,1709328249474
8941269,8941269,movement,1045,316,1709328249487
8941269,8941269,mousedown,1045,316,1709328249733
8941269,8941269,mouseup,1045,316,1709328249960
8941269,8941269,singleclick,1045,316,1709328249972
8941269,8941269,movement,1017,326,1709328253967
8941269,8941269,movement,970,349,1709328253990
8941269,8941269,movement,928,370,1709328253999
8941269,8941269,movement,883,394,1709328254014
8941269,8941269,movement,838,419,1709328254032
8941269,8941269,movement,800,439,1709328254048
8941269,8941269,movement,758,458,1709328254065
8941269,8941269,movement,738,464,1709328254081
8941269,8941269,movement,716,470,1709328254097
8941269,8941269,movement,707,470,1709328254119
8941269,8941269,movement,700,470,1709328254130
8941269,8941269,movement,674,457,1709328254497
8941269,8941269,movement,616,420,1709328254522
8941269,8941269,movement,597,405,1709328254532
8941269,8941269,movement,554,374,1709328254546
8941269,8941269,movement,487,319,1709328254563
8941269,8941269,movement,445,285,1709328254582
8941269,8941269,movement,407,255,1709328254602
8941269,8941269,movement,378,233,1709328254617
8941269,8941269,movement,350,214,1709328254634
8941269,8941269,movement,338,206,1709328254646
8941269,8941269,movement,329,201,1709328254665
8941269,8941269,movement,324,198,1709328254672
8941269,8941269,movement,318,189,1709328254681
8941269,8941269,movement,309,183,1709328255097
8941269,8941269,movement,304,179,1709328255123
8941269,8941269,movement,299,176,1709328255132
8941269,8941269,movement,295,174,1709328255147
8941269,8941269,movement,294,172,1709328255169
8941269,8941269,movement,290,169,1709328255199
8941269,8941269,movement,288,168,1709328255236
8941269,8941269,movement,286,167,1709328255275
8941269,8941269,movement,286,166,1709328255318
8941269,8941269,movement,286,166,1709328255347
8941269,8941269,movement,285,165,1709328255399
8941269,8941269,mousedown,285,165,1709328257148
8941269,8941269,mouseup,285,165,1709328257371
8941269,8941269,singleclick,285,165,1709328257374
8941269,8941269,movement,287,166,1709328258339
8941269,8941269,movement,292,170,1709328258345
8941269,8941269,movement,299,174,1709328258363
8941269,8941269,movement,327,193,1709328258380
8941269,8941269,movement,348,209,1709328258398
8941269,8941269,movement,390,242,1709328258412
8941269,8941269,movement,427,278,1709328258435
8941269,8941269,movement,483,338,1709328258456
8941269,8941269,movement,537,400,1709328258484
8941269,8941269,movement,569,426,1709328258515
8941269,8941269,movement,586,430,1709328258533
8941269,8941269,movement,591,437,1709328258953
8941269,8941269,movement,596,444,1709328258964
8941269,8941269,movement,610,462,1709328258985
8941269,8941269,movement,638,514,1709328259018
8941269,8941269,movement,657,554,1709328259050
8941269,8941269,movement,678,598,1709328259088
8941269,8941269,movement,686,607,1709328259116
8941269,8941269,movement,689,610,1709328259128
8941269,8941269,movement,690,610,1709328259142
8941269,8941269,mousedown,690,610,1709328259558
8941269,8941269,mouseup,690,610,1709328259777
8941269,8941269,singleclick,690,610,1709328259784
8941269,8941269,movement,687,610,1709328261309
8941269,8941269,movement,680,609,1709328261324
8941269,8941269,movement,674,607,1709328261344
8941269,8941269,movement,669,606,1709328261358
8941269,8941269,movement,666,605,1709328261375
8941269,8941269,movement,664,605,1709328261392
8941269,8941269,movement,662,604,1709328261407
8941269,8941269,movement,662,603,1709328261424
8941269,8941269,movement,661,603,1709328261441
8941269,8941269,movement,660,603,1709328261491
8941269,8941269,movement,659,603,1709328261509
8941269,8941269,movement,659,601,1709328261524
8941269,8941269,movement,658,600,1709328261544
8941269,8941269,movement,656,594,1709328261560
8941269,8941269,movement,652,588,1709328261575
8941269,8941269,movement,646,573,1709328261593
8941269,8941269,movement,642,563,1709328261611
8941269,8941269,movement,637,548,1709328261626
8941269,8941269,movement,634,538,1709328261641
8941269,8941269,movement,630,529,1709328261659
8941269,8941269,movement,629,519,1709328261674
8941269,8941269,movement,627,514,1709328261695
8941269,8941269,movement,626,510,1709328261706
8941269,8941269,movement,626,506,1709328261724
8941269,8941269,movement,624,502,1709328261741
8941269,8941269,movement,624,498,1709328261758
8941269,8941269,movement,623,493,1709328261774
8941269,8941269,movement,622,486,1709328261790
8941269,8941269,movement,622,482,1709328261808
8941269,8941269,movement,622,476,1709328261825
8941269,8941269,movement,622,470,1709328261842
8941269,8941269,movement,622,466,1709328261857
8941269,8941269,movement,622,462,1709328261873
8941269,8941269,movement,624,457,1709328261890
8941269,8941269,movement,625,455,1709328261909
8941269,8941269,movement,625,452,1709328261924
8941269,8941269,movement,626,451,1709328261941
8941269,8941269,movement,627,450,1709328261957
8941269,8941269,movement,627,449,1709328261973
8941269,8941269,movement,628,449,1709328262041
8941269,8941269,movement,622,452,1709328262526
8941269,8941269,movement,606,462,1709328262543
8941269,8941269,movement,592,472,1709328262558
8941269,8941269,movement,574,483,1709328262574
8941269,8941269,movement,567,488,1709328262589
8941269,8941269,movement,561,492,1709328262607
8941269,8941269,movement,555,496,1709328262623
8941269,8941269,movement,553,498,1709328262639
8941269,8941269,movement,551,499,1709328262658
8941269,8941269,movement,550,501,1709328262674
8941269,8941269,movement,549,502,1709328262689
8941269,8941269,movement,548,504,1709328262708
8941269,8941269,movement,546,514,1709328262725
8941269,8941269,movement,545,527,1709328262739
8941269,8941269,movement,546,543,1709328262758
8941269,8941269,movement,554,565,1709328262775
8941269,8941269,movement,563,576,1709328262789
8941269,8941269,movement,573,586,1709328262806
8941269,8941269,movement,590,598,1709328262823
8941269,8941269,movement,601,602,1709328262839
8941269,8941269,movement,608,605,1709328262858
8941269,8941269,movement,613,606,1709328262872
8941269,8941269,movement,614,607,1709328262889
8941269,8941269,movement,614,607,1709328262907
8941269,8941269,movement,615,607,1709328262924
8941269,8941269,movement,616,607,1709328262940
8941269,8941269,movement,617,606,1709328262957
8941269,8941269,movement,621,600,1709328262976
8941269,8941269,movement,627,588,1709328262989
8941269,8941269,movement,634,574,1709328263008
8941269,8941269,movement,642,552,1709328263024
8941269,8941269,movement,646,539,1709328263039
8941269,8941269,movement,649,529,1709328263058
8941269,8941269,movement,648,518,1709328263073
8941269,8941269,movement,644,511,1709328263089
8941269,8941269,movement,638,505,1709328263108
8941269,8941269,movement,628,498,1709328263125
8941269,8941269,movement,622,496,1709328263140
8941269,8941269,movement,617,494,1709328263160
8941269,8941269,movement,612,493,1709328263176
8941269,8941269,movement,609,493,1709328263189
8941269,8941269,movement,608,492,1709328263208
8941269,8941269,movement,605,492,1709328263223
8941269,8941269,movement,603,490,1709328263239
8941269,8941269,movement,595,486,1709328263908
8941269,8941269,movement,569,475,1709328263923
8941269,8941269,movement,517,447,1709328263938
8941269,8941269,movement,472,422,1709328263959
8941269,8941269,movement,402,382,1709328263972
8941269,8941269,movement,355,354,1709328263989
8941269,8941269,movement,310,328,1709328264007
8941269,8941269,movement,260,302,1709328264024
8941269,8941269,movement,240,290,1709328264041
8941269,8941269,movement,222,278,1709328264056
8941269,8941269,movement,224,272,1709328264356
8941269,8941269,movement,230,260,1709328264376
8941269,8941269,movement,241,245,1709328264393
8941269,8941269,movement,246,238,1709328264405
8941269,8941269,movement,250,232,1709328264423
8941269,8941269,movement,255,226,1709328264441
8941269,8941269,movement,258,223,1709328264456
8941269,8941269,movement,261,220,1709328264470
8941269,8941269,movement,263,217,1709328264490
8941269,8941269,movement,266,215,1709328264504
8941269,8941269,movement,266,212,1709328264521
8941269,8941269,movement,269,210,1709328264540
8941269,8941269,movement,270,207,1709328264554
8941269,8941269,movement,270,206,1709328264572
8941269,8941269,movement,271,206,1709328264590
8941269,8941269,movement,271,204,1709328264604
8941269,8941269,movement,272,204,1709328264638
8941269,8941269,movement,273,203,1709328264670
8941269,8941269,movement,273,201,1709328264689
8941269,8941269,movement,274,198,1709328264703
8941269,8941269,movement,274,195,1709328264705
8941269,8941269,movement,275,190,1709328264728
8941269,8941269,movement,277,186,1709328264739
8941269,8941269,movement,278,180,1709328264756
8941269,8941269,movement,279,174,1709328264778
8941269,8941269,movement,280,172,1709328264793
8941269,8941269,movement,280,170,1709328264808
8941269,8941269,movement,280,170,1709328264825
8941269,8941269,movement,280,167,1709328264840
8941269,8941269,movement,284,161,1709328264858
8941269,8941269,mousedown,284,161,1709328265093
8941269,8941269,mouseup,284,161,1709328265314
8941269,8941269,movement,312,161,1709328265674
8941269,8941269,movement,388,167,1709328265690
8941269,8941269,movement,462,178,1709328265706
8941269,8941269,movement,549,193,1709328265723
8941269,8941269,singleclick,549,193,1709328265316
8941269,8941269,movement,644,206,1709328265740
8941269,8941269,movement,790,223,1709328265756
8941269,8941269,movement,871,232,1709328265773
8941269,8941269,movement,902,235,1709328265789
8941269,8941269,movement,923,233,1709328266091
8941269,8941269,movement,952,228,1709328266103
8941269,8941269,movement,1062,213,1709328266121
8941269,8941269,movement,1142,206,1709328266136
8941269,8941269,movement,1218,198,1709328266156
8941269,8941269,movement,1303,195,1709328266173
8941269,8941269,movement,1344,191,1709328266186
8941269,8941269,movement,1369,190,1709328266206
8941269,8941269,movement,1398,186,1709328266218
8941269,8941269,movement,1411,184,1709328266238
8941269,8941269,movement,1421,183,1709328266254
8941269,8941269,movement,1433,181,1709328266270
8941269,8941269,movement,1437,181,1709328266287
8941269,8941269,movement,1442,180,1709328266305
8941269,8941269,movement,1448,179,1709328266324
8941269,8941269,movement,1454,179,1709328266340
8941269,8941269,movement,1457,179,1709328266358
8941269,8941269,movement,1458,178,1709328266371
8941269,8941269,movement,1460,178,1709328266386
8941269,8941269,movement,1462,178,1709328266403
8941269,8941269,movement,1462,178,1709328266419
8941269,8941269,movement,1463,178,1709328266437
8941269,8941269,movement,1463,178,1709328266503
8941269,8941269,movement,1460,176,1709328266521
8941269,8941269,movement,1454,174,1709328266536
8941269,8941269,movement,1449,172,1709328266553
8941269,8941269,movement,1445,171,1709328266570
8941269,8941269,movement,1443,170,1709328266586
8941269,8941269,movement,1440,170,1709328266602
8941269,8941269,movement,1438,169,1709328266619
8941269,8941269,movement,1437,168,1709328266637
8941269,8941269,movement,1436,168,1709328266652
8941269,8941269,movement,1435,168,1709328266671
8941269,8941269,movement,1434,168,1709328266687
8941269,8941269,movement,1434,168,1709328266819
8941269,8941269,movement,1433,168,1709328266836
8941269,8941269,movement,1432,168,1709328266860
8941269,8941269,movement,1431,168,1709328266878
8941269,8941269,movement,1430,168,1709328266892
8941269,8941269,movement,1430,168,1709328266902
8941269,8941269,movement,1428,169,1709328266919
8941269,8941269,mousedown,1428,169,1709328267344
8941269,8941269,mouseup,1428,169,1709328267615
8941269,8941269,movement,1427,175,1709328268463
8941269,8941269,movement,1426,181,1709328268492
8941269,8941269,singleclick,1426,181,1709328267619
8941269,8941269,movement,1426,189,1709328268524
8941269,8941269,movement,1426,194,1709328268542
8941269,8941269,movement,1418,227,1709328268580
8941269,8941269,movement,1396,318,1709328268648
8941269,8941269,movement,1377,406,1709328268706
8941269,8941269,movement,1370,449,1709328268737
8941269,8941269,movement,1364,482,1709328268763
8941269,8941269,movement,1360,502,1709328268792
8941269,8941269,movement,1355,509,1709328268811
8941269,8941269,movement,1354,509,1709328268820
8941269,8941269,movement,1346,513,1709328269115
8941269,8941269,movement,1333,518,1709328269128
8941269,8941269,movement,1304,530,1709328269138
8941269,8941269,movement,1272,542,1709328269157
8941269,8941269,movement,1205,566,1709328269180
8941269,8941269,movement,1191,570,1709328269186
8941269,8941269,movement,1177,574,1709328269205
8941269,8941269,movement,1130,588,1709328269224
8941269,8941269,movement,1118,591,1709328269233
8941269,8941269,movement,1101,598,1709328269251
8941269,8941269,movement,1083,604,1709328269270
8941269,8941269,movement,1075,606,1709328269283
8941269,8941269,movement,1070,609,1709328269301
8941269,8941269,movement,1062,611,1709328269316
8941269,8941269,movement,1057,611,1709328269334
8941269,8941269,movement,1054,611,1709328269351
8941269,8941269,movement,1049,615,1709328269633
8941269,8941269,movement,1027,630,1709328269658
8941269,8941269,movement,1014,640,1709328269668
8941269,8941269,movement,1001,652,1709328269687
8941269,8941269,movement,982,670,1709328269707
8941269,8941269,movement,967,681,1709328269726
8941269,8941269,movement,960,686,1709328269738
8941269,8941269,movement,958,689,1709328269749
8941269,8941269,movement,956,690,1709328269765
8941269,8941269,movement,955,690,1709328269783
8941269,8941269,movement,955,691,1709328269808
8941269,8941269,movement,954,691,1709328269844
8941269,8941269,movement,954,691,1709328269859
8941269,8941269,mousedown,954,691,1709328270177
8941269,8941269,mouseup,954,691,1709328270408
8941269,8941269,singleclick,954,691,1709328270421
8941269,8941269,movement,949,684,1709328270948
8941269,8941269,movement,942,677,1709328270970
8941269,8941269,movement,928,665,1709328270982
8941269,8941269,movement,906,645,1709328271000
8941269,8941269,movement,890,631,1709328271015
8941269,8941269,movement,874,616,1709328271034
8941269,8941269,movement,858,599,1709328271050
8941269,8941269,movement,828,573,1709328271068
8941269,8941269,movement,805,556,1709328271084
8941269,8941269,movement,783,538,1709328271101
8941269,8941269,movement,752,514,1709328271116
8941269,8941269,movement,718,494,1709328271142
8941269,8941269,movement,705,483,1709328271162
8941269,8941269,movement,694,478,1709328271472
8941269,8941269,movement,682,468,1709328271481
8941269,8941269,movement,654,446,1709328271499
8941269,8941269,movement,612,410,1709328271514
8941269,8941269,movement,586,386,1709328271532
8941269,8941269,movement,563,362,1709328271553
8941269,8941269,movement,544,342,1709328271565
8941269,8941269,movement,519,314,1709328271589
8941269,8941269,movement,506,298,1709328271600
8941269,8941269,movement,493,286,1709328271619
8941269,8941269,movement,480,274,1709328271636
8941269,8941269,movement,470,266,1709328271650
8941269,8941269,movement,461,258,1709328271665
8941269,8941269,movement,446,247,1709328271682
8941269,8941269,movement,438,241,1709328271700
8941269,8941269,movement,430,237,1709328271716
8941269,8941269,movement,423,232,1709328271733
8941269,8941269,movement,415,228,1709328271748
8941269,8941269,movement,412,226,1709328271766
8941269,8941269,movement,408,225,1709328271782
8941269,8941269,movement,403,222,1709328271800
8941269,8941269,movement,398,220,1709328271822
8941269,8941269,movement,391,218,1709328271840
8941269,8941269,movement,382,214,1709328271859
8941269,8941269,movement,379,214,1709328271866
8941269,8941269,movement,377,213,1709328271881
8941269,8941269,movement,371,211,1709328271897
8941269,8941269,movement,363,208,1709328271915
8941269,8941269,movement,360,206,1709328271931
8941269,8941269,movement,356,203,1709328271947
8941269,8941269,movement,354,201,1709328271966
8941269,8941269,movement,352,198,1709328271981
8941269,8941269,movement,347,196,1709328272303
8941269,8941269,movement,338,190,1709328272326
8941269,8941269,movement,319,179,1709328272341
8941269,8941269,movement,316,176,1709328272349
8941269,8941269,movement,310,172,1709328272365
8941269,8941269,movement,306,170,1709328272382
8941269,8941269,movement,303,167,1709328272397
8941269,8941269,movement,302,166,1709328272417
8941269,8941269,movement,301,166,1709328272434
8941269,8941269,movement,298,164,1709328272449
8941269,8941269,movement,297,163,1709328272465
8941269,8941269,movement,296,162,1709328272489
8941269,8941269,movement,295,162,1709328272500
8941269,8941269,movement,294,162,1709328272518
8941269,8941269,movement,294,162,1709328272568
8941269,8941269,movement,294,161,1709328272599
8941269,8941269,movement,293,161,1709328272614
8941269,8941269,movement,293,160,1709328272630
8941269,8941269,movement,292,160,1709328272707
8941269,8941269,mousedown,292,160,1709328273067
8941269,8941269,mouseup,292,160,1709328273293
8941269,8941269,singleclick,292,160,1709328273297
8941269,8941269,movement,293,160,1709328273816
8941269,8941269,movement,294,160,1709328273829
8941269,8941269,movement,298,160,1709328273850
8941269,8941269,movement,326,170,1709328273872
8941269,8941269,movement,361,184,1709328273885
8941269,8941269,movement,421,210,1709328273901
8941269,8941269,movement,502,245,1709328273915
8941269,8941269,movement,645,304,1709328273938
8941269,8941269,movement,787,353,1709328273964
8941269,8941269,movement,938,392,1709328274009
8941269,8941269,movement,964,383,1709328274383
8941269,8941269,movement,1021,361,1709328274407
8941269,8941269,movement,1180,295,1709328274460
8941269,8941269,movement,1285,250,1709328274514
8941269,8941269,movement,1291,242,1709328274529
8941269,8941269,movement,1301,242,1709328274851
8941269,8941269,movement,1313,242,1709328274861
8941269,8941269,movement,1339,242,1709328274880
8941269,8941269,movement,1367,242,1709328274896
8941269,8941269,movement,1410,236,1709328274913
8941269,8941269,movement,1437,230,1709328274931
8941269,8941269,movement,1471,221,1709328274946
8941269,8941269,movement,1490,214,1709328274961
8941269,8941269,movement,1506,205,1709328274980
8941269,8941269,movement,1513,198,1709328274992
8941269,8941269,movement,1521,186,1709328274995
8941269,8941269,movement,1519,187,1709328275335
8941269,8941269,movement,1517,189,1709328275346
8941269,8941269,movement,1508,192,1709328275363
8941269,8941269,movement,1502,193,1709328275379
8941269,8941269,movement,1497,194,1709328275396
8941269,8941269,movement,1490,194,1709328275412
8941269,8941269,movement,1487,194,1709328275428
8941269,8941269,movement,1484,192,1709328275446
8941269,8941269,movement,1482,191,1709328275462
8941269,8941269,movement,1479,191,1709328275479
8941269,8941269,movement,1478,190,1709328275498
8941269,8941269,movement,1473,189,1709328275520
8941269,8941269,movement,1471,188,1709328275527
8941269,8941269,movement,1470,188,1709328275544
8941269,8941269,movement,1469,186,1709328275564
8941269,8941269,movement,1468,186,1709328275580
8941269,8941269,movement,1468,185,1709328275597
8941269,8941269,movement,1466,182,1709328275619
8941269,8941269,movement,1462,178,1709328275642
8941269,8941269,movement,1459,176,1709328275667
8941269,8941269,movement,1457,174,1709328275685
8941269,8941269,movement,1456,174,1709328275697
8941269,8941269,movement,1454,174,1709328275712
8941269,8941269,movement,1448,174,1709328275727
8941269,8941269,movement,1444,174,1709328275744
8941269,8941269,movement,1438,174,1709328275764
8941269,8941269,movement,1433,174,1709328275781
8941269,8941269,movement,1430,174,1709328275800
8941269,8941269,movement,1426,174,1709328275814
8941269,8941269,movement,1426,174,1709328275847
8941269,8941269,mousedown,1426,174,1709328276307
8941269,8941269,mouseup,1426,174,1709328276552
8941269,8941269,singleclick,1426,174,1709328276553
8941269,8941269,movement,1399,182,1709328277371
8941269,8941269,movement,1286,278,1709328277468
8941269,8941269,movement,1217,359,1709328277557
8941269,8941269,movement,1172,432,1709328277664
8941269,8941269,movement,1160,451,1709328277685
8941269,8941269,movement,1158,454,1709328277699
8941269,8941269,movement,1150,460,1709328277713
8941269,8941269,movement,1146,462,1709328277724
8941269,8941269,movement,1138,465,1709328278131
8941269,8941269,movement,1126,468,1709328278133
8941269,8941269,movement,1115,471,1709328278142
8941269,8941269,movement,1075,486,1709328278163
8941269,8941269,movement,1046,498,1709328278183
8941269,8941269,movement,986,525,1709328278202
8941269,8941269,movement,973,532,1709328278209
8941269,8941269,movement,952,544,1709328278232
8941269,8941269,movement,926,558,1709328278248
8941269,8941269,movement,914,563,1709328278263
8941269,8941269,movement,906,569,1709328278274
8941269,8941269,movement,901,572,1709328278292
8941269,8941269,movement,897,575,1709328278318
8941269,8941269,movement,890,581,1709328278336
8941269,8941269,movement,888,583,1709328278347
8941269,8941269,movement,882,587,1709328278359
8941269,8941269,movement,875,595,1709328278381
8941269,8941269,movement,871,599,1709328278390
8941269,8941269,movement,867,603,1709328278416
8941269,8941269,movement,862,609,1709328278424
8941269,8941269,movement,860,612,1709328278441
8941269,8941269,movement,858,614,1709328278468
8941269,8941269,movement,854,618,1709328278488
8941269,8941269,movement,854,619,1709328278495
8941269,8941269,movement,854,620,1709328278508
8941269,8941269,movement,850,620,1709328279331
8941269,8941269,movement,845,621,1709328279349
8941269,8941269,movement,838,622,1709328279367
8941269,8941269,movement,834,623,1709328279390
8941269,8941269,movement,830,625,1709328279409
8941269,8941269,movement,828,626,1709328279424
8941269,8941269,movement,826,626,1709328279440
8941269,8941269,movement,825,627,1709328279458
8941269,8941269,movement,826,627,1709328279605
8941269,8941269,movement,828,627,1709328279606
8941269,8941269,movement,836,627,1709328279632
8941269,8941269,movement,840,627,1709328279639
8941269,8941269,movement,851,627,1709328279656
8941269,8941269,movement,858,627,1709328279675
8941269,8941269,movement,867,626,1709328279690
8941269,8941269,movement,871,626,1709328279707
8941269,8941269,movement,874,626,1709328279723
8941269,8941269,movement,878,626,1709328279740
8941269,8941269,movement,881,626,1709328279757
8941269,8941269,movement,882,626,1709328279773
8941269,8941269,movement,883,626,1709328279790
8941269,8941269,movement,884,626,1709328279814
8941269,8941269,movement,882,622,1709328280026
8941269,8941269,movement,879,620,1709328280027
8941269,8941269,movement,876,616,1709328280045
8941269,8941269,movement,869,608,1709328280071
8941269,8941269,movement,863,601,1709328280109
8941269,8941269,movement,862,599,1709328280115
8941269,8941269,movement,861,599,1709328280133
8941269,8941269,movement,861,598,1709328280141
8941269,8941269,movement,860,598,1709328280171
8941269,8941269,movement,859,598,1709328280312
8941269,8941269,movement,858,598,1709328280335
8941269,8941269,movement,858,598,1709328280359
8941269,8941269,movement,857,598,1709328280366
8941269,8941269,movement,856,598,1709328280373
8941269,8941269,movement,854,598,1709328280391
8941269,8941269,movement,850,599,1709328280408
8941269,8941269,movement,846,599,1709328280423
8941269,8941269,movement,844,600,1709328280441
8941269,8941269,movement,842,601,1709328280461
8941269,8941269,movement,841,602,1709328280475
8941269,8941269,movement,840,602,1709328280517
8941269,8941269,movement,840,602,1709328280652
8941269,8941269,movement,841,603,1709328280658
8941269,8941269,movement,842,605,1709328280673
8941269,8941269,movement,844,607,1709328280689
8941269,8941269,movement,847,614,1709328280715
8941269,8941269,movement,852,618,1709328280747
8941269,8941269,movement,853,618,1709328280758
8941269,8941269,movement,856,622,1709328280773
8941269,8941269,movement,857,623,1709328280792
8941269,8941269,movement,860,626,1709328280805
8941269,8941269,movement,863,628,1709328280822
8941269,8941269,movement,866,630,1709328280839
8941269,8941269,movement,869,632,1709328280858
8941269,8941269,movement,873,635,1709328280872
8941269,8941269,movement,875,638,1709328280889
8941269,8941269,movement,875,638,1709328280907
8941269,8941269,movement,876,639,1709328280923
8941269,8941269,movement,877,640,1709328280940
8941269,8941269,movement,877,641,1709328281167
8941269,8941269,movement,874,641,1709328281192
8941269,8941269,movement,872,641,1709328281208
8941269,8941269,movement,870,641,1709328281224
8941269,8941269,movement,868,640,1709328281238
8941269,8941269,movement,863,638,1709328281256
8941269,8941269,movement,859,636,1709328281272
8941269,8941269,movement,858,634,1709328281289
8941269,8941269,movement,855,634,1709328281307
8941269,8941269,movement,854,633,1709328281322
8941269,8941269,movement,852,631,1709328281339
8941269,8941269,movement,851,630,1709328281358
8941269,8941269,movement,850,630,1709328281385
8941269,8941269,movement,849,630,1709328281403
8941269,8941269,movement,849,629,1709328281717
8941269,8941269,movement,849,628,1709328281729
8941269,8941269,movement,849,626,1709328281746
8941269,8941269,movement,850,626,1709328281755
8941269,8941269,movement,851,623,1709328281772
8941269,8941269,movement,856,619,1709328281795
8941269,8941269,movement,858,617,1709328281805
8941269,8941269,movement,863,614,1709328281823
8941269,8941269,movement,871,610,1709328281843
8941269,8941269,movement,878,606,1709328281862
8941269,8941269,movement,881,605,1709328281874
8941269,8941269,movement,887,602,1709328281891
8941269,8941269,movement,892,602,1709328281905
8941269,8941269,movement,896,602,1709328281925
8941269,8941269,movement,900,602,1709328281937
8941269,8941269,movement,902,602,1709328281957
8941269,8941269,mousedown,902,602,1709328282282
8941269,8941269,mouseup,902,602,1709328282506
8941269,8941269,singleclick,902,602,1709328282534
8941269,8941269,movement,901,601,1709328283256
8941269,8941269,movement,890,596,1709328283271
8941269,8941269,movement,880,590,1709328283289
8941269,8941269,movement,868,582,1709328283304
8941269,8941269,movement,853,570,1709328283321
8941269,8941269,movement,827,553,1709328283341
8941269,8941269,movement,809,542,1709328283354
8941269,8941269,movement,789,528,1709328283373
8941269,8941269,movement,762,506,1709328283391
8941269,8941269,movement,732,486,1709328283405
8941269,8941269,movement,723,478,1709328283421
8941269,8941269,movement,693,454,1709328283438
8941269,8941269,movement,672,438,1709328283455
8941269,8941269,movement,637,411,1709328283471
8941269,8941269,movement,578,347,1709328283515
8941269,8941269,movement,564,330,1709328283534
8941269,8941269,movement,557,326,1709328283913
8941269,8941269,movement,517,298,1709328283950
8941269,8941269,movement,466,262,1709328283987
8941269,8941269,movement,435,240,1709328284017
8941269,8941269,movement,419,230,1709328284036
8941269,8941269,movement,398,216,1709328284054
8941269,8941269,movement,386,208,1709328284069
8941269,8941269,movement,378,202,1709328284086
8941269,8941269,movement,371,198,1709328284101
8941269,8941269,movement,368,194,1709328284104
8941269,8941269,movement,362,190,1709328284123
8941269,8941269,movement,358,188,1709328284139
8941269,8941269,movement,350,183,1709328284154
8941269,8941269,movement,344,180,1709328284169
8941269,8941269,movement,338,178,1709328284186
8941269,8941269,movement,329,174,1709328284202
8941269,8941269,movement,324,172,1709328284219
8941269,8941269,movement,319,170,1709328284237
8941269,8941269,movement,310,166,1709328284262
8941269,8941269,movement,303,165,1709328284283
8941269,8941269,movement,297,162,1709328284307
8941269,8941269,movement,294,161,1709328284320
8941269,8941269,movement,292,161,1709328284335
8941269,8941269,movement,290,161,1709328284352
8941269,8941269,movement,288,161,1709328284369
8941269,8941269,movement,287,161,1709328284386
8941269,8941269,movement,286,161,1709328284470
8941269,8941269,movement,286,161,1709328284535
8941269,8941269,mousedown,286,161,1709328284934
8941269,8941269,mouseup,286,161,1709328285157
8941269,8941269,singleclick,286,161,1709328285159
8941269,8941269,movement,290,162,1709328285905
8941269,8941269,movement,313,169,1709328285928
8941269,8941269,movement,365,192,1709328285970
8941269,8941269,movement,456,238,1709328285973
8941269,8941269,movement,658,354,1709328286035
8941269,8941269,movement,724,382,1709328286095
8941269,8941269,movement,751,390,1709328286403
8941269,8941269,movement,784,398,1709328286422
8941269,8941269,movement,806,402,1709328286443
8941269,8941269,movement,818,402,1709328286444
8941269,8941269,movement,832,405,1709328286453
8941269,8941269,movement,858,406,1709328286466
8941269,8941269,movement,885,406,1709328286483
8941269,8941269,movement,910,405,1709328286501
8941269,8941269,movement,932,402,1709328286520
8941269,8941269,movement,962,396,1709328286534
8941269,8941269,movement,982,390,1709328286552
8941269,8941269,movement,1003,378,1709328286570
8941269,8941269,movement,1012,369,1709328286594
8941269,8941269,movement,1016,359,1709328286981
8941269,8941269,movement,1022,346,1709328286983
8941269,8941269,movement,1038,315,1709328287008
8941269,8941269,movement,1094,244,1709328287043
8941269,8941269,movement,1122,215,1709328287065
8941269,8941269,movement,1130,206,1709328287072
8941269,8941269,movement,1138,199,1709328287086
8941269,8941269,movement,1146,191,1709328287090
8941269,8941269,movement,1164,178,1709328287099
8941269,8941269,movement,1178,165,1709328287115
8941269,8941269,movement,1193,146,1709328287135
8941269,8941269,movement,1198,142,1709328287150
8941269,8941269,movement,1188,167,1709328287427
8941269,8941269,movement,1180,185,1709328287448
8941269,8941269,movement,1165,215,1709328287450
8941269,8941269,movement,1141,260,1709328287471
8941269,8941269,movement,1122,292,1709328287485
8941269,8941269,movement,1114,309,1709328287504
8941269,8941269,movement,1104,326,1709328287523
8941269,8941269,movement,1102,331,1709328287534
8941269,8941269,movement,1097,346,1709328287554
8941269,8941269,movement,1095,358,1709328287570
8941269,8941269,movement,1091,382,1709328287592
8941269,8941269,movement,1082,424,1709328287633
8941269,8941269,movement,1077,457,1709328287660
8941269,8941269,movement,1073,482,1709328287681
8941269,8941269,movement,1073,487,1709328287691
8941269,8941269,movement,1073,491,1709328287700
8941269,8941269,movement,1073,500,1709328287720
8941269,8941269,movement,1073,504,1709328287739
8941269,8941269,movement,1073,505,1709328287749
8941269,8941269,mousedown,1073,505,1709328288055
8941269,8941269,mouseup,1073,505,1709328288286
8941269,8941269,singleclick,1073,505,1709328288294
8941269,8941269,movement,1072,498,1709328289081
8941269,8941269,movement,1070,484,1709328289082
8941269,8941269,movement,1066,454,1709328289099
8941269,8941269,movement,1062,418,1709328289115
8941269,8941269,movement,1061,386,1709328289137
8941269,8941269,movement,1062,354,1709328289148
8941269,8941269,movement,1062,343,1709328289165
8941269,8941269,movement,1063,337,1709328289183
8941269,8941269,movement,1064,333,1709328289200
8941269,8941269,movement,1067,326,1709328289215
8941269,8941269,movement,1069,324,1709328289232
8941269,8941269,movement,1074,319,1709328289248
8941269,8941269,movement,1083,314,1709328289280
8941269,8941269,movement,1090,313,1709328289298
8941269,8941269,movement,1097,313,1709328289314
8941269,8941269,movement,1108,314,1709328289335
8941269,8941269,movement,1115,317,1709328289347
8941269,8941269,movement,1122,319,1709328289365
8941269,8941269,movement,1126,322,1709328289383
8941269,8941269,movement,1126,322,1709328289398
8941269,8941269,movement,1126,323,1709328289427
8941269,8941269,movement,1126,323,1709328289433
8941269,8941269,movement,1124,324,1709328289453
8941269,8941269,movement,1122,324,1709328289466
8941269,8941269,movement,1119,323,1709328289483
8941269,8941269,movement,1115,321,1709328289498
8941269,8941269,movement,1114,319,1709328289516
8941269,8941269,movement,1114,318,1709328289533
8941269,8941269,movement,1113,315,1709328289560
8941269,8941269,movement,1113,312,1709328289573
8941269,8941269,movement,1114,309,1709328289581
8941269,8941269,movement,1116,302,1709328289597
8941269,8941269,movement,1116,294,1709328289614
8941269,8941269,movement,1111,282,1709328289636
8941269,8941269,movement,1098,264,1709328289650
8941269,8941269,movement,1069,230,1709328289665
8941269,8941269,movement,1047,209,1709328289682
8941269,8941269,movement,1036,199,1709328289701
8941269,8941269,movement,1014,187,1709328289708
8941269,8941269,movement,995,183,1709328289715
8941269,8941269,movement,978,182,1709328289731
8941269,8941269,movement,958,186,1709328289748
8941269,8941269,movement,948,191,1709328289764
8941269,8941269,movement,933,192,1709328290035
8941269,8941269,movement,914,194,1709328290043
8941269,8941269,movement,891,196,1709328290049
8941269,8941269,movement,863,199,1709328290065
8941269,8941269,movement,765,211,1709328290083
8941269,8941269,movement,694,222,1709328290099
8941269,8941269,movement,599,234,1709328290140
8941269,8941269,movement,491,256,1709328290164
8941269,8941269,movement,472,259,1709328290168
8941269,8941269,movement,465,260,1709328290180
8941269,8941269,movement,446,262,1709328290198
8941269,8941269,movement,435,263,1709328290213
8941269,8941269,movement,426,263,1709328290230
8941269,8941269,movement,420,263,1709328290247
8941269,8941269,movement,410,262,1709328290263
8941269,8941269,movement,404,261,1709328290282
8941269,8941269,movement,398,260,1709328290299
8941269,8941269,movement,394,258,1709328290314
8941269,8941269,movement,387,254,1709328290330
8941269,8941269,movement,384,254,1709328290349
8941269,8941269,movement,381,250,1709328290365
8941269,8941269,movement,377,244,1709328290383
8941269,8941269,movement,372,238,1709328290397
8941269,8941269,movement,369,233,1709328290414
8941269,8941269,movement,362,223,1709328290430
8941269,8941269,movement,359,218,1709328290448
8941269,8941269,movement,355,212,1709328290465
8941269,8941269,movement,351,206,1709328290480
8941269,8941269,movement,349,202,1709328290499
8941269,8941269,movement,345,199,1709328290515
8941269,8941269,movement,343,198,1709328290521
8941269,8941269,movement,341,194,1709328290531
8941269,8941269,movement,338,191,1709328290555
8941269,8941269,movement,334,187,1709328290563
8941269,8941269,movement,331,186,1709328290583
8941269,8941269,movement,328,182,1709328290598
8941269,8941269,movement,326,182,1709328290616
8941269,8941269,movement,323,180,1709328290633
8941269,8941269,movement,320,178,1709328290650
8941269,8941269,movement,318,176,1709328290669
8941269,8941269,movement,315,175,1709328290684
8941269,8941269,movement,313,173,1709328290700
8941269,8941269,movement,310,173,1709328290714
8941269,8941269,movement,309,172,1709328290730
8941269,8941269,movement,307,171,1709328290749
8941269,8941269,movement,306,170,1709328290767
8941269,8941269,movement,306,170,1709328290781
8941269,8941269,movement,304,170,1709328290799
8941269,8941269,movement,302,170,1709328290814
8941269,8941269,movement,302,169,1709328290833
8941269,8941269,movement,300,169,1709328290865
8941269,8941269,movement,299,169,1709328290886
8941269,8941269,movement,298,169,1709328290919
8941269,8941269,movement,298,168,1709328290954
8941269,8941269,movement,298,167,1709328290986
8941269,8941269,movement,298,166,1709328291000
8941269,8941269,movement,298,166,1709328291016
8941269,8941269,mousedown,298,166,1709328291404
8941269,8941269,mouseup,298,166,1709328291606
8941269,8941269,movement,548,138,1709328291953
8941269,8941269,singleclick,548,138,1709328291609
8941269,8941269,movement,1060,131,1709328292055
8941269,8941269,movement,1072,132,1709328292362
8941269,8941269,movement,1172,138,1709328292389
8941269,8941269,movement,1321,146,1709328292417
8941269,8941269,movement,1432,157,1709328292443
8941269,8941269,movement,1497,163,1709328292456
8941269,8941269,movement,1535,170,1709328292470
8941269,8941269,movement,1535,174,1709328292477
8941269,8941269,movement,1535,179,1709328292494
8941269,8941269,movement,1535,182,1709328292512
8941269,8941269,movement,1535,185,1709328292528
8941269,8941269,movement,1535,186,1709328292545
8941269,8941269,movement,1535,187,1709328292585
8941269,8941269,movement,1535,188,1709328292642
8941269,8941269,movement,1534,188,1709328292645
8941269,8941269,movement,1531,190,1709328292663
8941269,8941269,movement,1526,190,1709328292679
8941269,8941269,movement,1519,190,1709328292696
8941269,8941269,movement,1510,186,1709328292712
8941269,8941269,movement,1497,182,1709328292730
8941269,8941269,movement,1488,178,1709328292745
8941269,8941269,movement,1482,177,1709328292769
8941269,8941269,movement,1479,176,1709328292785
8941269,8941269,movement,1479,175,1709328292798
8941269,8941269,movement,1475,175,1709328292822
8941269,8941269,movement,1474,175,1709328292831
8941269,8941269,movement,1471,175,1709328292846
8941269,8941269,movement,1469,174,1709328292862
8941269,8941269,movement,1463,174,1709328292880
8941269,8941269,movement,1460,174,1709328292895
8941269,8941269,movement,1458,174,1709328292912
8941269,8941269,movement,1453,174,1709328292928
8941269,8941269,movement,1449,174,1709328292945
8941269,8941269,movement,1447,174,1709328292961
8941269,8941269,movement,1445,174,1709328292980
8941269,8941269,movement,1444,174,1709328292995
8941269,8941269,movement,1442,174,1709328293012
8941269,8941269,movement,1441,174,1709328293029
8941269,8941269,movement,1439,173,1709328293047
8941269,8941269,movement,1438,172,1709328293065
8941269,8941269,movement,1436,172,1709328293080
8941269,8941269,movement,1435,172,1709328293094
8941269,8941269,movement,1434,171,1709328293111
8941269,8941269,movement,1434,171,1709328293128
8941269,8941269,movement,1433,171,1709328294427
8941269,8941269,movement,1432,171,1709328294445
8941269,8941269,movement,1430,171,1709328294462
8941269,8941269,movement,1429,171,1709328294477
8941269,8941269,movement,1428,171,1709328294494
8941269,8941269,movement,1427,170,1709328294510
8941269,8941269,movement,1426,170,1709328294527
8941269,8941269,movement,1426,170,1709328294660
8941269,8941269,mousedown,1426,170,1709328294917
8941269,8941269,mouseup,1426,170,1709328295138
8941269,8941269,movement,1374,251,1709328296002
8941269,8941269,singleclick,1374,251,1709328295140
8941269,8941269,movement,1339,337,1709328296087
8941269,8941269,movement,1332,356,1709328296136
8941269,8941269,movement,1330,366,1709328296176
8941269,8941269,movement,1329,369,1709328296179
8941269,8941269,movement,1329,371,1709328296192
8941269,8941269,movement,1327,377,1709328296212
8941269,8941269,movement,1326,380,1709328296224
8941269,8941269,movement,1325,382,1709328296242
8941269,8941269,movement,1324,385,1709328296263
8941269,8941269,movement,1324,387,1709328296275
8941269,8941269,movement,1323,389,1709328296292
8941269,8941269,movement,1323,391,1709328296309
8941269,8941269,movement,1322,394,1709328296325
8941269,8941269,movement,1322,397,1709328296343
8941269,8941269,movement,1321,399,1709328296358
8941269,8941269,movement,1319,403,1709328296379
8941269,8941269,movement,1318,405,1709328296392
8941269,8941269,movement,1318,406,1709328296408
8941269,8941269,movement,1317,408,1709328296424
8941269,8941269,movement,1316,409,1709328296442
8941269,8941269,movement,1314,408,1709328296776
8941269,8941269,movement,1306,403,1709328296791
8941269,8941269,movement,1296,400,1709328296813
8941269,8941269,movement,1266,394,1709328296825
8941269,8941269,movement,1221,389,1709328296844
8941269,8941269,movement,1204,389,1709328296859
8941269,8941269,movement,1146,393,1709328296876
8941269,8941269,movement,1110,401,1709328296890
8941269,8941269,movement,1079,410,1709328296917
8941269,8941269,movement,1046,424,1709328296929
8941269,8941269,movement,1022,440,1709328296946
8941269,8941269,movement,1014,444,1709328296962
8941269,8941269,movement,994,459,1709328296981
8941269,8941269,movement,985,468,1709328296996
8941269,8941269,movement,978,477,1709328297008
8941269,8941269,movement,968,485,1709328297028
8941269,8941269,movement,964,489,1709328297040
8941269,8941269,movement,959,497,1709328297369
8941269,8941269,movement,938,537,1709328297396
8941269,8941269,movement,930,559,1709328297409
8941269,8941269,movement,922,581,1709328297430
8941269,8941269,movement,913,607,1709328297441
8941269,8941269,movement,909,619,1709328297463
8941269,8941269,movement,903,631,1709328297480
8941269,8941269,movement,901,637,1709328297490
8941269,8941269,movement,899,640,1709328297506
8941269,8941269,movement,898,644,1709328297528
8941269,8941269,movement,896,650,1709328297540
8941269,8941269,movement,894,655,1709328297566
8941269,8941269,movement,894,660,1709328297578
8941269,8941269,movement,893,662,1709328297591
8941269,8941269,movement,892,663,1709328297611
8941269,8941269,movement,890,664,1709328297624
8941269,8941269,mousedown,890,664,1709328297889
8941269,8941269,mouseup,890,664,1709328298112
8941269,8941269,singleclick,890,664,1709328298121
8941269,8941269,movement,890,642,1709328298700
8941269,8941269,movement,880,550,1709328298726
8941269,8941269,movement,877,534,1709328298744
8941269,8941269,movement,870,506,1709328298775
8941269,8941269,movement,845,469,1709328298834
8941269,8941269,movement,838,462,1709328298898
8941269,8941269,movement,830,459,1709328298948
8941269,8941269,movement,828,458,1709328298957
8941269,8941269,movement,823,458,1709328298973
8941269,8941269,movement,819,456,1709328298989
8941269,8941269,movement,817,454,1709328299006
8941269,8941269,movement,782,441,1709328299305
8941269,8941269,movement,730,413,1709328299321
8941269,8941269,movement,641,366,1709328299338
8941269,8941269,movement,581,339,1709328299360
8941269,8941269,movement,521,312,1709328299375
8941269,8941269,movement,472,288,1709328299393
8941269,8941269,movement,413,259,1709328299409
8941269,8941269,movement,388,247,1709328299424
8941269,8941269,movement,378,241,1709328299445
8941269,8941269,movement,350,238,1709328299763
8941269,8941269,movement,323,230,1709328299793
8941269,8941269,movement,283,214,1709328299812
8941269,8941269,movement,262,207,1709328299830
8941269,8941269,movement,245,201,1709328299849
8941269,8941269,movement,226,196,1709328299866
8941269,8941269,movement,214,193,1709328299886
8941269,8941269,movement,206,190,1709328299906
8941269,8941269,movement,195,186,1709328299921
8941269,8941269,movement,191,182,1709328299937
8941269,8941269,movement,187,179,1709328299956
8941269,8941269,movement,183,175,1709328299972
8941269,8941269,movement,181,170,1709328299987
8941269,8941269,movement,179,168,1709328300004
8941269,8941269,movement,179,167,1709328300021
8941269,8941269,movement,179,166,1709328300066
8941269,8941269,movement,189,164,1709328300087
8941269,8941269,movement,201,162,1709328300105
8941269,8941269,movement,214,161,1709328300122
8941269,8941269,movement,227,162,1709328300137
8941269,8941269,movement,234,162,1709328300154
8941269,8941269,movement,244,165,1709328300180
8941269,8941269,movement,248,166,1709328300188
8941269,8941269,movement,251,168,1709328300204
8941269,8941269,movement,254,169,1709328300221
8941269,8941269,movement,257,171,1709328300241
8941269,8941269,movement,260,173,1709328300260
8941269,8941269,movement,266,175,1709328300275
8941269,8941269,movement,269,177,1709328300290
8941269,8941269,movement,274,180,1709328300309
8941269,8941269,movement,276,181,1709328300327
8941269,8941269,movement,277,181,1709328300409
8941269,8941269,movement,277,182,1709328300474
8941269,8941269,movement,278,182,1709328300489
8941269,8941269,mousedown,278,182,1709328300789
8941269,8941269,mouseup,278,182,1709328301013
8941269,8941269,singleclick,278,182,1709328301017
8941269,8941269,movement,286,182,1709328301481
8941269,8941269,movement,299,179,1709328301488
8941269,8941269,movement,333,177,1709328301509
8941269,8941269,movement,410,179,1709328301522
8941269,8941269,movement,483,188,1709328301539
8941269,8941269,movement,570,210,1709328301556
8941269,8941269,movement,734,286,1709328301588
8941269,8941269,movement,874,390,1709328301648
8941269,8941269,movement,878,392,1709328301724
8941269,8941269,mousedown,878,392,1709328302009
8941269,8941269,mouseup,878,392,1709328302231
8941269,8941269,singleclick,878,392,1709328302239
8941269,8941269,movement,831,380,1709328302748
8941269,8941269,movement,746,341,1709328302789
8941269,8941269,movement,713,319,1709328302804
8941269,8941269,movement,659,286,1709328302819
8941269,8941269,movement,624,266,1709328302836
8941269,8941269,movement,596,250,1709328302854
8941269,8941269,movement,559,234,1709328302869
8941269,8941269,movement,540,225,1709328302888
8941269,8941269,movement,512,215,1709328302909
8941269,8941269,movement,494,209,1709328302923
8941269,8941269,movement,478,204,1709328302939
8941269,8941269,movement,456,198,1709328302960
8941269,8941269,movement,452,197,1709328302971
8941269,8941269,movement,447,195,1709328302973
8941269,8941269,movement,440,194,1709328302990
8941269,8941269,movement,433,192,1709328303014
8941269,8941269,movement,420,190,1709328303040
8941269,8941269,movement,413,189,1709328303061
8941269,8941269,movement,410,188,1709328303075
8941269,8941269,movement,394,187,1709328303107
8941269,8941269,movement,382,185,1709328303127
8941269,8941269,movement,378,184,1709328303136
8941269,8941269,movement,370,183,1709328303152
8941269,8941269,movement,359,182,1709328303171
8941269,8941269,movement,353,182,1709328303189
8941269,8941269,movement,348,182,1709328303208
8941269,8941269,movement,340,181,1709328303217
8941269,8941269,movement,334,179,1709328303235
8941269,8941269,movement,330,178,1709328303254
8941269,8941269,movement,324,176,1709328303270
8941269,8941269,movement,322,175,1709328303285
8941269,8941269,movement,319,174,1709328303304
8941269,8941269,movement,315,173,1709328303325
8941269,8941269,movement,311,172,1709328303336
8941269,8941269,movement,306,171,1709328303362
8941269,8941269,movement,301,170,1709328303385
8941269,8941269,movement,296,170,1709328303412
8941269,8941269,movement,295,169,1709328303418
8941269,8941269,movement,294,168,1709328303434
8941269,8941269,movement,294,167,1709328303455
8941269,8941269,movement,292,167,1709328303469
8941269,8941269,movement,291,167,1709328303488
8941269,8941269,movement,291,166,1709328303505
8941269,8941269,movement,290,166,1709328303570
8941269,8941269,mousedown,290,166,1709328303845
8941269,8941269,mouseup,290,166,1709328304068
8941269,8941269,singleclick,290,166,1709328304070
8941269,8941269,movement,300,166,1709328304518
8941269,8941269,movement,318,163,1709328304530
8941269,8941269,movement,498,153,1709328304558
8941269,8941269,movement,588,151,1709328304575
8941269,8941269,movement,637,151,1709328304583
8941269,8941269,movement,786,147,1709328304601
8941269,8941269,movement,871,146,1709328304616
8941269,8941269,movement,976,146,1709328304647
8941269,8941269,movement,998,148,1709328304669
8941269,8941269,movement,1009,149,1709328304951
8941269,8941269,movement,1026,151,1709328304952
8941269,8941269,movement,1049,154,1709328304967
8941269,8941269,movement,1102,159,1709328304985
8941269,8941269,movement,1191,164,1709328305000
8941269,8941269,movement,1250,167,1709328305018
8941269,8941269,movement,1323,173,1709328305040
8941269,8941269,movement,1354,175,1709328305056
8941269,8941269,movement,1383,178,1709328305071
8941269,8941269,movement,1395,180,1709328305084
8941269,8941269,movement,1406,182,1709328305104
8941269,8941269,movement,1419,184,1709328305123
8941269,8941269,movement,1425,184,1709328305135
8941269,8941269,movement,1429,184,1709328305152
8941269,8941269,movement,1436,182,1709328305184
8941269,8941269,movement,1443,178,1709328305211
8941269,8941269,movement,1448,176,1709328305241
8941269,8941269,movement,1448,174,1709328305339
8941269,8941269,movement,1446,174,1709328305355
8941269,8941269,movement,1446,171,1709328305370
8941269,8941269,movement,1442,170,1709328305386
8941269,8941269,movement,1440,168,1709328305401
8941269,8941269,movement,1439,168,1709328305417
8941269,8941269,movement,1438,168,1709328305435
8941269,8941269,movement,1437,168,1709328305503
8941269,8941269,movement,1436,168,1709328305558
8941269,8941269,movement,1435,168,1709328305638
8941269,8941269,movement,1434,168,1709328305769
8941269,8941269,movement,1434,168,1709328305782
8941269,8941269,movement,1433,169,1709328305799
8941269,8941269,movement,1431,169,1709328305820
8941269,8941269,movement,1429,170,1709328305841
8941269,8941269,movement,1427,171,1709328305885
8941269,8941269,movement,1426,171,1709328305919
8941269,8941269,movement,1426,172,1709328305935
8941269,8941269,movement,1425,172,1709328305988
8941269,8941269,movement,1424,172,1709328306052
8941269,8941269,mousedown,1424,172,1709328306308
8941269,8941269,mouseup,1424,172,1709328306526
8941269,8941269,movement,1423,174,1709328307120
8941269,8941269,singleclick,1423,174,1709328306526
8941269,8941269,movement,1360,266,1709328307222
8941269,8941269,movement,1278,387,1709328307278
8941269,8941269,movement,1211,488,1709328307324
8941269,8941269,movement,1190,519,1709328307341
8941269,8941269,movement,1170,542,1709328307361
8941269,8941269,movement,1158,553,1709328307380
8941269,8941269,movement,1152,558,1709328307384
8941269,8941269,movement,1147,562,1709328307398
8941269,8941269,movement,1139,567,1709328307773
8941269,8941269,movement,1128,574,1709328307788
8941269,8941269,movement,1062,621,1709328307823
8941269,8941269,movement,1014,658,1709328307850
8941269,8941269,movement,982,681,1709328307871
8941269,8941269,movement,974,686,1709328307884
8941269,8941269,movement,956,697,1709328307903
8941269,8941269,movement,945,704,1709328307921
8941269,8941269,movement,941,707,1709328307931
8941269,8941269,movement,936,710,1709328307946
8941269,8941269,movement,933,713,1709328307963
8941269,8941269,movement,930,714,1709328307981
8941269,8941269,movement,925,718,1709328307998
8941269,8941269,movement,920,724,1709328308019
8941269,8941269,movement,915,727,1709328308030
8941269,8941269,movement,912,731,1709328308049
8941269,8941269,movement,909,735,1709328308071
8941269,8941269,movement,903,740,1709328308090
8941269,8941269,movement,902,741,1709328308098
8941269,8941269,movement,900,742,1709328308114
8941269,8941269,movement,899,742,1709328308131
8941269,8941269,movement,898,742,1709328308149
8941269,8941269,movement,897,742,1709328308164
8941269,8941269,mousedown,897,742,1709328308515
8941269,8941269,mouseup,897,742,1709328308734
8941269,8941269,movement,886,728,1709328309238
8941269,8941269,singleclick,886,728,1709328308741
8941269,8941269,movement,864,690,1709328309329
8941269,8941269,movement,811,630,1709328309407
8941269,8941269,movement,459,287,1709328309488
8941269,8941269,movement,366,199,1709328309525
8941269,8941269,movement,345,178,1709328309534
8941269,8941269,movement,336,171,1709328309536
8941269,8941269,movement,330,165,1709328309546
8941269,8941269,movement,318,150,1709328309565
8941269,8941269,movement,315,150,1709328309964
8941269,8941269,movement,306,152,1709328309980
8941269,8941269,movement,302,153,1709328309997
8941269,8941269,movement,296,155,1709328310019
8941269,8941269,movement,292,156,1709328310039
8941269,8941269,movement,290,158,1709328310057
8941269,8941269,movement,289,158,1709328310070
8941269,8941269,movement,287,159,1709328310079
8941269,8941269,movement,287,160,1709328310096
8941269,8941269,movement,286,160,1709328310112
8941269,8941269,movement,286,162,1709328310129
8941269,8941269,movement,284,163,1709328310145
8941269,8941269,movement,284,164,1709328310163
8941269,8941269,movement,284,165,1709328310245
8941269,8941269,movement,285,165,1709328310272
8941269,8941269,mousedown,285,165,1709328310549
8941269,8941269,mouseup,285,165,1709328310773
8941269,8941269,singleclick,285,165,1709328310775
8941269,8941269,movement,368,178,1709328311220
8941269,8941269,movement,418,195,1709328311235
8941269,8941269,movement,477,221,1709328311249
8941269,8941269,movement,584,286,1709328311269
8941269,8941269,movement,781,458,1709328311312
8941269,8941269,movement,880,518,1709328311374
8941269,8941269,mousedown,880,518,1709328311779
8941269,8941269,mouseup,880,518,1709328312003
8941269,8941269,singleclick,880,518,1709328312009
8941269,8941269,movement,358,216,1709328312653
8941269,8941269,movement,334,202,1709328312678
8941269,8941269,movement,266,160,1709328312710
8941269,8941269,movement,262,158,1709328312715
8941269,8941269,movement,258,155,1709328312732
8941269,8941269,movement,255,154,1709328312745
8941269,8941269,movement,254,153,1709328312759
8941269,8941269,movement,254,153,1709328312826
8941269,8941269,movement,254,152,1709328312964
8941269,8941269,movement,258,155,1709328313048
8941269,8941269,movement,264,161,1709328313065
8941269,8941269,movement,278,173,1709328313093
8941269,8941269,movement,282,176,1709328313111
8941269,8941269,movement,285,178,1709328313128
8941269,8941269,movement,286,179,1709328313142
8941269,8941269,movement,287,180,1709328313160
8941269,8941269,movement,287,181,1709328313242
8941269,8941269,mousedown,287,181,1709328313500
8941269,8941269,mouseup,287,181,1709328313757
8941269,8941269,singleclick,287,181,1709328313761
8941269,8941269,movement,489,213,1709328314296
8941269,8941269,movement,818,277,1709328314354
8941269,8941269,movement,873,282,1709328314378
8941269,8941269,movement,885,281,1709328314774
8941269,8941269,movement,900,278,1709328314781
8941269,8941269,movement,916,274,1709328314792
8941269,8941269,movement,960,261,1709328314817
8941269,8941269,movement,1046,241,1709328314830
8941269,8941269,movement,1131,222,1709328314845
8941269,8941269,movement,1158,215,1709328314859
8941269,8941269,movement,1226,201,1709328314875
8941269,8941269,movement,1247,198,1709328314890
8941269,8941269,movement,1262,196,1709328314892
8941269,8941269,movement,1288,192,1709328314907
8941269,8941269,movement,1318,190,1709328314929
8941269,8941269,movement,1345,189,1709328314959
8941269,8941269,movement,1354,187,1709328314996
8941269,8941269,movement,1362,184,1709328315048
8941269,8941269,movement,1374,179,1709328315100
8941269,8941269,movement,1379,178,1709328315132
8941269,8941269,movement,1383,178,1709328315165
8941269,8941269,movement,1385,178,1709328315175
8941269,8941269,movement,1387,178,1709328315190
8941269,8941269,movement,1391,177,1709328315209
8941269,8941269,movement,1395,177,1709328315227
8941269,8941269,movement,1398,176,1709328315240
8941269,8941269,movement,1401,175,1709328315256
8941269,8941269,movement,1405,174,1709328315278
8941269,8941269,movement,1408,174,1709328315290
8941269,8941269,movement,1410,174,1709328315309
8941269,8941269,movement,1414,174,1709328315324
8941269,8941269,movement,1416,174,1709328315345
8941269,8941269,movement,1417,174,1709328315360
8941269,8941269,movement,1418,174,1709328315376
8941269,8941269,movement,1421,173,1709328315411
8941269,8941269,movement,1421,172,1709328315429
8941269,8941269,mousedown,1421,172,1709328315743
8941269,8941269,mouseup,1421,172,1709328315995
8941269,8941269,singleclick,1421,172,1709328315997
8941269,8941269,movement,1421,175,1709328317351
8941269,8941269,movement,1418,182,1709328317357
8941269,8941269,movement,1414,190,1709328317373
8941269,8941269,movement,1395,227,1709328317392
8941269,8941269,movement,1366,282,1709328317421
8941269,8941269,movement,1308,404,1709328317452
8941269,8941269,movement,1261,542,1709328317492
8941269,8941269,movement,1226,640,1709328317524
8941269,8941269,movement,1215,678,1709328317561
8941269,8941269,movement,1201,698,1709328317597
8941269,8941269,movement,1190,700,1709328317617
8941269,8941269,mousedown,1190,700,1709328318259
8941269,8941269,mouseup,1190,700,1709328318478
8941269,8941269,singleclick,1190,700,1709328318487
8941269,8941269,movement,1190,691,1709328319439
8941269,8941269,movement,1184,652,1709328319454
8941269,8941269,movement,1181,620,1709328319469
8941269,8941269,movement,1178,590,1709328319490
8941269,8941269,movement,1174,542,1709328319505
8941269,8941269,movement,1173,510,1709328319523
8941269,8941269,movement,1172,478,1709328319538
8941269,8941269,movement,1172,435,1709328319555
8941269,8941269,movement,1171,410,1709328319569
8941269,8941269,movement,1171,386,1709328319588
8941269,8941269,movement,1170,363,1709328319604
8941269,8941269,movement,1169,326,1709328319622
8941269,8941269,movement,1135,322,1709328320004
8941269,8941269,movement,1078,306,1709328320023
8941269,8941269,movement,951,271,1709328320037
8941269,8941269,movement,842,237,1709328320055
8941269,8941269,movement,721,202,1709328320070
8941269,8941269,movement,547,163,1709328320092
8941269,8941269,movement,461,156,1709328320105
8941269,8941269,movement,406,156,1709328320121
8941269,8941269,movement,376,158,1709328320141
8941269,8941269,movement,340,174,1709328320525
8941269,8941269,movement,302,178,1709328320593
8941269,8941269,movement,296,177,1709328320610
8941269,8941269,movement,294,175,1709328320624
8941269,8941269,movement,290,174,1709328320639
8941269,8941269,movement,289,174,1709328320653
8941269,8941269,movement,287,173,1709328320671
8941269,8941269,movement,285,172,1709328320688
8941269,8941269,movement,284,170,1709328320703
8941269,8941269,movement,282,170,1709328320723
8941269,8941269,movement,281,169,1709328320739
8941269,8941269,movement,280,168,1709328320757
8941269,8941269,movement,279,168,1709328320776
8941269,8941269,movement,279,167,1709328320790
8941269,8941269,movement,278,167,1709328320820
8941269,8941269,movement,278,166,1709328320850
8941269,8941269,mousedown,278,166,1709328321146
8941269,8941269,mouseup,278,166,1709328321370
8941269,8941269,singleclick,278,166,1709328321374
8941269,8941269,movement,288,166,1709328322004
8941269,8941269,movement,300,168,1709328322022
8941269,8941269,movement,356,177,1709328322040
8941269,8941269,movement,410,188,1709328322057
8941269,8941269,movement,439,196,1709328322068
8941269,8941269,movement,505,217,1709328322078
8941269,8941269,movement,619,267,1709328322095
8941269,8941269,movement,800,382,1709328322155
8941269,8941269,movement,870,425,1709328322210
8941269,8941269,movement,875,425,1709328322551
8941269,8941269,movement,883,424,1709328322557
8941269,8941269,movement,890,422,1709328322573
8941269,8941269,movement,906,418,1709328322585
8941269,8941269,movement,923,414,1709328322601
8941269,8941269,movement,942,409,1709328322624
8941269,8941269,movement,975,403,1709328322642
8941269,8941269,movement,982,401,1709328322653
8941269,8941269,movement,995,399,1709328322667
8941269,8941269,movement,1006,396,1709328322684
8941269,8941269,movement,1011,394,1709328322701
8941269,8941269,movement,1015,392,1709328322717
8941269,8941269,movement,1019,390,1709328322734
8941269,8941269,movement,1021,390,1709328322750
8941269,8941269,movement,1022,390,1709328322784
8941269,8941269,movement,1022,390,1709328322834
8941269,8941269,movement,1023,388,1709328322851
8941269,8941269,mousedown,1023,388,1709328323131
8941269,8941269,mouseup,1023,388,1709328323352
8941269,8941269,movement,1020,388,1709328323751
8941269,8941269,movement,1005,379,1709328323800
8941269,8941269,movement,921,350,1709328323857
8941269,8941269,singleclick,921,350,1709328323363
8941269,8941269,movement,614,244,1709328323941
8941269,8941269,movement,542,210,1709328323980
8941269,8941269,movement,461,166,1709328324036
8941269,8941269,movement,445,168,1709328324376
8941269,8941269,movement,417,169,1709328324384
8941269,8941269,movement,398,169,1709328324409
8941269,8941269,movement,374,166,1709328324422
8941269,8941269,movement,360,166,1709328324436
8941269,8941269,movement,336,162,1709328324469
8941269,8941269,movement,319,159,1709328324493
8941269,8941269,movement,310,157,1709328324517
8941269,8941269,movement,307,157,1709328324521
8941269,8941269,movement,304,156,1709328324531
8941269,8941269,movement,301,154,1709328324552
8941269,8941269,movement,298,154,1709328324565
8941269,8941269,movement,295,154,1709328324583
8941269,8941269,movement,292,153,1709328324599
8941269,8941269,movement,291,153,1709328324620
8941269,8941269,movement,289,152,1709328324640
8941269,8941269,movement,288,151,1709328324650
8941269,8941269,movement,287,151,1709328324682
8941269,8941269,movement,287,150,1709328324718
8941269,8941269,movement,286,150,1709328324742
8941269,8941269,movement,284,152,1709328324778
8941269,8941269,movement,278,161,1709328324822
8941269,8941269,movement,276,169,1709328324862
8941269,8941269,movement,276,170,1709328324882
8941269,8941269,movement,275,174,1709328324897
8941269,8941269,movement,275,174,1709328324922
8941269,8941269,movement,275,176,1709328324932
8941269,8941269,movement,275,179,1709328324949
8941269,8941269,mousedown,275,179,1709328325223
8941269,8941269,mouseup,275,179,1709328325448
8941269,8941269,singleclick,275,179,1709328325452
8941269,8941269,movement,360,151,1709328325893
8941269,8941269,movement,465,123,1709328325907
8941269,8941269,movement,550,108,1709328325920
8941269,8941269,movement,592,101,1709328325933
8941269,8941269,movement,709,92,1709328325951
8941269,8941269,movement,815,93,1709328325982
8941269,8941269,movement,859,99,1709328326034
8941269,8941269,movement,873,100,1709328326307
8941269,8941269,movement,889,102,1709328326317
8941269,8941269,movement,934,102,1709328326333
8941269,8941269,movement,991,104,1709328326350
8941269,8941269,movement,1118,111,1709328326370
8941269,8941269,movement,1149,113,1709328326380
8941269,8941269,movement,1203,118,1709328326396
8941269,8941269,movement,1242,126,1709328326413
8941269,8941269,movement,1278,134,1709328326434
8941269,8941269,movement,1291,138,1709328326447
8941269,8941269,movement,1300,140,1709328326464
8941269,8941269,movement,1304,141,1709328326480
8941269,8941269,movement,1305,142,1709328326496
8941269,8941269,movement,1306,142,1709328326513
8941269,8941269,movement,1306,142,1709328326557
8941269,8941269,movement,1307,142,1709328326566
8941269,8941269,movement,1309,143,1709328326572
8941269,8941269,movement,1310,144,1709328326579
8941269,8941269,movement,1315,146,1709328326598
8941269,8941269,movement,1322,150,1709328326617
8941269,8941269,movement,1332,153,1709328326636
8941269,8941269,movement,1336,154,1709328326646
8941269,8941269,movement,1342,156,1709328326666
8941269,8941269,movement,1353,158,1709328326679
8941269,8941269,movement,1361,160,1709328326702
8941269,8941269,movement,1374,163,1709328326720
8941269,8941269,movement,1380,165,1709328326732
8941269,8941269,movement,1385,166,1709328326749
8941269,8941269,movement,1390,166,1709328326764
8941269,8941269,movement,1396,166,1709328326780
8941269,8941269,movement,1398,167,1709328326797
8941269,8941269,movement,1399,167,1709328326815
8941269,8941269,movement,1401,167,1709328326832
8941269,8941269,movement,1402,167,1709328326849
8941269,8941269,movement,1402,168,1709328326921
8941269,8941269,movement,1403,168,1709328326936
8941269,8941269,movement,1404,168,1709328326949
8941269,8941269,movement,1405,169,1709328326964
8941269,8941269,movement,1406,170,1709328326980
8941269,8941269,movement,1406,170,1709328326996
8941269,8941269,movement,1408,170,1709328327014
8941269,8941269,movement,1409,171,1709328327037
8941269,8941269,movement,1409,172,1709328327046
8941269,8941269,movement,1410,173,1709328327064
8941269,8941269,movement,1412,173,1709328327079
8941269,8941269,movement,1414,173,1709328327096
8941269,8941269,movement,1416,173,1709328327113
8941269,8941269,movement,1419,173,1709328327129
8941269,8941269,movement,1421,173,1709328327145
8941269,8941269,movement,1422,172,1709328327163
8941269,8941269,movement,1424,171,1709328327179
8941269,8941269,movement,1426,171,1709328327195
8941269,8941269,movement,1427,171,1709328327215
8941269,8941269,movement,1428,170,1709328327230
8941269,8941269,movement,1429,168,1709328327245
8941269,8941269,mousedown,1429,168,1709328327507
8941269,8941269,mouseup,1429,168,1709328327736
8941269,8941269,movement,1421,171,1709328328279
8941269,8941269,movement,1324,226,1709328328358
8941269,8941269,movement,1257,270,1709328328387
8941269,8941269,singleclick,1257,270,1709328327737
8941269,8941269,movement,1189,315,1709328328418
8941269,8941269,movement,1131,346,1709328328466
8941269,8941269,movement,1048,377,1709328328528
8941269,8941269,movement,1040,378,1709328328839
8941269,8941269,movement,1029,382,1709328328846
8941269,8941269,movement,1007,392,1709328328867
8941269,8941269,movement,982,401,1709328328877
8941269,8941269,movement,958,411,1709328328899
8941269,8941269,movement,929,423,1709328328920
8941269,8941269,movement,890,442,1709328328947
8941269,8941269,movement,879,446,1709328328965
8941269,8941269,movement,870,450,1709328328976
8941269,8941269,movement,866,452,1709328328995
8941269,8941269,movement,862,454,1709328329017
8941269,8941269,movement,861,454,1709328329033
8941269,8941269,movement,861,454,1709328329045
8941269,8941269,movement,860,453,1709328329122
8941269,8941269,mousedown,860,453,1709328329411
8941269,8941269,mouseup,860,453,1709328329630
8941269,8941269,movement,856,450,1709328329882
8941269,8941269,movement,826,431,1709328329909
8941269,8941269,movement,817,427,1709328329913
8941269,8941269,movement,794,416,1709328329932
8941269,8941269,movement,767,404,1709328329948
8941269,8941269,movement,381,214,1709328330083
8941269,8941269,movement,336,198,1709328330109
8941269,8941269,singleclick,336,198,1709328329641
8941269,8941269,movement,260,166,1709328330215
8941269,8941269,movement,261,166,1709328330510
8941269,8941269,movement,266,168,1709328330529
8941269,8941269,movement,271,170,1709328330548
8941269,8941269,movement,281,174,1709328330572
8941269,8941269,movement,282,174,1709328330579
8941269,8941269,movement,285,174,1709328330606
8941269,8941269,movement,286,174,1709328330625
8941269,8941269,movement,286,174,1709328330632
8941269,8941269,mousedown,286,174,1709328330990
8941269,8941269,mouseup,286,174,1709328331205
8941269,8941269,movement,326,194,1709328331569
8941269,8941269,movement,390,281,1709328331614
8941269,8941269,singleclick,390,281,1709328331206
8941269,8941269,movement,437,361,1709328331635
8941269,8941269,movement,498,458,1709328331664
8941269,8941269,movement,535,507,1709328331691
8941269,8941269,movement,546,522,1709328331712
8941269,8941269,movement,550,527,1709328331727
8941269,8941269,movement,570,534,1709328332042
8941269,8941269,movement,600,551,1709328332067
8941269,8941269,movement,630,577,1709328332090
8941269,8941269,movement,655,605,1709328332123
8941269,8941269,movement,672,636,1709328332165
8941269,8941269,movement,682,662,1709328332200
8941269,8941269,movement,684,669,1709328332219
8941269,8941269,movement,684,670,1709328332224
8941269,8941269,movement,685,671,1709328332241
8941269,8941269,movement,686,674,1709328332257
8941269,8941269,movement,686,682,1709328332279
8941269,8941269,movement,687,687,1709328332294
8941269,8941269,movement,689,692,1709328332307
8941269,8941269,movement,689,696,1709328332330
8941269,8941269,movement,690,700,1709328332363
8941269,8941269,movement,690,703,1709328332382
8941269,8941269,movement,689,704,1709328332394
8941269,8941269,movement,689,708,1709328332408
8941269,8941269,movement,687,710,1709328332424
8941269,8941269,movement,686,715,1709328332440
8941269,8941269,movement,686,718,1709328332458
8941269,8941269,movement,685,721,1709328332475
8941269,8941269,movement,684,722,1709328332498
8941269,8941269,movement,684,723,1709328332511
8941269,8941269,movement,684,724,1709328332541
8941269,8941269,mousedown,684,724,1709328333167
8941269,8941269,mouseup,684,724,1709328333385
8941269,8941269,movement,648,694,1709328333845
8941269,8941269,movement,575,657,1709328333914
8941269,8941269,singleclick,575,657,1709328333393
8941269,8941269,movement,530,638,1709328334035
8941269,8941269,movement,605,654,1709328334142
8941269,8941269,movement,631,662,1709328334151
8941269,8941269,movement,642,666,1709328334155
8941269,8941269,movement,668,673,1709328334179
8941269,8941269,movement,674,675,1709328334188
8941269,8941269,movement,688,678,1709328334207
8941269,8941269,movement,691,678,1709328334222
8941269,8941269,movement,694,678,1709328334239
8941269,8941269,movement,695,678,1709328334255
8941269,8941269,movement,695,677,1709328334272
8941269,8941269,movement,694,671,1709328334290
8941269,8941269,movement,690,659,1709328334306
8941269,8941269,movement,685,647,1709328334322
8941269,8941269,movement,680,636,1709328334341
8941269,8941269,movement,674,626,1709328334356
8941269,8941269,movement,665,614,1709328334374
8941269,8941269,movement,657,606,1709328334397
8941269,8941269,movement,652,600,1709328334419
8941269,8941269,movement,647,598,1709328334447
8941269,8941269,movement,646,598,1709328334455
8941269,8941269,movement,645,598,1709328334473
8941269,8941269,movement,644,597,1709328334489
8941269,8941269,movement,643,597,1709328334540
8941269,8941269,movement,643,596,1709328334697
8941269,8941269,movement,618,589,1709328335058
8941269,8941269,movement,578,571,1709328335075
8941269,8941269,movement,490,533,1709328335089
8941269,8941269,movement,418,504,1709328335105
8941269,8941269,movement,304,460,1709328335123
8941269,8941269,movement,269,447,1709328335136
8941269,8941269,movement,235,435,1709328335141
8941269,8941269,movement,174,411,1709328335158
8941269,8941269,movement,116,387,1709328335176
8941269,8941269,movement,94,380,1709328335193
8941269,8941269,movement,79,373,1709328335207
8941269,8941269,movement,76,372,1709328335235
8941269,8941269,movement,75,363,1709328335509
8941269,8941269,movement,70,326,1709328335524
8941269,8941269,movement,66,302,1709328335549
8941269,8941269,movement,62,278,1709328335558
8941269,8941269,movement,59,264,1709328335573
8941269,8941269,movement,58,251,1709328335591
8941269,8941269,movement,55,242,1709328335607
8941269,8941269,movement,52,226,1709328335625
8941269,8941269,movement,49,214,1709328335638
8941269,8941269,movement,46,203,1709328335658
8941269,8941269,movement,44,193,1709328335671
8941269,8941269,movement,42,187,1709328335688
8941269,8941269,movement,41,181,1709328335710
8941269,8941269,movement,40,178,1709328335723
8941269,8941269,movement,38,173,1709328335742
8941269,8941269,movement,34,163,1709328335759
8941269,8941269,movement,31,157,1709328335773
8941269,8941269,movement,27,149,1709328335789
8941269,8941269,movement,22,141,1709328335807
8941269,8941269,movement,10,130,1709328335824
8941269,8941269,movement,5,125,1709328335843
8941269,8941269,movement,0,122,1709328335858
8941269,8941269,movement,0,120,1709328335910
8941269,8941269,movement,3,119,1709328335922
8941269,8941269,movement,13,118,1709328335941
8941269,8941269,movement,44,118,1709328335959
8941269,8941269,movement,70,119,1709328335977
8941269,8941269,movement,94,123,1709328335990
8941269,8941269,movement,118,133,1709328336009
8941269,8941269,movement,126,138,1709328336034
8941269,8941269,movement,131,144,1709328336039
8941269,8941269,movement,138,151,1709328336058
8941269,8941269,movement,143,159,1709328336073
8941269,8941269,movement,150,168,1709328336089
8941269,8941269,movement,163,182,1709328336107
8941269,8941269,movement,174,190,1709328336122
8941269,8941269,movement,194,202,1709328336138
8941269,8941269,movement,204,206,1709328336154
8941269,8941269,movement,213,210,1709328336173
8941269,8941269,movement,225,213,1709328336188
8941269,8941269,movement,232,215,1709328336204
8941269,8941269,movement,238,215,1709328336222
8941269,8941269,movement,246,215,1709328336237
8941269,8941269,movement,250,214,1709328336270
8941269,8941269,movement,253,213,1709328336288
8941269,8941269,movement,255,212,1709328336305
8941269,8941269,movement,257,212,1709328336323
8941269,8941269,movement,258,211,1709328336337
8941269,8941269,movement,259,210,1709328336354
8941269,8941269,movement,262,210,1709328336371
8941269,8941269,movement,263,209,1709328336387
8941269,8941269,movement,265,207,1709328336403
8941269,8941269,movement,266,206,1709328336422
8941269,8941269,movement,269,203,1709328336458
8941269,8941269,movement,270,202,1709328336485
8941269,8941269,movement,270,202,1709328336486
8941269,8941269,movement,271,200,1709328336511
8941269,8941269,movement,273,199,1709328336532
8941269,8941269,movement,274,199,1709328336541
8941269,8941269,movement,274,198,1709328336553
8941269,8941269,movement,275,198,1709328336570
8941269,8941269,movement,276,197,1709328336588
8941269,8941269,movement,278,195,1709328336605
8941269,8941269,movement,278,194,1709328336620
8941269,8941269,movement,279,194,1709328336638
8941269,8941269,movement,280,194,1709328336653
8941269,8941269,movement,281,194,1709328336737
8941269,8941269,movement,281,193,1709328337120
8941269,8941269,movement,281,191,1709328337143
8941269,8941269,movement,281,190,1709328337153
8941269,8941269,movement,281,189,1709328337173
8941269,8941269,movement,281,187,1709328337190
8941269,8941269,movement,281,186,1709328337206
8941269,8941269,movement,281,185,1709328337240
8941269,8941269,mousedown,281,185,1709328337571
8941269,8941269,mouseup,281,185,1709328337791
8941269,8941269,singleclick,281,185,1709328337795
8941269,8941269,movement,290,185,1709328338537
8941269,8941269,movement,346,192,1709328338578
8941269,8941269,movement,502,230,1709328338597
8941269,8941269,movement,563,254,1709328338617
8941269,8941269,movement,650,294,1709328338640
8941269,8941269,movement,673,306,1709328338658
8941269,8941269,movement,686,315,1709328338669
8941269,8941269,movement,686,315,1709328339152
8941269,8941269,movement,687,315,1709328339159
8941269,8941269,movement,688,314,1709328339167
8941269,8941269,movement,691,314,1709328339183
8941269,8941269,movement,695,313,1709328339202
8941269,8941269,movement,699,312,1709328339217
8941269,8941269,movement,702,311,1709328339233
8941269,8941269,movement,704,311,1709328339252
8941269,8941269,movement,704,310,1709328339293
8941269,8941269,movement,705,310,1709328339301
8941269,8941269,movement,706,310,1709328339319
8941269,8941269,movement,706,310,1709328339326
8941269,8941269,movement,709,310,1709328339335
8941269,8941269,movement,712,310,1709328339351
8941269,8941269,movement,718,307,1709328339368
8941269,8941269,movement,727,303,1709328339387
8941269,8941269,movement,753,297,1709328339408
8941269,8941269,movement,768,293,1709328339423
8941269,8941269,movement,777,290,1709328339438
8941269,8941269,movement,806,286,1709328339451
8941269,8941269,movement,827,285,1709328339469
8941269,8941269,movement,850,285,1709328339485
8941269,8941269,movement,878,285,1709328339501
8941269,8941269,movement,895,285,1709328339518
8941269,8941269,movement,910,283,1709328339535
8941269,8941269,movement,915,282,1709328339554
8941269,8941269,movement,925,279,1709328339880
8941269,8941269,movement,935,278,1709328339884
8941269,8941269,movement,959,274,1709328339903
8941269,8941269,movement,995,271,1709328339918
8941269,8941269,movement,1019,270,1709328339937
8941269,8941269,movement,1042,266,1709328339953
8941269,8941269,movement,1074,262,1709328339973
8941269,8941269,movement,1092,259,1709328339983
8941269,8941269,movement,1106,257,1709328340002
8941269,8941269,movement,1123,252,1709328340030
8941269,8941269,movement,1135,249,1709328340052
8941269,8941269,movement,1138,248,1709328340067
8941269,8941269,movement,1138,247,1709328340083
8941269,8941269,movement,1138,247,1709328340151
8941269,8941269,movement,1137,247,1709328340155
8941269,8941269,movement,1135,247,1709328340167
8941269,8941269,movement,1130,248,1709328340183
8941269,8941269,movement,1125,249,1709328340200
8941269,8941269,movement,1117,250,1709328340218
8941269,8941269,movement,1110,252,1709328340235
8941269,8941269,movement,1099,255,1709328340258
8941269,8941269,movement,1066,264,1709328340283
8941269,8941269,movement,1050,266,1709328340293
8941269,8941269,movement,1044,268,1709328340300
8941269,8941269,movement,1029,270,1709328340316
8941269,8941269,movement,1014,274,1709328340334
8941269,8941269,movement,993,276,1709328340352
8941269,8941269,movement,982,277,1709328340367
8941269,8941269,movement,974,278,1709328340385
8941269,8941269,movement,967,279,1709328340401
8941269,8941269,movement,964,280,1709328340421
8941269,8941269,movement,963,280,1709328340435
8941269,8941269,movement,962,280,1709328340450
8941269,8941269,movement,967,278,1709328341222
8941269,8941269,movement,984,266,1709328341235
8941269,8941269,movement,1006,253,1709328341255
8941269,8941269,movement,1030,239,1709328341276
8941269,8941269,movement,1073,220,1709328341300
8941269,8941269,movement,1077,218,1709328341315
8941269,8941269,movement,1078,218,1709328341333
8941269,8941269,movement,1079,218,1709328341350
8941269,8941269,movement,1080,218,1709328341367
8941269,8941269,movement,1082,217,1709328341384
8941269,8941269,movement,1086,217,1709328341400
8941269,8941269,movement,1091,217,1709328341416
8941269,8941269,movement,1095,217,1709328341434
8941269,8941269,movement,1103,217,1709328341450
8941269,8941269,movement,1113,217,1709328341465
8941269,8941269,movement,1123,215,1709328341484
8941269,8941269,movement,1172,205,1709328341513
8941269,8941269,movement,1195,200,1709328341531
8941269,8941269,movement,1207,197,1709328341541
8941269,8941269,movement,1230,192,1709328341552
8941269,8941269,movement,1252,187,1709328341565
8941269,8941269,movement,1269,182,1709328341586
8941269,8941269,movement,1282,178,1709328341602
8941269,8941269,movement,1298,174,1709328341618
8941269,8941269,movement,1307,172,1709328341632
8941269,8941269,movement,1313,170,1709328341650
8941269,8941269,movement,1318,169,1709328341670
8941269,8941269,movement,1319,169,1709328341684
8941269,8941269,movement,1320,169,1709328341699
8941269,8941269,movement,1336,169,1709328341985
8941269,8941269,movement,1350,169,1709328342002
8941269,8941269,movement,1359,169,1709328342017
8941269,8941269,movement,1369,169,1709328342035
8941269,8941269,movement,1374,170,1709328342049
8941269,8941269,movement,1378,170,1709328342066
8941269,8941269,movement,1382,170,1709328342082
8941269,8941269,movement,1389,171,1709328342100
8941269,8941269,movement,1394,171,1709328342116
8941269,8941269,movement,1398,172,1709328342133
8941269,8941269,movement,1402,173,1709328342151
8941269,8941269,movement,1403,174,1709328342166
8941269,8941269,movement,1404,174,1709328342181
8941269,8941269,movement,1406,174,1709328342216
8941269,8941269,movement,1408,174,1709328342232
8941269,8941269,movement,1411,174,1709328342249
8941269,8941269,movement,1415,175,1709328342266
8941269,8941269,movement,1418,176,1709328342283
8941269,8941269,movement,1420,178,1709328342299
8941269,8941269,movement,1421,178,1709328342319
8941269,8941269,movement,1422,178,1709328342332
8941269,8941269,mousedown,1422,178,1709328342785
8941269,8941269,mouseup,1422,178,1709328343015
8941269,8941269,singleclick,1422,178,1709328343018
8941269,8941269,movement,1416,178,1709328343885
8941269,8941269,movement,1406,182,1709328343897
8941269,8941269,movement,1383,194,1709328343916
8941269,8941269,movement,1342,218,1709328343937
8941269,8941269,movement,1310,233,1709328343950
8941269,8941269,movement,1262,258,1709328343976
8941269,8941269,movement,1186,298,1709328344004
8941269,8941269,movement,1109,336,1709328344028
8941269,8941269,movement,1047,366,1709328344048
8941269,8941269,movement,1011,384,1709328344069
8941269,8941269,movement,958,406,1709328344089
8941269,8941269,movement,941,410,1709328344103
8941269,8941269,movement,934,413,1709328344119
8941269,8941269,movement,921,415,1709328344136
8941269,8941269,mousedown,921,415,1709328344469
8941269,8941269,mouseup,921,415,1709328344685
8941269,8941269,movement,693,347,1709328345234
8941269,8941269,movement,577,289,1709328345267
8941269,8941269,singleclick,577,289,1709328344700
8941269,8941269,movement,554,277,1709328345661
8941269,8941269,movement,518,250,1709328345693
8941269,8941269,movement,487,226,1709328345717
8941269,8941269,movement,452,200,1709328345755
8941269,8941269,movement,442,194,1709328345773
8941269,8941269,movement,438,191,1709328345782
8941269,8941269,movement,431,187,1709328345795
8941269,8941269,movement,420,183,1709328345811
8941269,8941269,movement,414,181,1709328345831
8941269,8941269,movement,407,178,1709328345847
8941269,8941269,movement,396,173,1709328345867
8941269,8941269,movement,389,171,1709328345879
8941269,8941269,movement,382,169,1709328345897
8941269,8941269,movement,376,168,1709328345912
8941269,8941269,movement,368,166,1709328345929
8941269,8941269,movement,363,166,1709328345948
8941269,8941269,movement,358,165,1709328345966
8941269,8941269,movement,356,165,1709328345984
8941269,8941269,movement,351,165,1709328345997
8941269,8941269,movement,337,166,1709328346013
8941269,8941269,movement,322,170,1709328346029
8941269,8941269,movement,306,173,1709328346050
8941269,8941269,movement,295,175,1709328346064
8941269,8941269,movement,282,176,1709328346079
8941269,8941269,movement,278,176,1709328346096
8941269,8941269,movement,274,176,1709328346112
8941269,8941269,movement,269,175,1709328346129
8941269,8941269,movement,266,175,1709328346145
8941269,8941269,movement,265,175,1709328346163
8941269,8941269,movement,264,175,1709328346180
8941269,8941269,movement,263,174,1709328346197
8941269,8941269,movement,262,174,1709328346214
8941269,8941269,movement,265,174,1709328346395
8941269,8941269,movement,268,174,1709328346414
8941269,8941269,movement,272,173,1709328346430
8941269,8941269,movement,280,172,1709328346450
8941269,8941269,movement,284,172,1709328346465
8941269,8941269,movement,286,172,1709328346481
8941269,8941269,movement,287,172,1709328346515
8941269,8941269,movement,289,170,1709328346589
8941269,8941269,mousedown,289,170,1709328349261
8941269,8941269,mouseup,289,170,1709328349491
8941269,8941269,singleclick,289,170,1709328349493
8941269,8941269,movement,297,174,1709328349954
8941269,8941269,movement,310,182,1709328349962
8941269,8941269,movement,371,227,1709328349985
8941269,8941269,movement,492,367,1709328350021
8941269,8941269,movement,648,595,1709328350046
8941269,8941269,movement,706,674,1709328350082
8941269,8941269,movement,727,696,1709328350121
8941269,8941269,movement,726,695,1709328350550
8941269,8941269,movement,725,695,1709328350556
8941269,8941269,movement,724,694,1709328350573
8941269,8941269,movement,724,693,1709328350591
8941269,8941269,movement,723,693,1709328350608
8941269,8941269,movement,722,693,1709328350746
8941269,8941269,movement,721,692,1709328350758
8941269,8941269,movement,715,689,1709328350779
8941269,8941269,movement,711,686,1709328350797
8941269,8941269,movement,709,684,1709328350807
8941269,8941269,movement,703,677,1709328350826
8941269,8941269,movement,702,674,1709328350840
8941269,8941269,movement,700,674,1709328350859
8941269,8941269,movement,700,673,1709328350874
8941269,8941269,movement,699,673,1709328350891
8941269,8941269,mousedown,699,673,1709328351144
8941269,8941269,mouseup,699,673,1709328351364
8941269,8941269,movement,654,601,1709328351724
8941269,8941269,movement,521,400,1709328351774
8941269,8941269,movement,427,254,1709328351825
8941269,8941269,movement,390,200,1709328351871
8941269,8941269,movement,383,182,1709328351894
8941269,8941269,movement,350,175,1709328352229
8941269,8941269,movement,313,158,1709328352316
8941269,8941269,movement,297,158,1709328352394
8941269,8941269,movement,289,159,1709328352473
8941269,8941269,movement,286,160,1709328352558
8941269,8941269,movement,286,162,1709328352640
8941269,8941269,singleclick,286,162,1709328351375
8941269,8941269,mousedown,286,162,1709328352860
8941269,8941269,mouseup,286,162,1709328353070
8941269,8941269,movement,309,161,1709328353561
8941269,8941269,singleclick,309,161,1709328353077
8941269,8941269,movement,487,158,1709328353608
8941269,8941269,movement,663,166,1709328353638
8941269,8941269,movement,710,170,1709328353640
8941269,8941269,movement,805,182,1709328353658
8941269,8941269,movement,847,190,1709328353667
8941269,8941269,movement,884,198,1709328353672
8941269,8941269,movement,954,212,1709328353689
8941269,8941269,movement,975,216,1709328353725
8941269,8941269,movement,987,216,1709328354054
8941269,8941269,movement,1022,216,1709328354071
8941269,8941269,movement,1066,216,1709328354088
8941269,8941269,movement,1151,214,1709328354106
8941269,8941269,movement,1298,210,1709328354148
8941269,8941269,movement,1383,206,1709328354199
8941269,8941269,movement,1405,206,1709328354264
8941269,8941269,movement,1403,206,1709328354334
8941269,8941269,movement,1403,205,1709328354338
8941269,8941269,movement,1402,204,1709328354353
8941269,8941269,movement,1400,202,1709328354370
8941269,8941269,movement,1399,201,1709328354388
8941269,8941269,movement,1399,200,1709328354403
8941269,8941269,movement,1399,198,1709328354420
8941269,8941269,movement,1399,197,1709328354432
8941269,8941269,movement,1399,194,1709328354439
8941269,8941269,movement,1404,188,1709328354458
8941269,8941269,movement,1407,183,1709328354473
8941269,8941269,movement,1410,181,1709328354492
8941269,8941269,movement,1412,178,1709328354506
8941269,8941269,movement,1412,178,1709328354522
8941269,8941269,movement,1413,177,1709328354574
8941269,8941269,movement,1414,176,1709328354644
8941269,8941269,movement,1414,175,1709328354655
8941269,8941269,mousedown,1414,175,1709328354914
8941269,8941269,mouseup,1414,175,1709328355137
8941269,8941269,singleclick,1414,175,1709328355138
8941269,8941269,movement,1412,175,1709328355887
8941269,8941269,movement,1400,178,1709328355906
8941269,8941269,movement,1385,182,1709328355921
8941269,8941269,movement,1376,184,1709328355940
8941269,8941269,movement,1362,188,1709328355957
8941269,8941269,movement,1349,193,1709328355973
8941269,8941269,movement,1329,199,1709328355989
8941269,8941269,movement,1290,214,1709328356005
8941269,8941269,movement,1259,229,1709328356020
8941269,8941269,movement,1222,244,1709328356035
8941269,8941269,movement,1187,258,1709328356065
8941269,8941269,movement,1113,287,1709328356083
8941269,8941269,movement,1091,296,1709328356107
8941269,8941269,movement,1082,300,1709328356108
8941269,8941269,movement,1064,309,1709328356127
8941269,8941269,movement,1049,318,1709328356135
8941269,8941269,movement,1030,330,1709328356155
8941269,8941269,movement,1013,342,1709328356175
8941269,8941269,movement,986,362,1709328356192
8941269,8941269,movement,970,374,1709328356208
8941269,8941269,movement,949,390,1709328356226
8941269,8941269,movement,935,399,1709328356235
8941269,8941269,movement,924,407,1709328356256
8941269,8941269,movement,914,414,1709328356276
8941269,8941269,movement,898,430,1709328356303
8941269,8941269,movement,894,432,1709328356307
8941269,8941269,movement,892,434,1709328356325
8941269,8941269,movement,886,441,1709328356335
8941269,8941269,movement,883,443,1709328356355
8941269,8941269,movement,881,445,1709328356368
8941269,8941269,mousedown,881,445,1709328356629
8941269,8941269,mouseup,881,445,1709328356852
8941269,8941269,movement,836,420,1709328357319
8941269,8941269,movement,474,221,1709328357421
8941269,8941269,movement,410,176,1709328357509
8941269,8941269,movement,402,176,1709328357755
8941269,8941269,movement,283,138,1709328357844
8941269,8941269,movement,255,133,1709328357931
8941269,8941269,movement,252,150,1709328358024
8941269,8941269,movement,259,168,1709328358102
8941269,8941269,movement,278,174,1709328358190
8941269,8941269,movement,282,173,1709328358270
8941269,8941269,mousedown,282,173,1709328358500
8941269,8941269,mouseup,282,173,1709328358726
8941269,8941269,movement,337,184,1709328359072
8941269,8941269,movement,588,356,1709328359131
8941269,8941269,singleclick,588,356,1709328356871
8941269,8941269,movement,788,570,1709328359236
8941269,8941269,singleclick,788,570,1709328358731
8941269,8941269,mousedown,788,570,1709328359594
8941269,8941269,mouseup,788,570,1709328359812
8941269,8941269,movement,824,545,1709328360202
8941269,8941269,movement,1010,435,1709328360341
8941269,8941269,movement,1027,418,1709328360422
8941269,8941269,movement,740,282,1709328360833
8941269,8941269,movement,499,200,1709328360890
8941269,8941269,movement,450,190,1709328360914
8941269,8941269,movement,380,192,1709328361242
8941269,8941269,movement,312,173,1709328361325
8941269,8941269,movement,281,166,1709328361422
8941269,8941269,movement,278,165,1709328361503
8941269,8941269,mousedown,278,165,1709328361811
8941269,8941269,mouseup,278,165,1709328362037
8941269,8941269,movement,336,158,1709328362422
8941269,8941269,movement,842,130,1709328362525
8941269,8941269,movement,918,138,1709328362616
8941269,8941269,movement,1058,144,1709328362880
8941269,8941269,movement,1411,174,1709328362965
8941269,8941269,movement,1476,188,1709328363054
8941269,8941269,movement,1482,188,1709328363154
8941269,8941269,movement,1469,184,1709328363248
8941269,8941269,movement,1454,179,1709328363334
8941269,8941269,movement,1448,178,1709328363416
8941269,8941269,movement,1440,178,1709328363499
8941269,8941269,movement,1434,178,1709328363583
8941269,8941269,movement,1430,178,1709328363666
8941269,8941269,movement,1425,179,1709328363765
8941269,8941269,singleclick,1425,179,1709328359833
8941269,8941269,mousedown,1425,179,1709328364062
8941269,8941269,mouseup,1425,179,1709328364316
8941269,8941269,movement,1302,302,1709328364942
8941269,8941269,movement,1094,565,1709328365116
8941269,8941269,singleclick,1094,565,1709328362043
Tab ID,ClientID,Type,Mouse X,Mouse Y,TimeStamp
8941269,8941269,movement,1395,127,1709330141537
8941269,8941269,movement,1368,137,1709330141564
8941269,8941269,movement,1314,156,1709330141586
8941269,8941269,movement,1174,223,1709330141616
8941269,8941269,movement,983,318,1709330141675
8941269,8941269,movement,580,504,1709330141731
8941269,8941269,movement,535,520,1709330141768
8941269,8941269,movement,528,522,1709330141790
8941269,8941269,movement,527,523,1709330141804
8941269,8941269,movement,526,523,1709330141808
8941269,8941269,movement,528,524,1709330141845
8941269,8941269,movement,534,526,1709330141859
8941269,8941269,movement,561,532,1709330141874
8941269,8941269,movement,661,551,1709330141898
8941269,8941269,movement,837,571,1709330141927
8941269,8941269,movement,878,575,1709330141941
8941269,8941269,movement,1027,573,1709330141964
8941269,8941269,movement,1043,569,1709330141978
8941269,8941269,movement,1079,560,1709330142003
8941269,8941269,movement,1086,556,1709330142005
8941269,8941269,movement,1094,544,1709330142023
8941269,8941269,movement,1095,510,1709330142046
8941269,8941269,movement,1062,444,1709330142079
8941269,8941269,movement,967,373,1709330142108
8941269,8941269,movement,813,340,1709330142137
8941269,8941269,movement,641,358,1709330142168
8941269,8941269,movement,622,362,1709330142176
8941269,8941269,movement,583,377,1709330142204
8941269,8941269,movement,577,381,1709330142226
8941269,8941269,movement,576,382,1709330142239
8941269,8941269,movement,577,396,1709330142260
8941269,8941269,movement,590,425,1709330142279
8941269,8941269,movement,687,520,1709330142303
8941269,8941269,movement,811,583,1709330142330
8941269,8941269,movement,990,621,1709330142360
8941269,8941269,movement,1141,626,1709330142386
8941269,8941269,movement,1169,628,1709330142390
8941269,8941269,movement,1214,632,1709330142406
8941269,8941269,movement,1236,642,1709330142422
8941269,8941269,movement,1234,660,1709330142447
8941269,8941269,movement,1147,738,1709330142481
8941269,8941269,movement,1029,768,1709330142506
8941269,8941269,movement,906,742,1709330142521
8941269,8941269,movement,816,695,1709330142547
8941269,8941269,movement,671,558,1709330142581
8941269,8941269,movement,642,460,1709330142611
8941269,8941269,movement,670,335,1709330142636
8941269,8941269,movement,753,196,1709330142662
8941269,8941269,movement,828,106,1709330142685
8941269,8941269,movement,803,98,1709330142806
8941269,8941269,movement,759,140,1709330142825
8941269,8941269,movement,717,184,1709330142840
8941269,8941269,movement,666,246,1709330142858
8941269,8941269,movement,635,312,1709330142886
8941269,8941269,movement,647,418,1709330142914
8941269,8941269,movement,746,549,1709330142946
8941269,8941269,movement,894,630,1709330142974
8941269,8941269,movement,1034,662,1709330143000
8941269,8941269,movement,1083,678,1709330143026
8941269,8941269,movement,1085,687,1709330143041
8941269,8941269,movement,1078,701,1709330143058
8941269,8941269,movement,1018,719,1709330143083
8941269,8941269,movement,993,721,1709330143088
8941269,8941269,movement,927,713,1709330143105
8941269,8941269,movement,856,688,1709330143130
8941269,8941269,movement,708,581,1709330143164
8941269,8941269,movement,682,492,1709330143197
8941269,8941269,movement,702,391,1709330143226
8941269,8941269,movement,781,226,1709330143252
8941269,8941269,movement,860,114,1709330143276
8941269,8941269,movement,874,104,1709330143380
8941269,8941269,movement,846,166,1709330143390
8941269,8941269,movement,824,247,1709330143409
8941269,8941269,movement,831,430,1709330143434
8941269,8941269,movement,903,573,1709330143464
8941269,8941269,movement,985,634,1709330143493
8941269,8941269,movement,1049,650,1709330143517
8941269,8941269,movement,1068,650,1709330143521
8941269,8941269,movement,1142,642,1709330143540
8941269,8941269,movement,1193,631,1709330143554
8941269,8941269,movement,1238,622,1709330143576
8941269,8941269,movement,1272,614,1709330143587
8941269,8941269,movement,1278,614,1709330143605
8941269,8941269,movement,1275,614,1709330143624
8941269,8941269,movement,1235,611,1709330143644
8941269,8941269,movement,1165,607,1709330143665
8941269,8941269,movement,1116,601,1709330143677
8941269,8941269,movement,1074,594,1709330143688
8941269,8941269,movement,1051,590,1709330143705
8941269,8941269,movement,1038,586,1709330143723
8941269,8941269,movement,1027,582,1709330143741
8941269,8941269,movement,1025,579,1709330143755
8941269,8941269,movement,1021,574,1709330143773
8941269,8941269,movement,1012,564,1709330143794
8941269,8941269,movement,995,548,1709330143819
8941269,8941269,movement,993,546,1709330143826
8941269,8941269,movement,991,544,1709330143839
8941269,8941269,movement,988,542,1709330143858
8941269,8941269,movement,987,542,1709330143875
8941269,8941269,movement,986,540,1709330143890
8941269,8941269,movement,978,538,1709330143905
8941269,8941269,movement,965,534,1709330143924
8941269,8941269,movement,943,530,1709330143947
8941269,8941269,movement,849,512,1709330143978
8941269,8941269,movement,828,510,1709330143987
8941269,8941269,movement,808,509,1709330144003
8941269,8941269,movement,793,509,1709330144023
8941269,8941269,movement,777,510,1709330144039
8941269,8941269,movement,771,510,1709330144056
8941269,8941269,movement,768,510,1709330144075
8941269,8941269,movement,766,510,1709330144091
8941269,8941269,movement,766,510,1709330144168
8941269,8941269,mousedown,766,510,1709330144429
8941269,8941269,mouseup,766,510,1709330144625
8941269,8941269,movement,763,508,1709330145023
8941269,8941269,movement,706,466,1709330145096
8941269,8941269,singleclick,706,466,1709330144645
8941269,8941269,movement,486,292,1709330145255
8941269,8941269,movement,331,195,1709330145257
8941269,8941269,movement,295,168,1709330145355
8941269,8941269,movement,294,169,1709330145428
8941269,8941269,movement,292,170,1709330145461
8941269,8941269,movement,291,170,1709330145486
8941269,8941269,movement,291,170,1709330145560
8941269,8941269,movement,291,169,1709330145588
8941269,8941269,mousedown,291,169,1709330145825
8941269,8941269,mouseup,291,169,1709330146057
8941269,8941269,movement,494,195,1709330146403
8941269,8941269,movement,792,266,1709330146429
8941269,8941269,singleclick,792,266,1709330146059
8941269,8941269,movement,1184,380,1709330146536
8941269,8941269,movement,1235,388,1709330146815
8941269,8941269,movement,1262,395,1709330146826
8941269,8941269,movement,1270,398,1709330146835
8941269,8941269,movement,1280,402,1709330146853
8941269,8941269,movement,1288,406,1709330146874
8941269,8941269,movement,1293,406,1709330146886
8941269,8941269,movement,1299,409,1709330146903
8941269,8941269,movement,1306,410,1709330146920
8941269,8941269,movement,1318,412,1709330146934
8941269,8941269,movement,1332,414,1709330146958
8941269,8941269,movement,1355,418,1709330146993
8941269,8941269,movement,1362,418,1709330147012
8941269,8941269,movement,1363,418,1709330147019
8941269,8941269,movement,1373,420,1709330147036
8941269,8941269,movement,1381,420,1709330147051
8941269,8941269,movement,1396,416,1709330147077
8941269,8941269,movement,1412,409,1709330147104
8941269,8941269,movement,1442,386,1709330147140
8941269,8941269,movement,1458,361,1709330147164
8941269,8941269,movement,1466,327,1709330147198
8941269,8941269,movement,1435,293,1709330147229
8941269,8941269,movement,1398,273,1709330147257
8941269,8941269,movement,1322,244,1709330147283
8941269,8941269,movement,1248,222,1709330147305
8941269,8941269,movement,1204,215,1709330147318
8941269,8941269,movement,1171,211,1709330147337
8941269,8941269,movement,1146,210,1709330147352
8941269,8941269,movement,1123,210,1709330147368
8941269,8941269,movement,1118,210,1709330147385
8941269,8941269,movement,1116,210,1709330147401
8941269,8941269,movement,1118,210,1709330147447
8941269,8941269,movement,1123,210,1709330147456
8941269,8941269,movement,1131,209,1709330147468
8941269,8941269,movement,1175,204,1709330147485
8941269,8941269,movement,1228,201,1709330147503
8941269,8941269,movement,1281,199,1709330147519
8941269,8941269,movement,1336,201,1709330147534
8941269,8941269,movement,1354,202,1709330147553
8941269,8941269,movement,1366,204,1709330147569
8941269,8941269,movement,1374,206,1709330147585
8941269,8941269,movement,1380,209,1709330147601
8941269,8941269,movement,1382,210,1709330147622
8941269,8941269,movement,1386,210,1709330147634
8941269,8941269,movement,1390,213,1709330147651
8941269,8941269,movement,1394,214,1709330147668
8941269,8941269,movement,1398,215,1709330147685
8941269,8941269,movement,1405,217,1709330147701
8941269,8941269,movement,1407,218,1709330147719
8941269,8941269,movement,1410,218,1709330147735
8941269,8941269,movement,1410,218,1709330147751
8941269,8941269,movement,1410,218,1709330147801
8941269,8941269,movement,1410,214,1709330147806
8941269,8941269,movement,1410,210,1709330147818
8941269,8941269,movement,1410,201,1709330147835
8941269,8941269,movement,1411,197,1709330147845
8941269,8941269,movement,1411,190,1709330147856
8941269,8941269,movement,1412,184,1709330147880
8941269,8941269,movement,1412,182,1709330147887
8941269,8941269,movement,1413,179,1709330147908
8941269,8941269,movement,1414,177,1709330147920
8941269,8941269,movement,1414,174,1709330147945
8941269,8941269,movement,1414,172,1709330147987
8941269,8941269,movement,1414,171,1709330148008
8941269,8941269,movement,1414,170,1709330148020
8941269,8941269,movement,1415,170,1709330148040
8941269,8941269,movement,1416,169,1709330148180
8941269,8941269,mousedown,1416,169,1709330148410
8941269,8941269,mouseup,1416,169,1709330148653
8941269,8941269,movement,1396,181,1709330149504
8941269,8941269,movement,1358,199,1709330149596
8941269,8941269,singleclick,1358,199,1709330148655
8941269,8941269,movement,1342,206,1709330149620
8941269,8941269,movement,1324,212,1709330149649
8941269,8941269,movement,1313,216,1709330149665
8941269,8941269,movement,1262,231,1709330149709
8941269,8941269,movement,1250,236,1709330149717
8941269,8941269,movement,1224,245,1709330149732
8941269,8941269,movement,1173,263,1709330149752
8941269,8941269,movement,1106,289,1709330149774
8941269,8941269,movement,1080,298,1709330149787
8941269,8941269,movement,980,333,1709330149809
8941269,8941269,movement,922,352,1709330149830
8941269,8941269,movement,905,358,1709330149834
8941269,8941269,movement,881,363,1709330149852
8941269,8941269,mousedown,881,363,1709330150187
8941269,8941269,mouseup,881,363,1709330150417
8941269,8941269,movement,887,359,1709330150848
8941269,8941269,singleclick,887,359,1709330150431
8941269,8941269,movement,1298,256,1709330150942
8941269,8941269,movement,1399,214,1709330151030
8941269,8941269,movement,1404,204,1709330151317
8941269,8941269,movement,1410,193,1709330151322
8941269,8941269,movement,1454,132,1709330151367
8941269,8941269,movement,1470,111,1709330151388
8941269,8941269,movement,1475,102,1709330151406
8941269,8941269,movement,1478,98,1709330151416
8941269,8941269,movement,1486,88,1709330151433
8941269,8941269,movement,1309,178,1709330154182
8941269,8941269,movement,1312,180,1709330154199
8941269,8941269,movement,1325,182,1709330154222
8941269,8941269,movement,1347,178,1709330154241
8941269,8941269,movement,1366,172,1709330154252
8941269,8941269,movement,1386,163,1709330154264
8941269,8941269,movement,1404,156,1709330154283
8941269,8941269,movement,1428,142,1709330154312
8941269,8941269,movement,1451,127,1709330154351
8941269,8941269,movement,1457,124,1709330154386
Tab ID,ClientID,Type,Mouse X,Mouse Y,TimeStamp
8941269,8941269,movement,1378,148,1709560932251
8941269,8941269,movement,1310,228,1709560932265
8941269,8941269,movement,1222,343,1709560932290
8941269,8941269,movement,972,637,1709560932323
8941269,8941269,movement,873,740,1709560932342
8941269,8941269,movement,835,775,1709560932365
8941269,8941269,movement,826,784,1709560932380
8941269,8941269,movement,824,785,1709560932388
8941269,8941269,movement,823,785,1709560932408
8941269,8941269,movement,823,778,1709560932425
8941269,8941269,movement,841,719,1709560932453
8941269,8941269,movement,917,549,1709560932475
8941269,8941269,movement,971,450,1709560932497
8941269,8941269,movement,1062,281,1709560932523
8941269,8941269,movement,1089,244,1709560932537
8941269,8941269,movement,1094,252,1709560932548
8941269,8941269,movement,1095,270,1709560932563
8941269,8941269,movement,1082,411,1709560932582
8941269,8941269,movement,1056,524,1709560932601
8941269,8941269,movement,1006,667,1709560932632
8941269,8941269,movement,990,686,1709560932644
8941269,8941269,movement,974,689,1709560932654
8941269,8941269,movement,947,667,1709560932674
8941269,8941269,movement,920,610,1709560932697
8941269,8941269,movement,882,475,1709560932712
8941269,8941269,movement,873,381,1709560932727
8941269,8941269,movement,880,310,1709560932743
8941269,8941269,movement,902,250,1709560932760
8941269,8941269,movement,910,239,1709560932771
8941269,8941269,movement,910,238,1709560932789
8941269,8941269,movement,902,253,1709560932811
8941269,8941269,movement,849,352,1709560932841
8941269,8941269,movement,839,374,1709560932853
8941269,8941269,movement,834,384,1709560932865
8941269,8941269,movement,834,386,1709560932871
8941269,8941269,movement,832,390,1709560932889
8941269,8941269,movement,831,390,1709560932905
8941269,8941269,movement,831,391,1709560932923
8941269,8941269,movement,831,392,1709560932939
8941269,8941269,movement,831,394,1709560932954
8941269,8941269,movement,831,395,1709560932972
8941269,8941269,movement,831,398,1709560932988
8941269,8941269,movement,832,400,1709560933006
8941269,8941269,movement,833,400,1709560933022
8941269,8941269,movement,833,402,1709560933042
8941269,8941269,movement,834,402,1709560933054
8941269,8941269,movement,834,402,1709560933124
8941269,8941269,movement,834,402,1709560933138
8941269,8941269,movement,835,403,1709560933159
8941269,8941269,movement,843,403,1709560933173
8941269,8941269,movement,847,403,1709560933188
8941269,8941269,movement,849,403,1709560933204
8941269,8941269,movement,850,403,1709560933224
8941269,8941269,movement,850,402,1709560933357
8941269,8941269,mousedown,850,402,1709560933612
8941269,8941269,mouseup,850,402,1709560933817
8941269,8941269,movement,850,398,1709560934221
8941269,8941269,movement,849,398,1709560934261
8941269,8941269,movement,845,393,1709560934325
8941269,8941269,singleclick,845,393,1709560933838
8941269,8941269,movement,832,384,1709560934423
8941269,8941269,movement,739,334,1709560934518
8941269,8941269,movement,503,218,1709560934588
8941269,8941269,movement,445,194,1709560934589
8941269,8941269,movement,336,156,1709560934620
8941269,8941269,movement,296,138,1709560934627
8941269,8941269,movement,278,132,1709560934639
8941269,8941269,movement,254,117,1709560934657
8941269,8941269,movement,226,87,1709560934671
8941269,8941269,movement,150,118,1709560936472
8941269,8941269,movement,225,144,1709560936488
8941269,8941269,movement,309,170,1709560936506
8941269,8941269,movement,480,226,1709560936526
8941269,8941269,movement,726,315,1709560936556
8941269,8941269,movement,772,330,1709560936580
8941269,8941269,movement,806,345,1709560936885
8941269,8941269,movement,1166,516,1709560936926
8941269,8941269,movement,1438,562,1709560936998
8941269,8941269,movement,1446,559,1709560937269
8941269,8941269,movement,1463,548,1709560937284
8941269,8941269,movement,1482,540,1709560937306
8941269,8941269,movement,1501,531,1709560937337
8941269,8941269,movement,1507,530,1709560937365
8941269,8941269,movement,1508,530,1709560937477
8941269,8941269,movement,1514,530,1709560937502
8941269,8941269,movement,1515,530,1709560937505
8941269,8941269,movement,1516,530,1709560937518
8941269,8941269,movement,1518,530,1709560937534
8941269,8941269,movement,1518,530,1709560937564
8941269,8941269,movement,1518,530,1709560937648
8941269,8941269,movement,1519,530,1709560937662
8941269,8941269,movement,1520,530,1709560937670
8941269,8941269,movement,1522,530,1709560937693
8941269,8941269,movement,1523,530,1709560937707
8941269,8941269,movement,1524,530,1709560937718
8941269,8941269,movement,1523,530,1709560937942
8941269,8941269,movement,1522,530,1709560937950
8941269,8941269,movement,1520,530,1709560937969
8941269,8941269,movement,1516,530,1709560937988
8941269,8941269,movement,1514,530,1709560938015
8941269,8941269,movement,1514,530,1709560938137
8941269,8941269,mousedown,1514,530,1709560938497
8941269,8941269,mouseup,1514,530,1709560938718
8941269,8941269,mousedown,1514,530,1709560938921
8941269,8941269,mouseup,1514,530,1709560939137
8941269,8941269,movement,1505,532,1709560939332
8941269,8941269,movement,1398,572,1709560939358
8941269,8941269,movement,1226,647,1709560939391
8941269,8941269,movement,1059,713,1709560939419
8941269,8941269,movement,938,744,1709560939444
8941269,8941269,movement,894,742,1709560939462
8941269,8941269,movement,885,740,1709560939468
8941269,8941269,movement,869,734,1709560939487
8941269,8941269,movement,862,726,1709560939503
8941269,8941269,movement,858,706,1709560939520
8941269,8941269,movement,848,697,1709560939844
8941269,8941269,movement,838,686,1709560939855
8941269,8941269,movement,802,644,1709560939884
8941269,8941269,movement,768,594,1709560939907
8941269,8941269,movement,753,566,1709560939928
8941269,8941269,movement,743,550,1709560939955
8941269,8941269,movement,741,546,1709560939958
8941269,8941269,movement,740,544,1709560939964
8941269,8941269,movement,739,541,1709560939982
8941269,8941269,movement,739,535,1709560940001
8941269,8941269,movement,739,522,1709560940023
8941269,8941269,movement,738,505,1709560940040
8941269,8941269,movement,738,499,1709560940048
8941269,8941269,movement,737,488,1709560940069
8941269,8941269,movement,738,475,1709560940088
8941269,8941269,movement,738,469,1709560940100
8941269,8941269,movement,738,467,1709560940115
8941269,8941269,movement,738,464,1709560940133
8941269,8941269,mousedown,738,464,1709560940582
8941269,8941269,mouseup,738,464,1709560940803
8941269,8941269,singleclick,738,464,1709560940812
8941269,8941269,movement,738,454,1709560941382
8941269,8941269,movement,738,445,1709560941401
8941269,8941269,movement,734,434,1709560941415
8941269,8941269,movement,727,420,1709560941434
8941269,8941269,movement,709,394,1709560941448
8941269,8941269,movement,693,375,1709560941466
8941269,8941269,movement,675,355,1709560941485
8941269,8941269,movement,617,302,1709560941509
8941269,8941269,movement,600,287,1709560941516
8941269,8941269,movement,562,260,1709560941532
8941269,8941269,movement,463,204,1709560941557
8941269,8941269,movement,439,191,1709560941569
8941269,8941269,movement,381,158,1709560941583
8941269,8941269,movement,356,141,1709560941600
8941269,8941269,movement,336,124,1709560941617
8941269,8941269,movement,333,126,1709560941947
8941269,8941269,movement,330,128,1709560941965
8941269,8941269,movement,326,130,1709560941980
8941269,8941269,movement,322,131,1709560941998
8941269,8941269,movement,318,133,1709560942015
8941269,8941269,movement,315,134,1709560942029
8941269,8941269,movement,311,136,1709560942047
8941269,8941269,movement,307,138,1709560942063
8941269,8941269,movement,306,140,1709560942079
8941269,8941269,movement,302,142,1709560942096
8941269,8941269,movement,298,145,1709560942112
8941269,8941269,movement,294,146,1709560942129
8941269,8941269,movement,294,147,1709560942147
8941269,8941269,movement,292,149,1709560942165
8941269,8941269,movement,290,149,1709560942180
8941269,8941269,movement,288,150,1709560942196
8941269,8941269,movement,287,152,1709560942214
8941269,8941269,movement,286,158,1709560942232
8941269,8941269,movement,285,162,1709560942249
8941269,8941269,movement,284,167,1709560942265
8941269,8941269,movement,283,174,1709560942281
8941269,8941269,movement,282,178,1709560942303
8941269,8941269,movement,282,182,1709560942316
8941269,8941269,movement,282,182,1709560942334
8941269,8941269,mousedown,282,182,1709560942558
8941269,8941269,mouseup,282,182,1709560942782
8941269,8941269,movement,284,182,1709560943188
8941269,8941269,singleclick,284,182,1709560942786
8941269,8941269,movement,290,179,1709560943195
8941269,8941269,movement,306,174,1709560943219
8941269,8941269,movement,322,170,1709560943235
8941269,8941269,movement,333,166,1709560943248
8941269,8941269,movement,359,161,1709560943271
8941269,8941269,movement,370,160,1709560943285
8941269,8941269,movement,413,158,1709560943302
8941269,8941269,movement,460,156,1709560943316
8941269,8941269,movement,520,157,1709560943331
8941269,8941269,movement,589,160,1709560943348
8941269,8941269,movement,662,170,1709560943363
8941269,8941269,movement,766,194,1709560943378
8941269,8941269,movement,823,208,1709560943399
8941269,8941269,movement,872,216,1709560943415
8941269,8941269,movement,882,218,1709560943832
8941269,8941269,movement,894,218,1709560943834
8941269,8941269,movement,923,217,1709560943845
8941269,8941269,movement,962,211,1709560943866
8941269,8941269,movement,1002,202,1709560943887
8941269,8941269,movement,1107,179,1709560943916
8941269,8941269,movement,1143,179,1709560943930
8941269,8941269,movement,1171,182,1709560943945
8941269,8941269,movement,1206,187,1709560943967
8941269,8941269,movement,1220,189,1709560943977
8941269,8941269,movement,1230,190,1709560943996
8941269,8941269,movement,1244,189,1709560944011
8941269,8941269,movement,1258,186,1709560944028
8941269,8941269,movement,1272,182,1709560944046
8941269,8941269,movement,1287,178,1709560944065
8941269,8941269,movement,1312,170,1709560944084
8941269,8941269,movement,1327,161,1709560944102
8941269,8941269,movement,1350,161,1709560944382
8941269,8941269,movement,1382,154,1709560944403
8941269,8941269,movement,1418,133,1709560944420
8941269,8941269,movement,1443,113,1709560944438
8941269,8941269,movement,1463,98,1709560944453
8941269,8941269,movement,1483,86,1709560944465
8941269,8941269,movement,1341,159,1709560947254
8941269,8941269,movement,1332,173,1709560947274
8941269,8941269,movement,1330,179,1709560947284
8941269,8941269,movement,1326,196,1709560947305
8941269,8941269,movement,1326,214,1709560947330
8941269,8941269,movement,1328,229,1709560947356
8941269,8941269,movement,1330,234,1709560947375
8941269,8941269,movement,1331,234,1709560947379
8941269,8941269,movement,1333,238,1709560947394
8941269,8941269,movement,1338,240,1709560947407
8941269,8941269,movement,1346,242,1709560947424
8941269,8941269,movement,1357,242,1709560947449
8941269,8941269,movement,1375,237,1709560947460
8941269,8941269,movement,1389,228,1709560947477
8941269,8941269,movement,1411,209,1709560947498
8941269,8941269,movement,1426,193,1709560947516
8941269,8941269,movement,1448,167,1709560947537
8941269,8941269,movement,1454,157,1709560947553
8941269,8941269,movement,1457,152,1709560947562
8941269,8941269,movement,1458,144,1709560947578
8941269,8941269,movement,1458,135,1709560947594
8941269,8941269,movement,1457,130,1709560947608
8941269,8941269,movement,1454,128,1709560947624
8941269,8941269,movement,1454,126,1709560947643
8941269,8941269,movement,1452,125,1709560947658
8941269,8941269,movement,1450,124,1709560947675
Tab ID,ClientID,Type,Mouse X,Mouse Y,TimeStamp
8941269,8941269,movement,1433,150,1709594945243
8941269,8941269,movement,1437,285,1709594945265
8941269,8941269,movement,1453,410,1709594945300
8941269,8941269,movement,1467,446,1709594945339
8941269,8941269,movement,1476,458,1709594945370
8941269,8941269,movement,1488,451,1709594945765
8941269,8941269,movement,1514,427,1709594945814
8941269,8941269,movement,1523,419,1709594945843
8941269,8941269,movement,1526,415,1709594945897
8941269,8941269,movement,1527,414,1709594945907
8941269,8941269,movement,1528,412,1709594945923
8941269,8941269,movement,1528,411,1709594945936
8941269,8941269,movement,1528,409,1709594945954
8941269,8941269,movement,1526,402,1709594945976
8941269,8941269,movement,1515,392,1709594945998
8941269,8941269,movement,1495,373,1709594946026
8941269,8941269,movement,1450,339,1709594946059
8941269,8941269,movement,1415,318,1709594946094
8941269,8941269,movement,1394,308,1709594946130
8941269,8941269,movement,1386,302,1709594946158
8941269,8941269,movement,1382,302,1709594946173
8941269,8941269,movement,1373,302,1709594946206
8941269,8941269,movement,1369,303,1709594946219
8941269,8941269,movement,1362,305,1709594946240
8941269,8941269,movement,1356,307,1709594946253
8941269,8941269,movement,1350,310,1709594946277
8941269,8941269,movement,1343,313,1709594946306
8941269,8941269,movement,1339,315,1709594946310
8941269,8941269,movement,1336,318,1709594946330
8941269,8941269,movement,1334,318,1709594946337
8941269,8941269,movement,1331,322,1709594946356
8941269,8941269,movement,1330,323,1709594946372
8941269,8941269,movement,1328,325,1709594946390
8941269,8941269,movement,1326,326,1709594946420
8941269,8941269,movement,1326,327,1709594946436
8941269,8941269,movement,1325,329,1709594946455
8941269,8941269,movement,1324,329,1709594946469
8941269,8941269,movement,1324,330,1709594946513
8941269,8941269,movement,1322,330,1709594946988
8941269,8941269,movement,1317,334,1709594947007
8941269,8941269,movement,1302,341,1709594947040
8941269,8941269,movement,1298,342,1709594947051
8941269,8941269,movement,1294,344,1709594947072
8941269,8941269,movement,1293,345,1709594947084
8941269,8941269,movement,1291,346,1709594947102
8941269,8941269,movement,1290,346,1709594947118
8941269,8941269,mousedown,1290,346,1709594947443
8941269,8941269,mouseup,1290,346,1709594947637
8941269,8941269,movement,1238,310,1709594947980
8941269,8941269,movement,1145,236,1709594948033
8941269,8941269,movement,1072,180,1709594948034
8941269,8941269,singleclick,1072,180,1709594947654
8941269,8941269,movement,894,91,1709594948089
8941269,8941269,movement,499,93,1709594948584
8941269,8941269,movement,486,100,1709594948605
8941269,8941269,movement,474,105,1709594948620
8941269,8941269,movement,462,113,1709594948633
8941269,8941269,movement,454,118,1709594948650
8941269,8941269,movement,446,121,1709594948667
8941269,8941269,movement,434,128,1709594948683
8941269,8941269,movement,428,131,1709594948699
8941269,8941269,movement,422,136,1709594948716
8941269,8941269,movement,414,142,1709594948734
8941269,8941269,movement,403,150,1709594948751
8941269,8941269,movement,395,153,1709594948773
8941269,8941269,movement,389,157,1709594948783
8941269,8941269,movement,381,158,1709594948801
8941269,8941269,movement,377,159,1709594948817
8941269,8941269,movement,374,161,1709594948838
8941269,8941269,movement,367,161,1709594948856
8941269,8941269,movement,362,162,1709594948871
8941269,8941269,movement,354,161,1709594948887
8941269,8941269,movement,350,161,1709594948901
8941269,8941269,movement,343,160,1709594948917
8941269,8941269,movement,341,159,1709594948935
8941269,8941269,movement,338,158,1709594948951
8941269,8941269,movement,335,158,1709594948967
8941269,8941269,movement,333,158,1709594948986
8941269,8941269,movement,330,158,1709594949001
8941269,8941269,movement,328,158,1709594949018
8941269,8941269,movement,326,157,1709594949035
8941269,8941269,movement,324,157,1709594949050
8941269,8941269,movement,322,158,1709594949067
8941269,8941269,movement,318,158,1709594949084
8941269,8941269,movement,316,158,1709594949102
8941269,8941269,movement,313,158,1709594949116
8941269,8941269,movement,308,158,1709594949136
8941269,8941269,movement,299,162,1709594949152
8941269,8941269,movement,295,163,1709594949167
8941269,8941269,movement,289,165,1709594949186
8941269,8941269,movement,286,166,1709594949208
8941269,8941269,movement,282,168,1709594949238
8941269,8941269,movement,280,168,1709594949250
8941269,8941269,mousedown,280,168,1709594949554
8941269,8941269,mouseup,280,168,1709594949773
8941269,8941269,singleclick,280,168,1709594949774
8941269,8941269,movement,289,168,1709594950212
8941269,8941269,movement,302,168,1709594950223
8941269,8941269,movement,315,168,1709594950234
8941269,8941269,movement,377,172,1709594950254
8941269,8941269,movement,444,178,1709594950271
8941269,8941269,movement,568,188,1709594950287
8941269,8941269,movement,608,194,1709594950297
8941269,8941269,movement,650,201,1709594950304
8941269,8941269,movement,719,215,1709594950322
8941269,8941269,movement,794,230,1709594950340
8941269,8941269,movement,826,236,1709594950354
8941269,8941269,movement,846,239,1709594950368
8941269,8941269,movement,861,242,1709594950383
8941269,8941269,movement,867,242,1709594950399
8941269,8941269,movement,852,242,1709594951025
8941269,8941269,movement,830,242,1709594951038
8941269,8941269,movement,747,233,1709594951056
8941269,8941269,movement,690,223,1709594951070
8941269,8941269,movement,634,212,1709594951086
8941269,8941269,movement,586,200,1709594951100
8941269,8941269,movement,542,189,1709594951117
8941269,8941269,movement,482,172,1709594951138
8941269,8941269,movement,442,158,1709594951154
8941269,8941269,movement,426,154,1709594951165
8941269,8941269,movement,417,151,1709594951185
8941269,8941269,movement,411,150,1709594951199
8941269,8941269,movement,406,149,1709594951216
8941269,8941269,movement,403,148,1709594951233
8941269,8941269,movement,401,148,1709594951250
8941269,8941269,movement,398,148,1709594951265
8941269,8941269,movement,397,148,1709594951281
8941269,8941269,movement,396,148,1709594951299
8941269,8941269,movement,394,148,1709594951315
8941269,8941269,mousedown,283,167,1709594952204
8941269,8941269,mouseup,283,167,1709594952440
8941269,8941269,movement,282,171,1709594955904
8941269,8941269,movement,278,170,1709594955912
8941269,8941269,movement,274,170,1709594955919
8941269,8941269,movement,271,168,1709594955927
8941269,8941269,movement,262,165,1709594955944
8941269,8941269,movement,252,160,1709594955966
8941269,8941269,movement,235,152,1709594955979
8941269,8941269,movement,226,147,1709594955998
8941269,8941269,movement,220,144,1709594956011
8941269,8941269,movement,213,141,1709594956030
8941269,8941269,movement,210,139,1709594956044
8941269,8941269,movement,206,138,1709594956061
8941269,8941269,movement,203,137,1709594956080
8941269,8941269,movement,199,137,1709594956094
8941269,8941269,movement,196,136,1709594956114
8941269,8941269,movement,191,135,1709594956129
8941269,8941269,movement,188,134,1709594956146
8941269,8941269,movement,184,134,1709594956164
8941269,8941269,movement,178,133,1709594956179
8941269,8941269,movement,176,133,1709594956195
8941269,8941269,movement,173,132,1709594956215
8941269,8941269,movement,168,131,1709594956228
8941269,8941269,movement,166,131,1709594956245
8941269,8941269,movement,164,131,1709594956262
8941269,8941269,movement,163,130,1709594956278
8941269,8941269,movement,162,130,1709594956332
8941269,8941269,movement,392,148,1709594951334
8941269,8941269,movement,389,149,1709594951350
8941269,8941269,movement,385,150,1709594951366
8941269,8941269,movement,377,153,1709594951383
8941269,8941269,movement,372,154,1709594951402
8941269,8941269,movement,366,156,1709594951418
8941269,8941269,movement,358,158,1709594951437
8941269,8941269,movement,352,158,1709594951451
8941269,8941269,movement,348,158,1709594951466
8941269,8941269,movement,346,158,1709594951482
8941269,8941269,movement,345,158,1709594951500
8941269,8941269,movement,342,158,1709594951517
8941269,8941269,movement,341,157,1709594951535
8941269,8941269,movement,338,157,1709594951551
8941269,8941269,movement,335,156,1709594951567
8941269,8941269,movement,333,156,1709594951587
8941269,8941269,movement,329,156,1709594951601
8941269,8941269,movement,326,156,1709594951615
8941269,8941269,movement,325,156,1709594951637
8941269,8941269,movement,322,156,1709594951651
8941269,8941269,movement,316,156,1709594951667
8941269,8941269,movement,310,158,1709594951688
8941269,8941269,movement,306,159,1709594951705
8941269,8941269,movement,306,160,1709594951717
8941269,8941269,movement,302,161,1709594951732
8941269,8941269,movement,300,162,1709594951750
8941269,8941269,movement,297,162,1709594951766
8941269,8941269,movement,294,163,1709594951781
8941269,8941269,movement,293,164,1709594951797
8941269,8941269,movement,291,165,1709594951815
8941269,8941269,movement,290,165,1709594951831
8941269,8941269,movement,288,166,1709594951848
8941269,8941269,movement,286,166,1709594951881
8941269,8941269,movement,286,167,1709594951897
8941269,8941269,movement,284,167,1709594951915
8941269,8941269,movement,283,167,1709594951954
8941269,8941269,movement,166,130,1709594957497
8941269,8941269,movement,174,130,1709594957507
8941269,8941269,movement,183,130,1709594957512
8941269,8941269,movement,194,131,1709594957526
8941269,8941269,movement,218,135,1709594957542
8941269,8941269,movement,265,146,1709594957559
8941269,8941269,movement,300,154,1709594957577
8941269,8941269,movement,353,174,1709594957594
8941269,8941269,movement,468,230,1709594957621
8941269,8941269,movement,570,301,1709594957686
8941269,8941269,movement,614,352,1709594957733
8941269,8941269,movement,616,354,1709594957754
8941269,8941269,movement,616,355,1709594957822
8941269,8941269,movement,616,356,1709594957909
8941269,8941269,movement,610,356,1709594957938
8941269,8941269,movement,603,356,1709594957967
8941269,8941269,movement,599,356,1709594957986
8941269,8941269,movement,592,356,1709594958024
8941269,8941269,movement,586,356,1709594958053
8941269,8941269,movement,582,356,1709594958088
8941269,8941269,movement,579,352,1709594958231
8941269,8941269,movement,306,183,1709594953629
8941269,8941269,movement,303,180,1709594953646
8941269,8941269,movement,299,176,1709594953665
8941269,8941269,movement,298,174,1709594953679
8941269,8941269,movement,294,173,1709594953695
8941269,8941269,movement,292,172,1709594953721
8941269,8941269,movement,290,170,1709594953757
8941269,8941269,movement,289,170,1709594953765
8941269,8941269,movement,288,170,1709594953800
8941269,8941269,movement,286,170,1709594953816
8941269,8941269,movement,286,171,1709594953833
8941269,8941269,movement,285,171,1709594953865
8941269,8941269,movement,284,171,1709594953879
8941269,8941269,mousedown,284,171,1709594954212
8941269,8941269,singleclick,284,171,1709594955116
8941269,8941269,movement,563,344,1709594959208
8941269,8941269,movement,504,317,1709594959227
8941269,8941269,movement,465,295,1709594959241
8941269,8941269,movement,435,276,1709594959261
8941269,8941269,movement,412,263,1709594959277
8941269,8941269,movement,383,243,1709594959304
8941269,8941269,movement,378,239,1709594959320
8941269,8941269,movement,376,238,1709594959327
8941269,8941269,movement,370,235,1709594959341
8941269,8941269,movement,364,232,1709594959356
8941269,8941269,movement,356,229,1709594959373
8941269,8941269,movement,343,222,1709594959391
8941269,8941269,movement,337,220,1709594959408
8941269,8941269,movement,329,217,1709594959424
8941269,8941269,movement,316,213,1709594959442
8941269,8941269,movement,307,210,1709594959457
8941269,8941269,movement,300,206,1709594959473
8941269,8941269,movement,294,201,1709594959490
8941269,8941269,movement,290,198,1709594959509
8941269,8941269,movement,289,198,1709594959519
8941269,8941269,movement,287,196,1709594959523
8941269,8941269,movement,286,194,1709594959541
8941269,8941269,movement,283,190,1709594959566
8941269,8941269,movement,281,187,1709594959576
8941269,8941269,movement,278,183,1709594959592
8941269,8941269,movement,277,181,1709594959609
8941269,8941269,movement,275,178,1709594959630
8941269,8941269,movement,274,177,1709594959645
8941269,8941269,movement,274,175,1709594959661
8941269,8941269,movement,274,174,1709594959679
8941269,8941269,movement,274,173,1709594959697
8941269,8941269,movement,274,171,1709594959731
8941269,8941269,singleclick,283,167,1709594952445
8941269,8941269,movement,286,168,1709594952900
8941269,8941269,movement,292,170,1709594952915
8941269,8941269,movement,308,175,1709594952931
8941269,8941269,movement,321,180,1709594952953
8941269,8941269,movement,340,190,1709594952965
8941269,8941269,movement,347,194,1709594952980
8941269,8941269,movement,354,198,1709594952983
8941269,8941269,movement,369,206,1709594952998
8941269,8941269,movement,389,219,1709594953016
8941269,8941269,movement,403,227,1709594953031
8941269,8941269,movement,418,235,1709594953049
8941269,8941269,movement,438,246,1709594953066
8941269,8941269,movement,453,255,1709594953081
8941269,8941269,movement,467,262,1709594953100
8941269,8941269,movement,489,277,1709594953117
8941269,8941269,movement,502,285,1709594953131
8941269,8941269,movement,517,294,1709594953150
8941269,8941269,movement,530,302,1709594953164
8941269,8941269,movement,542,309,1709594953180
8941269,8941269,movement,548,312,1709594953195
8941269,8941269,movement,554,314,1709594953214
8941269,8941269,movement,558,318,1709594953229
8941269,8941269,movement,560,318,1709594953246
8941269,8941269,movement,562,319,1709594953263
8941269,8941269,movement,559,318,1709594953301
8941269,8941269,movement,555,316,1709594953314
8941269,8941269,movement,536,305,1709594953332
8941269,8941269,movement,507,284,1709594953350
8941269,8941269,movement,476,263,1709594953367
8941269,8941269,movement,450,247,1709594953385
8941269,8941269,movement,425,235,1709594953398
8941269,8941269,movement,404,225,1709594953414
8941269,8941269,movement,380,217,1709594953429
8941269,8941269,movement,367,213,1709594953447
8941269,8941269,movement,356,209,1709594953464
8941269,8941269,movement,343,205,1709594953479
8941269,8941269,movement,337,202,1709594953496
8941269,8941269,movement,332,200,1709594953514
8941269,8941269,movement,328,198,1709594953529
8941269,8941269,movement,326,197,1709594953539
8941269,8941269,movement,322,195,1709594953546
8941269,8941269,movement,317,192,1709594953570
8941269,8941269,movement,315,191,1709594953578
8941269,8941269,movement,312,189,1709594953595
8941269,8941269,movement,309,186,1709594953614
8941269,8941269,mousedown,162,130,1709594956763
8941269,8941269,mouseup,162,130,1709594956980
8941269,8941269,mousedown,579,352,1709594958379
8941269,8941269,mouseup,579,352,1709594958602
8941269,8941269,singleclick,579,352,1709594958621
8941269,8941269,mousedown,274,171,1709594959963
8941269,8941269,mouseup,274,171,1709594960181
8941269,8941269,singleclick,274,171,1709594960183
8941269,8941269,movement,305,176,1709594960853
8941269,8941269,movement,575,239,1709594960897
8941269,8941269,movement,789,275,1709594960934
8941269,8941269,movement,847,278,1709594960960
8941269,8941269,movement,861,279,1709594960972
8941269,8941269,movement,864,279,1709594960990
8941269,8941269,mousedown,864,279,1709594961369
8941269,8941269,mouseup,864,279,1709594961589
8941269,8941269,singleclick,864,279,1709594961598
8941269,8941269,mouseup,284,171,1709594954449
8941269,8941269,singleclick,284,171,1709594954450
8941269,8941269,mousedown,284,171,1709594954924
8941269,8941269,mouseup,284,171,1709594955114
8941269,8941269,movement,283,162,1709594962854
8941269,8941269,movement,282,162,1709594962870
8941269,8941269,movement,281,162,1709594962887
8941269,8941269,movement,280,162,1709594962904
8941269,8941269,movement,279,162,1709594962920
8941269,8941269,mousedown,279,162,1709594963180
8941269,8941269,mouseup,279,162,1709594963408
8941269,8941269,singleclick,279,162,1709594963410
8941269,8941269,movement,406,170,1709594964120
8941269,8941269,movement,634,190,1709594964148
8941269,8941269,movement,797,218,1709594964172
8941269,8941269,movement,902,234,1709594964191
8941269,8941269,movement,924,239,1709594964202
8941269,8941269,movement,931,242,1709594964221
8941269,8941269,movement,943,241,1709594964549
8941269,8941269,movement,957,240,1709594964554
8941269,8941269,movement,974,238,1709594964571
8941269,8941269,movement,1038,230,1709594964587
8941269,8941269,movement,1148,218,1709594964611
8941269,8941269,movement,1182,215,1709594964619
8941269,8941269,movement,1244,206,1709594964639
8941269,8941269,movement,1274,200,1709594964646
8941269,8941269,movement,1298,196,1709594964653
8941269,8941269,movement,1318,188,1709594964671
8941269,8941269,movement,1321,188,1709594965240
8941269,8941269,movement,1325,188,1709594965251
8941269,8941269,movement,1335,186,1709594965268
8941269,8941269,movement,1344,184,1709594965285
8941269,8941269,movement,1355,182,1709594965302
8941269,8941269,movement,1369,179,1709594965321
8941269,8941269,movement,1391,174,1709594965344
8941269,8941269,movement,1401,171,1709594965369
8941269,8941269,movement,1408,170,1709594965396
8941269,8941269,movement,1418,168,1709594965421
8941269,8941269,movement,1428,165,1709594965444
8941269,8941269,movement,1432,163,1709594965463
8941269,8941269,movement,1434,162,1709594965482
8941269,8941269,movement,1435,162,1709594965503
8941269,8941269,movement,1436,162,1709594965521
8941269,8941269,movement,1438,160,1709594965541
8941269,8941269,movement,1438,159,1709594965552
8941269,8941269,movement,1441,156,1709594965574
8941269,8941269,movement,1442,155,1709594965597
8941269,8941269,movement,1446,152,1709594965617
8941269,8941269,movement,1450,150,1709594965635
8941269,8941269,movement,1454,148,1709594965652
8941269,8941269,movement,1458,146,1709594965669
8941269,8941269,movement,1462,146,1709594965684
8941269,8941269,movement,1468,146,1709594965710
8941269,8941269,movement,1469,146,1709594965718
8941269,8941269,movement,1470,146,1709594965735
8941269,8941269,movement,1473,146,1709594965752
8941269,8941269,movement,1475,146,1709594965775
8941269,8941269,movement,1476,146,1709594965794
8941269,8941269,movement,1476,147,1709594965800
8941269,8941269,movement,1477,147,1709594965818
8941269,8941269,movement,1477,148,1709594965876
8941269,8941269,movement,1477,149,1709594965889
8941269,8941269,movement,1472,152,1709594965901
8941269,8941269,movement,1458,162,1709594965921
8941269,8941269,movement,1442,172,1709594965941
8941269,8941269,movement,1439,174,1709594965951
8941269,8941269,movement,1427,178,1709594965977
8941269,8941269,movement,1414,182,1709594966008
8941269,8941269,movement,1409,183,1709594966020
8941269,8941269,movement,1403,184,1709594966043
8941269,8941269,movement,1399,184,1709594966074
8941269,8941269,movement,1398,184,1709594966094
8941269,8941269,movement,1398,184,1709594966103
8941269,8941269,movement,1399,182,1709594966254
8941269,8941269,movement,1401,178,1709594966271
8941269,8941269,movement,1406,174,1709594966289
8941269,8941269,movement,1413,170,1709594966321
8941269,8941269,movement,1415,169,1709594966334
8941269,8941269,movement,1418,167,1709594966356
8941269,8941269,movement,1419,166,1709594966386
8941269,8941269,movement,1420,166,1709594966418
8941269,8941269,movement,1420,166,1709594966504
8941269,8941269,movement,1422,164,1709594966518
8941269,8941269,movement,850,278,1709594962096
8941269,8941269,movement,823,271,1709594962107
8941269,8941269,movement,730,250,1709594962124
8941269,8941269,movement,692,242,1709594962139
8941269,8941269,movement,594,222,1709594962158
8941269,8941269,movement,536,210,1709594962172
8941269,8941269,movement,465,197,1709594962187
8941269,8941269,movement,437,193,1709594962206
8941269,8941269,movement,419,190,1709594962227
8941269,8941269,movement,402,186,1709594962240
8941269,8941269,movement,390,185,1709594962259
8941269,8941269,movement,385,184,1709594962274
8941269,8941269,movement,380,183,1709594962288
8941269,8941269,movement,373,182,1709594962308
8941269,8941269,movement,368,182,1709594962322
8941269,8941269,movement,363,182,1709594962342
8941269,8941269,movement,355,182,1709594962364
8941269,8941269,movement,352,182,1709594962373
8941269,8941269,movement,348,183,1709594962390
8941269,8941269,movement,344,184,1709594962409
8941269,8941269,movement,342,185,1709594962423
8941269,8941269,movement,339,185,1709594962439
8941269,8941269,movement,333,186,1709594962459
8941269,8941269,movement,329,186,1709594962473
8941269,8941269,movement,325,186,1709594962494
8941269,8941269,movement,321,186,1709594962507
8941269,8941269,movement,316,183,1709594962526
8941269,8941269,movement,313,182,1709594962540
8941269,8941269,movement,310,181,1709594962557
8941269,8941269,movement,306,178,1709594962573
8941269,8941269,movement,304,177,1709594962589
8941269,8941269,movement,302,174,1709594962604
8941269,8941269,movement,301,173,1709594962624
8941269,8941269,movement,300,171,1709594962637
8941269,8941269,movement,298,169,1709594962655
8941269,8941269,movement,298,168,1709594962672
8941269,8941269,movement,296,166,1709594962689
8941269,8941269,movement,295,166,1709594962703
8941269,8941269,movement,294,165,1709594962721
8941269,8941269,movement,291,163,1709594962754
8941269,8941269,movement,290,162,1709594962773
8941269,8941269,movement,287,162,1709594962805
8941269,8941269,movement,286,162,1709594962821
8941269,8941269,movement,284,162,1709594962837
8941269,8941269,mousedown,1422,164,1709594966753
8941269,8941269,mouseup,1422,164,1709594966988
8941269,8941269,singleclick,1422,164,1709594966989
8941269,8941269,movement,1414,169,1709594970508
8941269,8941269,movement,1402,177,1709594970517
8941269,8941269,movement,1338,226,1709594970536
8941269,8941269,movement,1210,328,1709594970581
8941269,8941269,movement,1048,457,1709594970636
8941269,8941269,movement,940,515,1709594970682
8941269,8941269,movement,907,527,1709594970709
8941269,8941269,movement,899,528,1709594970726
8941269,8941269,movement,897,527,1709594970730
8941269,8941269,movement,891,525,1709594971072
8941269,8941269,movement,884,521,1709594971091
8941269,8941269,movement,870,511,1709594971096
8941269,8941269,movement,856,498,1709594971119
8941269,8941269,movement,836,481,1709594971136
8941269,8941269,movement,822,469,1709594971152
8941269,8941269,movement,821,467,1709594971164
8941269,8941269,movement,817,464,1709594971180
8941269,8941269,movement,816,464,1709594971195
8941269,8941269,movement,816,463,1709594971212
8941269,8941269,movement,815,463,1709594971230
8941269,8941269,movement,814,463,1709594971323
8941269,8941269,movement,814,463,1709594971345
8941269,8941269,movement,813,463,1709594971352
8941269,8941269,movement,812,463,1709594971367
8941269,8941269,movement,810,465,1709594971381
8941269,8941269,movement,807,468,1709594971395
8941269,8941269,movement,803,471,1709594971412
8941269,8941269,movement,796,480,1709594971430
8941269,8941269,movement,787,492,1709594971450
8941269,8941269,movement,771,517,1709594971468
8941269,8941269,movement,754,547,1709594971496
8941269,8941269,movement,739,574,1709594971517
8941269,8941269,movement,727,594,1709594971534
8941269,8941269,movement,726,597,1709594971545
8941269,8941269,movement,722,601,1709594971562
8941269,8941269,movement,720,604,1709594971583
8941269,8941269,movement,718,606,1709594971596
8941269,8941269,movement,717,609,1709594971612
8941269,8941269,movement,714,612,1709594971630
8941269,8941269,movement,712,615,1709594971653
8941269,8941269,movement,709,619,1709594971673
8941269,8941269,movement,708,620,1709594971678
8941269,8941269,movement,706,622,1709594971696
8941269,8941269,movement,705,623,1709594971716
8941269,8941269,movement,704,626,1709594971732
8941269,8941269,movement,702,627,1709594971747
8941269,8941269,movement,701,630,1709594971762
8941269,8941269,movement,699,632,1709594971778
8941269,8941269,movement,698,633,1709594971795
8941269,8941269,movement,698,634,1709594971812
8941269,8941269,movement,697,634,1709594971829
8941269,8941269,movement,697,635,1709594971845
8941269,8941269,movement,697,636,1709594971863
8941269,8941269,movement,696,636,1709594971885
8941269,8941269,movement,695,638,1709594971903
8941269,8941269,movement,695,638,1709594971921
8941269,8941269,movement,694,638,1709594971936
8941269,8941269,movement,694,639,1709594971945
8941269,8941269,movement,694,639,1709594971962
8941269,8941269,mousedown,694,639,1709594972245
8941269,8941269,mouseup,694,639,1709594972458
8941269,8941269,singleclick,694,639,1709594972471
8941269,8941269,movement,690,634,1709594973147
8941269,8941269,movement,678,613,1709594973166
8941269,8941269,movement,658,581,1709594973184
8941269,8941269,movement,606,498,1709594973213
8941269,8941269,movement,569,442,1709594973240
8941269,8941269,movement,520,386,1709594973279
8941269,8941269,movement,479,340,1709594973312
8941269,8941269,movement,446,305,1709594973339
8941269,8941269,movement,416,272,1709594973373
8941269,8941269,movement,373,230,1709594973425
8941269,8941269,movement,367,224,1709594973444
8941269,8941269,movement,333,203,1709594974090
8941269,8941269,movement,315,191,1709594974091
8941269,8941269,movement,253,138,1709594974204
8941269,8941269,movement,250,135,1709594974289
8941269,8941269,movement,247,130,1709594974337
8941269,8941269,movement,249,130,1709594974663
8941269,8941269,movement,254,134,1709594974670
8941269,8941269,movement,258,138,1709594974677
8941269,8941269,movement,263,143,1709594974696
8941269,8941269,movement,269,147,1709594974712
8941269,8941269,movement,275,153,1709594974729
8941269,8941269,movement,277,154,1709594974743
8941269,8941269,movement,278,156,1709594974763
8941269,8941269,movement,280,158,1709594974778
8941269,8941269,movement,281,158,1709594974798
8941269,8941269,movement,282,158,1709594974834
8941269,8941269,movement,282,160,1709594974847
8941269,8941269,movement,284,160,1709594974863
8941269,8941269,movement,285,162,1709594974878
8941269,8941269,movement,286,162,1709594974896
8941269,8941269,movement,287,162,1709594974928
8941269,8941269,movement,288,162,1709594974946
8941269,8941269,mousedown,288,162,1709594975224
8941269,8941269,mouseup,288,162,1709594975460
8941269,8941269,singleclick,288,162,1709594975464
8941269,8941269,movement,314,200,1709594976193
8941269,8941269,movement,354,274,1709594976223
8941269,8941269,movement,382,334,1709594976247
8941269,8941269,movement,414,407,1709594976290
8941269,8941269,movement,422,434,1709594976319
8941269,8941269,movement,427,446,1709594976339
8941269,8941269,movement,428,449,1709594976341
8941269,8941269,movement,430,453,1709594976363
8941269,8941269,movement,432,457,1709594976378
8941269,8941269,movement,432,458,1709594976388
8941269,8941269,movement,432,458,1709594976390
8941269,8941269,movement,432,459,1709594976504
8941269,8941269,movement,432,458,1709594976891
8941269,8941269,movement,430,454,1709594976897
8941269,8941269,movement,430,450,1709594976919
8941269,8941269,movement,426,440,1709594976947
8941269,8941269,movement,426,438,1709594976956
8941269,8941269,movement,425,438,1709594976973
8941269,8941269,movement,425,437,1709594976990
8941269,8941269,movement,425,436,1709594977007
8941269,8941269,movement,426,433,1709594977091
8941269,8941269,mousedown,426,433,1709594977360
8941269,8941269,mouseup,426,433,1709594977577
8941269,8941269,singleclick,426,433,1709594977595
8941269,8941269,movement,424,427,1709594978348
8941269,8941269,movement,419,419,1709594978353
8941269,8941269,movement,414,410,1709594978360
8941269,8941269,movement,410,400,1709594978373
8941269,8941269,movement,391,366,1709594978389
8941269,8941269,movement,380,346,1709594978406
8941269,8941269,movement,370,326,1709594978423
8941269,8941269,movement,361,310,1709594978440
8941269,8941269,movement,350,292,1709594978457
8941269,8941269,movement,344,283,1709594978475
8941269,8941269,movement,338,272,1709594978490
8941269,8941269,movement,329,256,1709594978506
8941269,8941269,movement,323,246,1709594978524
8941269,8941269,movement,318,239,1709594978539
8941269,8941269,movement,315,236,1709594978556
8941269,8941269,movement,313,232,1709594978574
8941269,8941269,movement,310,230,1709594978589
8941269,8941269,movement,306,224,1709594978605
8941269,8941269,movement,303,221,1709594978622
8941269,8941269,movement,300,217,1709594978638
8941269,8941269,movement,296,212,1709594978656
8941269,8941269,movement,293,208,1709594978673
8941269,8941269,movement,291,206,1709594978689
8941269,8941269,movement,289,200,1709594978706
8941269,8941269,movement,287,197,1709594978719
8941269,8941269,movement,286,194,1709594978724
8941269,8941269,movement,284,187,1709594978745
8941269,8941269,movement,282,182,1709594978756
8941269,8941269,movement,282,178,1709594978773
8941269,8941269,movement,281,177,1709594978789
8941269,8941269,movement,281,176,1709594978806
8941269,8941269,movement,281,175,1709594978824
8941269,8941269,movement,281,174,1709594978841
8941269,8941269,movement,281,174,1709594978858
8941269,8941269,movement,281,173,1709594978891
8941269,8941269,mousedown,281,173,1709594979177
8941269,8941269,mouseup,281,173,1709594979392
8941269,8941269,singleclick,281,173,1709594979394
8941269,8941269,movement,294,173,1709594980073
8941269,8941269,movement,317,175,1709594980081
8941269,8941269,movement,384,182,1709594980108
8941269,8941269,movement,699,214,1709594980165
8941269,8941269,movement,908,278,1709594980202
8941269,8941269,movement,923,277,1709594980510
8941269,8941269,movement,945,271,1709594980515
8941269,8941269,movement,966,267,1709594980522
8941269,8941269,movement,990,261,1709594980542
8941269,8941269,movement,1078,245,1709594980558
8941269,8941269,movement,1167,226,1709594980579
8941269,8941269,movement,1223,216,1709594980590
8941269,8941269,movement,1267,209,1709594980603
8941269,8941269,movement,1294,204,1709594980621
8941269,8941269,movement,1320,198,1709594980637
8941269,8941269,movement,1330,197,1709594980654
8941269,8941269,movement,1335,196,1709594980670
8941269,8941269,movement,1341,195,1709594980687
8941269,8941269,movement,1343,195,1709594980704
8941269,8941269,movement,1345,195,1709594980723
8941269,8941269,movement,1346,194,1709594980737
8941269,8941269,movement,1348,194,1709594980758
8941269,8941269,movement,1350,194,1709594980770
8941269,8941269,movement,1350,194,1709594980786
8941269,8941269,movement,1350,194,1709594980804
8941269,8941269,movement,1352,193,1709594980822
8941269,8941269,movement,1353,192,1709594980839
8941269,8941269,movement,1355,190,1709594980859
8941269,8941269,movement,1358,186,1709594980880
8941269,8941269,movement,1362,181,1709594980923
8941269,8941269,movement,1370,177,1709594980968
8941269,8941269,movement,1372,176,1709594980975
8941269,8941269,movement,1375,175,1709594980990
8941269,8941269,movement,1379,175,1709594981005
8941269,8941269,movement,1383,174,1709594981023
8941269,8941269,movement,1390,173,1709594981038
8941269,8941269,movement,1394,173,1709594981056
8941269,8941269,movement,1403,171,1709594981075
8941269,8941269,movement,1414,168,1709594981088
8941269,8941269,movement,1429,166,1709594981105
8941269,8941269,movement,1434,164,1709594981123
8941269,8941269,movement,1438,164,1709594981142
8941269,8941269,movement,1440,164,1709594981234
8941269,8941269,mouseup,1430,165,1709594982062
8941269,8941269,singleclick,1430,165,1709594982064
8941269,8941269,movement,1439,164,1709594981353
8941269,8941269,movement,1438,164,1709594981369
8941269,8941269,movement,1436,164,1709594981387
8941269,8941269,movement,1434,165,1709594981404
8941269,8941269,movement,1432,165,1709594981432
8941269,8941269,movement,1431,165,1709594981439
8941269,8941269,movement,1430,165,1709594981471
8941269,8941269,mousedown,1430,165,1709594981831
8941269,8941269,movement,1427,168,1709594992141
8941269,8941269,movement,1422,173,1709594992148
8941269,8941269,movement,861,514,1709594992940
8941269,8941269,movement,847,524,1709594992952
8941269,8941269,movement,835,532,1709594992958
8941269,8941269,movement,827,537,1709594992981
8941269,8941269,movement,816,544,1709594993001
8941269,8941269,movement,814,546,1709594993009
8941269,8941269,movement,806,550,1709594993025
8941269,8941269,movement,802,552,1709594993041
8941269,8941269,movement,798,554,1709594993059
8941269,8941269,movement,794,556,1709594993075
8941269,8941269,movement,792,558,1709594993092
8941269,8941269,movement,788,558,1709594993109
8941269,8941269,movement,786,559,1709594993125
8941269,8941269,mousedown,786,559,1709594993451
8941269,8941269,mouseup,786,559,1709594993680
8941269,8941269,movement,773,548,1709594994510
8941269,8941269,movement,770,544,1709594994526
8941269,8941269,movement,767,538,1709594994545
8941269,8941269,movement,765,534,1709594994558
8941269,8941269,movement,762,529,1709594994582
8941269,8941269,movement,750,517,1709594994606
8941269,8941269,movement,744,510,1709594994610
8941269,8941269,movement,738,504,1709594994623
8941269,8941269,movement,733,495,1709594994645
8941269,8941269,movement,726,486,1709594994666
8941269,8941269,movement,705,462,1709594994684
8941269,8941269,movement,698,456,1709594994691
8941269,8941269,movement,681,438,1709594994713
8941269,8941269,movement,633,390,1709594994739
8941269,8941269,movement,595,350,1709594994769
8941269,8941269,movement,559,308,1709594994801
8941269,8941269,movement,518,257,1709594994828
8941269,8941269,movement,483,215,1709594994853
8941269,8941269,movement,465,188,1709594994881
8941269,8941269,movement,456,176,1709594994893
8941269,8941269,singleclick,786,559,1709594993695
8941269,8941269,movement,785,559,1709594994434
8941269,8941269,movement,784,559,1709594994442
8941269,8941269,movement,782,558,1709594994459
8941269,8941269,movement,779,556,1709594994474
8941269,8941269,movement,775,552,1709594994491
8941269,8941269,movement,446,176,1709594996406
8941269,8941269,movement,436,175,1709594996411
8941269,8941269,movement,409,171,1709594996427
8941269,8941269,movement,384,168,1709594996443
8941269,8941269,movement,351,165,1709594996461
8941269,8941269,movement,323,162,1709594996476
8941269,8941269,movement,307,161,1709594996492
8941269,8941269,movement,292,161,1709594996508
8941269,8941269,movement,272,161,1709594996526
8941269,8941269,movement,260,161,1709594996542
8941269,8941269,movement,253,161,1709594996558
8941269,8941269,movement,246,162,1709594996576
8941269,8941269,movement,244,162,1709594996592
8941269,8941269,movement,242,162,1709594996607
8941269,8941269,movement,242,162,1709594996622
8941269,8941269,movement,241,162,1709594996677
8941269,8941269,movement,242,162,1709594996728
8941269,8941269,movement,244,162,1709594996741
8941269,8941269,movement,250,165,1709594996756
8941269,8941269,movement,257,166,1709594996773
8941269,8941269,movement,262,168,1709594996793
8941269,8941269,movement,270,170,1709594996806
8941269,8941269,movement,274,170,1709594996823
8941269,8941269,movement,275,171,1709594996841
8941269,8941269,movement,277,172,1709594996858
8941269,8941269,movement,278,172,1709594996893
8941269,8941269,movement,278,172,1709594996928
8941269,8941269,movement,279,172,1709594996957
8941269,8941269,movement,281,172,1709594996979
8941269,8941269,mousedown,281,172,1709594997258
8941269,8941269,mouseup,281,172,1709594997478
8941269,8941269,movement,1418,177,1709594992162
8941269,8941269,movement,1407,186,1709594992177
8941269,8941269,movement,1393,194,1709594992193
8941269,8941269,movement,1387,198,1709594992196
8941269,8941269,movement,1356,218,1709594992211
8941269,8941269,movement,1328,236,1709594992228
8941269,8941269,movement,1270,270,1709594992262
8941269,8941269,movement,1169,338,1709594992299
8941269,8941269,movement,1106,374,1709594992335
8941269,8941269,movement,1061,400,1709594992367
8941269,8941269,movement,1039,410,1709594992388
8941269,8941269,movement,1031,413,1709594992400
8941269,8941269,movement,1006,422,1709594992437
8941269,8941269,movement,1003,424,1709594992790
8941269,8941269,movement,994,430,1709594992800
8941269,8941269,movement,986,433,1709594992809
8941269,8941269,movement,971,442,1709594992825
8941269,8941269,movement,957,452,1709594992845
8941269,8941269,movement,936,465,1709594992864
8941269,8941269,movement,921,474,1709594992879
8941269,8941269,movement,906,482,1709594992893
8941269,8941269,movement,884,498,1709594992915
8941269,8941269,singleclick,281,172,1709594997480
8941269,8941269,movement,290,183,1709594998075
8941269,8941269,movement,310,204,1709594998083
8941269,8941269,movement,355,253,1709594998104
8941269,8941269,movement,446,357,1709594998130
8941269,8941269,movement,598,559,1709594998171
8941269,8941269,movement,648,654,1709594998229
8941269,8941269,movement,661,669,1709594998286
8941269,8941269,movement,661,667,1709594998600
8941269,8941269,movement,660,662,1709594998609
8941269,8941269,movement,659,654,1709594998621
8941269,8941269,movement,658,646,1709594998643
8941269,8941269,movement,654,627,1709594998676
8941269,8941269,movement,653,625,1709594998681
8941269,8941269,movement,652,622,1709594998689
8941269,8941269,movement,650,618,1709594998703
8941269,8941269,movement,650,614,1709594998720
8941269,8941269,movement,648,608,1709594998744
8941269,8941269,movement,646,600,1709594998767
8941269,8941269,movement,646,598,1709594998776
8941269,8941269,movement,645,595,1709594998789
8941269,8941269,movement,645,593,1709594998803
8941269,8941269,movement,643,590,1709594998821
8941269,8941269,movement,643,587,1709594998836
8941269,8941269,movement,643,586,1709594998853
8941269,8941269,movement,642,585,1709594998870
8941269,8941269,movement,642,583,1709594998891
8941269,8941269,movement,642,583,1709594998904
8941269,8941269,mousedown,642,583,1709594999207
8941269,8941269,mouseup,642,583,1709594999422
8941269,8941269,singleclick,642,583,1709594999430
8941269,8941269,movement,631,570,1709595000073
8941269,8941269,movement,590,512,1709595000090
8941269,8941269,movement,539,443,1709595000103
8941269,8941269,movement,459,341,1709595000119
8941269,8941269,movement,406,274,1709595000139
8941269,8941269,movement,353,210,1709595000154
8941269,8941269,movement,294,139,1709595000171
8941269,8941269,movement,270,113,1709595000188
8941269,8941269,movement,256,96,1709595000204
8941269,8941269,movement,251,89,1709595000213
8941269,8941269,movement,246,104,1709595000538
8941269,8941269,movement,248,119,1709595000552
8941269,8941269,movement,249,133,1709595000570
8941269,8941269,movement,251,145,1709595000587
8941269,8941269,movement,253,161,1709595000603
8941269,8941269,movement,254,168,1709595000619
8941269,8941269,movement,258,178,1709595000641
8941269,8941269,movement,259,182,1709595000652
8941269,8941269,movement,262,188,1709595000671
8941269,8941269,movement,263,190,1709595000694
8941269,8941269,movement,266,193,1709595000711
8941269,8941269,movement,268,195,1709595000725
8941269,8941269,movement,269,196,1709595000738
8941269,8941269,movement,270,197,1709595000754
8941269,8941269,movement,270,197,1709595000768
8941269,8941269,movement,271,198,1709595000813
8941269,8941269,movement,272,198,1709595000850
8941269,8941269,movement,279,193,1709595000860
8941269,8941269,movement,286,181,1709595000907
8941269,8941269,movement,286,178,1709595000911
8941269,8941269,movement,286,176,1709595000923
8941269,8941269,movement,287,174,1709595000937
8941269,8941269,movement,287,174,1709595000970
8941269,8941269,movement,287,173,1709595000986
8941269,8941269,movement,289,170,1709595001053
8941269,8941269,mousedown,289,170,1709595001323
8941269,8941269,mouseup,289,170,1709595001546
8941269,8941269,movement,846,182,1709595002671
8941269,8941269,movement,862,183,1709595002678
8941269,8941269,movement,888,185,1709595002687
8941269,8941269,movement,915,186,1709595002701
8941269,8941269,movement,1016,194,1709595002720
8941269,8941269,movement,1083,202,1709595002737
8941269,8941269,movement,1171,211,1709595002749
8941269,8941269,movement,1212,217,1709595002766
8941269,8941269,movement,1241,218,1709595002784
8941269,8941269,movement,1262,222,1709595002800
8941269,8941269,movement,1282,225,1709595002816
8941269,8941269,movement,1287,226,1709595002835
8941269,8941269,movement,1288,226,1709595002850
8941269,8941269,movement,1294,225,1709595003163
8941269,8941269,movement,1304,224,1709595003170
8941269,8941269,movement,1313,223,1709595003183
8941269,8941269,movement,1330,220,1709595003199
8941269,8941269,movement,1346,218,1709595003216
8941269,8941269,movement,1354,215,1709595003234
8941269,8941269,movement,1365,212,1709595003249
8941269,8941269,movement,1371,210,1709595003265
8941269,8941269,movement,1382,206,1709595003283
8941269,8941269,movement,1406,197,1709595003299
8941269,8941269,movement,1420,190,1709595003319
8941269,8941269,movement,1430,182,1709595003333
8941269,8941269,movement,1433,181,1709595003351
8941269,8941269,movement,1434,179,1709595003365
8941269,8941269,movement,1435,178,1709595003385
8941269,8941269,movement,1436,177,1709595003401
8941269,8941269,movement,1437,174,1709595003419
8941269,8941269,movement,1438,171,1709595003436
8941269,8941269,movement,1439,168,1709595003457
8941269,8941269,movement,1439,165,1709595003479
8941269,8941269,movement,1439,164,1709595003500
8941269,8941269,movement,1439,163,1709595003518
8941269,8941269,movement,1438,163,1709595003549
8941269,8941269,movement,1438,162,1709595003555
8941269,8941269,movement,1437,162,1709595003565
8941269,8941269,movement,1434,162,1709595003584
8941269,8941269,movement,1431,162,1709595003599
8941269,8941269,movement,1430,162,1709595003616
8941269,8941269,movement,1430,161,1709595003632
8941269,8941269,movement,1429,161,1709595003651
8941269,8941269,movement,1430,160,1709595003733
8941269,8941269,mousedown,1430,160,1709595003983
8941269,8941269,mouseup,1430,160,1709595004216
8941269,8941269,singleclick,1430,160,1709595004218
8941269,8941269,movement,1429,164,1709595006066
8941269,8941269,movement,1425,173,1709595006082
8941269,8941269,movement,1418,187,1709595006100
8941269,8941269,movement,1404,223,1709595006118
8941269,8941269,movement,1392,266,1709595006139
8941269,8941269,movement,1349,557,1709595006203
8941269,8941269,movement,1347,770,1709595006264
8941269,8941269,movement,1340,770,1709595006533
8941269,8941269,movement,1333,773,1709595006557
8941269,8941269,movement,1299,779,1709595006576
8941269,8941269,movement,1294,780,1709595006583
8941269,8941269,movement,1281,784,1709595006599
8941269,8941269,movement,1270,787,1709595006613
8941269,8941269,movement,1259,790,1709595006631
8941269,8941269,movement,1253,792,1709595006647
8941269,8941269,movement,1247,794,1709595006663
8941269,8941269,movement,1245,796,1709595006679
8941269,8941269,movement,1242,798,1709595006695
8941269,8941269,movement,1241,798,1709595006704
8941269,8941269,movement,1238,801,1709595006717
8941269,8941269,movement,1233,805,1709595006734
8941269,8941269,movement,1230,808,1709595006747
8941269,8941269,movement,1227,812,1709595006762
8941269,8941269,movement,1226,814,1709595006776
8941269,8941269,movement,918,574,1709595009069
8941269,8941269,movement,882,547,1709595009112
8941269,8941269,movement,860,534,1709595009151
8941269,8941269,movement,858,533,1709595009158
8941269,8941269,movement,856,531,1709595009168
8941269,8941269,movement,852,525,1709595009193
8941269,8941269,mousedown,852,525,1709595009806
8941269,8941269,mouseup,852,525,1709595009990
8941269,8941269,singleclick,852,525,1709595010000
8941269,8941269,movement,851,525,1709595010978
8941269,8941269,movement,847,523,1709595010994
8941269,8941269,movement,836,517,1709595011013
8941269,8941269,movement,818,506,1709595011025
8941269,8941269,movement,795,484,1709595011053
8941269,8941269,movement,704,398,1709595011090
8941269,8941269,movement,611,318,1709595011132
8941269,8941269,movement,510,242,1709595011166
8941269,8941269,movement,466,209,1709595011197
8941269,8941269,movement,435,178,1709595011220
8941269,8941269,movement,431,170,1709595011243
8941269,8941269,singleclick,289,170,1709595001548
8941269,8941269,movement,305,170,1709595002146
8941269,8941269,movement,348,170,1709595002171
8941269,8941269,movement,450,166,1709595002191
8941269,8941269,movement,622,169,1709595002210
8941269,8941269,movement,708,169,1709595002222
8941269,8941269,movement,741,169,1709595002234
8941269,8941269,movement,799,172,1709595002250
8941269,8941269,movement,818,177,1709595002280
8941269,8941269,movement,831,182,1709595002293
8941269,8941269,movement,1070,711,1709595008981
8941269,8941269,movement,980,623,1709595009025
8941269,8941269,movement,428,170,1709595011685
8941269,8941269,movement,424,170,1709595011692
8941269,8941269,movement,416,170,1709595011710
8941269,8941269,movement,405,170,1709595011727
8941269,8941269,movement,399,170,1709595011744
8941269,8941269,movement,386,169,1709595011777
8941269,8941269,movement,382,169,1709595011781
8941269,8941269,movement,368,167,1709595011805
8941269,8941269,movement,364,166,1709595011827
8941269,8941269,movement,358,166,1709595011845
8941269,8941269,movement,354,166,1709595011861
8941269,8941269,movement,353,166,1709595011877
8941269,8941269,movement,350,166,1709595011893
8941269,8941269,movement,348,166,1709595011911
8941269,8941269,movement,345,166,1709595011929
8941269,8941269,movement,342,166,1709595011961
8941269,8941269,movement,340,166,1709595011978
8941269,8941269,movement,338,166,1709595012008
8941269,8941269,movement,336,167,1709595012028
8941269,8941269,movement,335,167,1709595012041
8941269,8941269,movement,326,168,1709595012058
8941269,8941269,movement,325,168,1709595013589
8941269,8941269,movement,323,169,1709595013591
8941269,8941269,movement,318,170,1709595013607
8941269,8941269,movement,312,171,1709595013626
8941269,8941269,movement,306,172,1709595013641
8941269,8941269,movement,300,172,1709595013660
8941269,8941269,movement,291,172,1709595013673
8941269,8941269,movement,287,172,1709595013693
8941269,8941269,movement,285,172,1709595013708
8941269,8941269,movement,282,172,1709595013726
8941269,8941269,movement,281,172,1709595013742
8941269,8941269,movement,279,172,1709595013761
8941269,8941269,movement,278,172,1709595013775
8941269,8941269,movement,277,172,1709595013794
8941269,8941269,movement,276,172,1709595013808
8941269,8941269,movement,275,172,1709595013841
8941269,8941269,movement,275,171,1709595013891
8941269,8941269,mousedown,275,171,1709595014186
8941269,8941269,mouseup,275,171,1709595014402
8941269,8941269,singleclick,470,281,1709595015877
8941269,8941269,movement,464,277,1709595016485
8941269,8941269,movement,450,266,1709595016510
8941269,8941269,movement,430,250,1709595016522
8941269,8941269,movement,418,240,1709595016540
8941269,8941269,movement,410,234,1709595016555
8941269,8941269,movement,400,229,1709595016570
8941269,8941269,movement,382,218,1709595016590
8941269,8941269,movement,370,210,1709595016606
8941269,8941269,movement,354,200,1709595016621
8941269,8941269,movement,345,194,1709595016640
8941269,8941269,movement,338,190,1709595016663
8941269,8941269,movement,330,185,1709595016671
8941269,8941269,movement,326,182,1709595016687
8941269,8941269,movement,322,180,1709595016708
8941269,8941269,movement,317,178,1709595016727
8941269,8941269,movement,313,175,1709595016741
8941269,8941269,movement,307,172,1709595016756
8941269,8941269,movement,302,170,1709595016771
8941269,8941269,movement,298,169,1709595016793
8941269,8941269,movement,296,168,1709595016808
8941269,8941269,movement,294,166,1709595016823
8941269,8941269,movement,293,166,1709595016838
8941269,8941269,movement,291,166,1709595016859
8941269,8941269,movement,290,166,1709595016875
8941269,8941269,movement,290,166,1709595016893
8941269,8941269,movement,287,166,1709595016907
8941269,8941269,movement,286,166,1709595016944
8941269,8941269,movement,285,166,1709595016960
8941269,8941269,movement,285,166,1709595016990
8941269,8941269,mousedown,285,166,1709595017247
8941269,8941269,mouseup,285,166,1709595017467
8941269,8941269,singleclick,285,166,1709595017470
8941269,8941269,movement,311,166,1709595018256
8941269,8941269,movement,464,174,1709595018321
8941269,8941269,movement,642,197,1709595018328
8941269,8941269,movement,846,241,1709595018358
8941269,8941269,movement,869,254,1709595018382
8941269,8941269,movement,888,274,1709595018407
8941269,8941269,movement,907,272,1709595018742
8941269,8941269,movement,938,269,1709595018748
8941269,8941269,movement,972,262,1709595018762
8941269,8941269,movement,1012,255,1709595018769
8941269,8941269,movement,1157,238,1709595018793
8941269,8941269,movement,1300,226,1709595018809
8941269,8941269,movement,1341,225,1709595018819
8941269,8941269,movement,1426,222,1709595018835
8941269,8941269,movement,1449,222,1709595018852
8941269,8941269,movement,1458,222,1709595018869
8941269,8941269,singleclick,275,171,1709595014403
8941269,8941269,movement,354,218,1709595015125
8941269,8941269,movement,390,238,1709595015146
8941269,8941269,movement,398,242,1709595015157
8941269,8941269,movement,415,251,1709595015174
8941269,8941269,movement,429,256,1709595015202
8941269,8941269,movement,458,271,1709595015242
8941269,8941269,movement,466,278,1709595015264
8941269,8941269,movement,470,282,1709595015298
8941269,8941269,movement,470,283,1709595015325
8941269,8941269,movement,470,281,1709595015424
8941269,8941269,mousedown,470,281,1709595015651
8941269,8941269,mouseup,470,281,1709595015869
8941269,8941269,movement,1458,220,1709595019180
8941269,8941269,movement,1454,217,1709595019188
8941269,8941269,movement,1451,210,1709595019204
8941269,8941269,movement,1448,205,1709595019217
8941269,8941269,movement,1445,199,1709595019247
8941269,8941269,movement,1443,194,1709595019251
8941269,8941269,movement,1442,193,1709595019252
8941269,8941269,movement,1439,189,1709595019271
8941269,8941269,movement,1437,186,1709595019290
8941269,8941269,movement,1435,185,1709595019308
8941269,8941269,movement,1434,182,1709595019318
8941269,8941269,movement,1432,181,1709595019338
8941269,8941269,movement,1430,180,1709595019353
8941269,8941269,movement,1428,178,1709595019370
8941269,8941269,movement,1427,177,1709595019387
8941269,8941269,movement,1426,176,1709595019404
8941269,8941269,movement,1424,175,1709595019420
8941269,8941269,movement,1423,174,1709595019436
8941269,8941269,movement,1422,174,1709595019453
8941269,8941269,movement,1421,174,1709595019470
8941269,8941269,movement,1421,173,1709595019486
8941269,8941269,movement,1421,171,1709595019531
8941269,8941269,mousedown,1421,171,1709595019799
8941269,8941269,mouseup,1421,171,1709595020026
8941269,8941269,singleclick,1421,171,1709595020027
8941269,8941269,movement,1420,171,1709595022958
8941269,8941269,movement,1419,171,1709595022971
8941269,8941269,movement,1418,171,1709595022981
8941269,8941269,movement,1418,171,1709595022988
8941269,8941269,movement,1418,172,1709595022999
8941269,8941269,movement,1415,173,1709595023015
8941269,8941269,movement,1414,173,1709595023033
8941269,8941269,movement,1411,174,1709595023049
8941269,8941269,movement,1409,175,1709595023065
8941269,8941269,movement,1402,178,1709595023087
8941269,8941269,movement,1386,186,1709595023104
8941269,8941269,movement,1379,191,1709595023116
8941269,8941269,movement,1370,197,1709595023120
8941269,8941269,movement,1341,214,1709595023140
8941269,8941269,movement,1321,230,1709595023153
8941269,8941269,movement,1282,280,1709595023203
8941269,8941269,movement,1210,510,1709595023231
8941269,8941269,movement,1205,613,1709595023258
8941269,8941269,movement,1207,670,1709595023288
8941269,8941269,movement,1211,692,1709595023306
8941269,8941269,movement,1214,698,1709595023321
8941269,8941269,movement,1217,702,1709595023335
8941269,8941269,movement,1213,705,1709595023666
8941269,8941269,movement,1208,709,1709595023668
8941269,8941269,movement,1202,714,1709595023681
8941269,8941269,movement,1191,725,1709595023702
8941269,8941269,movement,1174,746,1709595023726
8941269,8941269,movement,1158,769,1709595023759
8941269,8941269,movement,1150,789,1709595023788
8941269,8941269,movement,1143,813,1709595023838
8941269,8941269,movement,1142,815,1709595023858
8941269,8941269,movement,849,90,1709595048352
8941269,8941269,movement,840,113,1709595048366
8941269,8941269,movement,830,139,1709595048381
8941269,8941269,movement,821,167,1709595048395
8941269,8941269,movement,814,193,1709595048411
8941269,8941269,movement,807,226,1709595048430
8941269,8941269,movement,804,243,1709595048444
8941269,8941269,movement,803,254,1709595048469
8941269,8941269,movement,802,269,1709595048497
8941269,8941269,movement,804,273,1709595048499
8941269,8941269,movement,804,275,1709595048511
8941269,8941269,movement,805,278,1709595048526
8941269,8941269,movement,806,282,1709595048543
8941269,8941269,movement,808,287,1709595048567
8941269,8941269,movement,809,289,1709595048579
8941269,8941269,movement,810,291,1709595048597
8941269,8941269,movement,810,292,1709595048609
8941269,8941269,movement,811,292,1709595048626
8941269,8941269,movement,811,293,1709595048643
8941269,8941269,movement,812,293,1709595048728
8941269,8941269,movement,966,791,1709595043890
8941269,8941269,movement,917,608,1709595043908
8941269,8941269,movement,871,423,1709595043926
8941269,8941269,movement,830,233,1709595043950
8941269,8941269,movement,809,134,1709595043961
8941269,8941269,movement,803,94,1709595043970
8941269,8941269,mousedown,812,293,1709595049160
8941269,8941269,mouseup,812,293,1709595049365
8941269,8941269,singleclick,812,293,1709595049386
8941269,8941269,movement,806,290,1709595050365
8941269,8941269,movement,781,277,1709595050374
8941269,8941269,movement,747,259,1709595050391
8941269,8941269,movement,714,243,1709595050409
8941269,8941269,movement,665,224,1709595050423
8941269,8941269,movement,631,214,1709595050441
8941269,8941269,movement,584,198,1709595050457
8941269,8941269,movement,558,190,1709595050482
8941269,8941269,movement,530,182,1709595050495
8941269,8941269,movement,506,174,1709595050512
8941269,8941269,movement,473,164,1709595050522
8941269,8941269,movement,454,158,1709595050542
8941269,8941269,movement,438,154,1709595050559
8941269,8941269,movement,418,148,1709595050576
8941269,8941269,movement,408,145,1709595050590
8941269,8941269,movement,398,141,1709595050607
8941269,8941269,movement,394,141,1709595051003
8941269,8941269,movement,388,139,1709595051014
8941269,8941269,movement,374,135,1709595051039
8941269,8941269,movement,370,134,1709595051040
8941269,8941269,movement,362,132,1709595051057
8941269,8941269,movement,354,130,1709595051077
8941269,8941269,movement,348,128,1709595051090
8941269,8941269,movement,342,126,1709595051110
8941269,8941269,movement,338,126,1709595051123
8941269,8941269,movement,332,125,1709595051143
8941269,8941269,movement,328,124,1709595051158
8941269,8941269,movement,323,124,1709595051181
8941269,8941269,movement,319,124,1709595051195
8941269,8941269,movement,316,123,1709595051212
8941269,8941269,movement,313,123,1709595051224
8941269,8941269,movement,310,123,1709595051241
8941269,8941269,movement,308,123,1709595051255
8941269,8941269,movement,305,123,1709595051274
8941269,8941269,movement,302,123,1709595051289
8941269,8941269,movement,298,123,1709595051313
8941269,8941269,movement,295,124,1709595051326
8941269,8941269,movement,293,126,1709595051345
8941269,8941269,movement,290,130,1709595051355
8941269,8941269,movement,287,136,1709595051377
8941269,8941269,movement,282,143,1709595051396
8941269,8941269,mouseup,275,171,1709595052183
8941269,8941269,singleclick,275,171,1709595052187
8941269,8941269,mousedown,510,444,1709595054080
8941269,8941269,mouseup,510,444,1709595054295
8941269,8941269,singleclick,510,444,1709595054309
8941269,8941269,movement,491,416,1709595054940
8941269,8941269,movement,468,378,1709595054959
8941269,8941269,movement,446,350,1709595054969
8941269,8941269,movement,419,311,1709595054994
8941269,8941269,movement,404,289,1709595055010
8941269,8941269,movement,387,269,1709595055024
8941269,8941269,movement,371,249,1709595055036
8941269,8941269,movement,352,222,1709595055057
8941269,8941269,movement,342,210,1709595055072
8941269,8941269,movement,331,199,1709595055092
8941269,8941269,movement,329,197,1709595055105
8941269,8941269,movement,319,190,1709595055135
8941269,8941269,movement,311,182,1709595055144
8941269,8941269,movement,306,177,1709595055155
8941269,8941269,movement,297,172,1709595055172
8941269,8941269,movement,293,168,1709595055184
8941269,8941269,movement,289,164,1709595055205
8941269,8941269,movement,286,163,1709595055220
8941269,8941269,movement,285,162,1709595055238
8941269,8941269,movement,283,161,1709595055254
8941269,8941269,movement,281,158,1709595055278
8941269,8941269,movement,278,156,1709595055307
8941269,8941269,movement,278,155,1709595051413
8941269,8941269,movement,276,162,1709595051424
8941269,8941269,movement,275,166,1709595051440
8941269,8941269,movement,274,169,1709595051458
8941269,8941269,movement,274,170,1709595051474
8941269,8941269,movement,274,170,1709595051492
8941269,8941269,movement,274,171,1709595051651
8941269,8941269,movement,275,171,1709595051666
8941269,8941269,mousedown,275,171,1709595051960
8941269,8941269,mousedown,278,156,1709595055662
8941269,8941269,mouseup,278,156,1709595055893
8941269,8941269,singleclick,278,156,1709595055897
8941269,8941269,movement,293,156,1709595056339
8941269,8941269,movement,387,150,1709595056361
8941269,8941269,movement,483,145,1709595056377
8941269,8941269,movement,600,141,1709595056384
8941269,8941269,movement,720,137,1709595056403
8941269,8941269,movement,829,133,1709595056419
8941269,8941269,movement,922,143,1709595056436
8941269,8941269,movement,946,150,1709595056454
8941269,8941269,movement,962,150,1709595056738
8941269,8941269,movement,986,151,1709595056753
8941269,8941269,movement,1260,153,1709595056803
8941269,8941269,movement,1366,153,1709595056841
8941269,8941269,movement,1395,152,1709595056890
8941269,8941269,movement,1396,152,1709595056955
8941269,8941269,movement,1397,152,1709595057074
8941269,8941269,movement,1398,152,1709595057090
8941269,8941269,movement,1398,152,1709595057104
8941269,8941269,movement,1402,154,1709595057127
8941269,8941269,movement,1405,156,1709595057142
8941269,8941269,movement,1410,161,1709595057160
8941269,8941269,movement,1410,162,1709595057168
8941269,8941269,movement,1413,164,1709595057187
8941269,8941269,movement,1416,167,1709595057213
8941269,8941269,movement,1416,168,1709595057236
8941269,8941269,movement,1417,168,1709595057254
8941269,8941269,movement,1417,169,1709595057270
8941269,8941269,movement,1418,169,1709595057337
8941269,8941269,mousedown,1418,169,1709595057600
8941269,8941269,movement,1414,169,1709595061326
8941269,8941269,movement,1410,166,1709595061332
8941269,8941269,movement,1397,158,1709595061354
8941269,8941269,movement,1372,136,1709595061371
8941269,8941269,movement,1349,113,1709595061385
8941269,8941269,movement,1318,86,1709595061400
8941269,8941269,mouseup,1418,169,1709595057830
8941269,8941269,singleclick,1418,169,1709595057832
8941269,8941269,movement,828,98,1709595073794
8941269,8941269,movement,822,121,1709595073819
8941269,8941269,movement,817,134,1709595073838
8941269,8941269,movement,811,149,1709595073841
8941269,8941269,movement,810,156,1709595073850
8941269,8941269,movement,806,169,1709595073869
8941269,8941269,movement,802,187,1709595073885
8941269,8941269,movement,801,194,1709595073900
8941269,8941269,movement,799,199,1709595073905
8941269,8941269,movement,794,221,1709595073926
8941269,8941269,movement,790,236,1709595073937
8941269,8941269,movement,786,252,1709595073956
8941269,8941269,movement,781,266,1709595073976
8941269,8941269,movement,773,294,1709595074007
8941269,8941269,movement,766,319,1709595074030
8941269,8941269,movement,765,326,1709595074047
8941269,8941269,movement,763,333,1709595074070
8941269,8941269,movement,762,339,1709595074084
8941269,8941269,movement,762,343,1709595074105
8941269,8941269,movement,762,347,1709595074119
8941269,8941269,movement,762,352,1709595074143
8941269,8941269,movement,762,354,1709595074161
8941269,8941269,movement,762,358,1709595074178
8941269,8941269,movement,762,360,1709595074199
8941269,8941269,movement,761,362,1709595074217
8941269,8941269,movement,761,363,1709595074237
8941269,8941269,movement,761,364,1709595074250
8941269,8941269,movement,761,365,1709595074269
8941269,8941269,movement,281,174,1709595052979
8941269,8941269,movement,300,183,1709595052994
8941269,8941269,movement,318,193,1709595053011
8941269,8941269,movement,327,198,1709595053016
8941269,8941269,movement,353,212,1709595053033
8941269,8941269,movement,360,217,1709595053044
8941269,8941269,movement,372,225,1709595053055
8941269,8941269,movement,384,234,1709595053070
8941269,8941269,movement,394,245,1709595053090
8941269,8941269,movement,408,259,1709595053110
8941269,8941269,movement,417,271,1709595053125
8941269,8941269,movement,428,284,1709595053142
8941269,8941269,movement,440,301,1709595053154
8941269,8941269,movement,448,315,1709595053170
8941269,8941269,movement,457,331,1709595053188
8941269,8941269,movement,467,351,1709595053213
8941269,8941269,movement,478,377,1709595053231
8941269,8941269,movement,489,403,1709595053247
8941269,8941269,movement,492,411,1709595053254
8941269,8941269,movement,498,423,1709595053278
8941269,8941269,movement,506,438,1709595053296
8941269,8941269,movement,509,442,1709595053304
8941269,8941269,movement,510,444,1709595053323
8941269,8941269,singleclick,761,365,1709595075157
8941269,8941269,mousedown,761,365,1709595074921
8941269,8941269,mouseup,761,365,1709595075138
8941269,8941269,movement,760,365,1709595076197
8941269,8941269,movement,759,364,1709595076202
8941269,8941269,movement,758,363,1709595076217
8941269,8941269,movement,757,363,1709595076237
8941269,8941269,movement,754,362,1709595076257
8941269,8941269,movement,752,361,1709595076269
8941269,8941269,movement,747,357,1709595076283
8941269,8941269,movement,742,352,1709595076303
8941269,8941269,movement,733,342,1709595076322
8941269,8941269,movement,726,334,1709595076336
8941269,8941269,movement,717,326,1709595076357
8941269,8941269,movement,698,308,1709595076378
8941269,8941269,movement,692,304,1709595076382
8941269,8941269,movement,680,294,1709595076405
8941269,8941269,movement,660,278,1709595076422
8941269,8941269,movement,645,265,1709595076437
8941269,8941269,movement,638,259,1709595076452
8941269,8941269,movement,629,253,1709595076466
8941269,8941269,movement,619,246,1709595076492
8941269,8941269,movement,594,228,1709595076519
8941269,8941269,movement,579,213,1709595076523
8941269,8941269,movement,571,200,1709595076532
8941269,8941269,movement,559,181,1709595076551
8941269,8941269,movement,558,181,1709595078126
8941269,8941269,movement,558,182,1709595078139
8941269,8941269,movement,555,182,1709595078152
8941269,8941269,movement,550,182,1709595078168
8941269,8941269,movement,538,182,1709595078184
8941269,8941269,movement,526,180,1709595078199
8941269,8941269,movement,512,177,1709595078214
8941269,8941269,movement,490,171,1709595078237
8941269,8941269,movement,476,166,1709595078248
8941269,8941269,movement,462,161,1709595078271
8941269,8941269,movement,446,155,1709595078285
8941269,8941269,movement,438,153,1709595078302
8941269,8941269,movement,431,151,1709595078318
8941269,8941269,movement,422,149,1709595078333
8941269,8941269,movement,416,147,1709595078349
8941269,8941269,movement,411,146,1709595078365
8941269,8941269,movement,405,146,1709595078382
8941269,8941269,movement,398,145,1709595078401
8941269,8941269,movement,390,144,1709595078423
8941269,8941269,movement,379,144,1709595078433
8941269,8941269,movement,372,144,1709595078448
8941269,8941269,movement,365,145,1709595078465
8941269,8941269,movement,358,146,1709595078482
8941269,8941269,movement,350,146,1709595078504
8941269,8941269,movement,344,146,1709595078515
8941269,8941269,movement,339,148,1709595078529
8941269,8941269,movement,333,150,1709595078552
8941269,8941269,movement,328,150,1709595078564
8941269,8941269,movement,324,151,1709595078583
8941269,8941269,movement,319,152,1709595078598
8941269,8941269,movement,315,153,1709595078618
8941269,8941269,movement,312,154,1709595078630
8941269,8941269,movement,309,155,1709595078652
8941269,8941269,movement,306,156,1709595078664
8941269,8941269,movement,300,159,1709595078688
8941269,8941269,movement,298,159,1709595079101
8941269,8941269,movement,294,160,1709595079123
8941269,8941269,movement,290,160,1709595079137
8941269,8941269,movement,287,161,1709595079146
8941269,8941269,movement,517,478,1709595080832
8941269,8941269,movement,518,481,1709595080843
8941269,8941269,movement,520,483,1709595080865
8941269,8941269,movement,522,484,1709595080877
8941269,8941269,movement,522,484,1709595080895
8941269,8941269,mousedown,522,484,1709595081321
8941269,8941269,mouseup,522,484,1709595081538
8941269,8941269,singleclick,522,484,1709595081556
8941269,8941269,movement,518,478,1709595082487
8941269,8941269,movement,510,465,1709595082494
8941269,8941269,movement,491,433,1709595082512
8941269,8941269,movement,475,404,1709595082531
8941269,8941269,movement,454,369,1709595082545
8941269,8941269,movement,441,345,1709595082564
8941269,8941269,movement,426,322,1709595082577
8941269,8941269,movement,409,293,1709595082601
8941269,8941269,movement,398,277,1709595082613
8941269,8941269,movement,385,256,1709595082631
8941269,8941269,movement,377,243,1709595082645
8941269,8941269,movement,370,230,1709595082658
8941269,8941269,movement,362,218,1709595082678
8941269,8941269,movement,356,207,1709595082695
8941269,8941269,movement,352,202,1709595082712
8941269,8941269,movement,349,200,1709595082727
8941269,8941269,movement,346,197,1709595082745
8941269,8941269,movement,342,194,1709595082761
8941269,8941269,movement,341,192,1709595082787
8941269,8941269,movement,338,190,1709595082794
8941269,8941269,movement,335,189,1709595082809
8941269,8941269,movement,332,187,1709595082831
8941269,8941269,movement,330,186,1709595082844
8941269,8941269,movement,326,184,1709595082859
8941269,8941269,movement,323,183,1709595082880
8941269,8941269,movement,321,182,1709595082894
8941269,8941269,movement,318,180,1709595082916
8941269,8941269,movement,315,179,1709595082927
8941269,8941269,movement,312,177,1709595082946
8941269,8941269,movement,310,176,1709595082960
8941269,8941269,movement,307,174,1709595082977
8941269,8941269,movement,306,174,1709595082992
8941269,8941269,movement,304,173,1709595083009
8941269,8941269,movement,302,171,1709595083026
8941269,8941269,movement,301,171,1709595083047
8941269,8941269,movement,299,170,1709595083062
8941269,8941269,movement,298,170,1709595083076
8941269,8941269,movement,296,170,1709595083096
8941269,8941269,movement,295,169,1709595083121
8941269,8941269,movement,294,168,1709595083130
8941269,8941269,movement,293,168,1709595083145
8941269,8941269,movement,291,168,1709595083176
8941269,8941269,movement,290,168,1709595083196
8941269,8941269,movement,289,167,1709595083228
8941269,8941269,movement,288,167,1709595083243
8941269,8941269,movement,287,167,1709595083294
8941269,8941269,movement,287,165,1709595083395
8941269,8941269,movement,284,161,1709595079164
8941269,8941269,movement,282,162,1709595079180
8941269,8941269,movement,279,162,1709595079199
8941269,8941269,movement,278,162,1709595079213
8941269,8941269,movement,277,163,1709595079232
8941269,8941269,movement,276,163,1709595079245
8941269,8941269,mousedown,276,163,1709595079638
8941269,8941269,mouseup,276,163,1709595079849
8941269,8941269,mousedown,287,165,1709595084049
8941269,8941269,mouseup,287,165,1709595084278
8941269,8941269,singleclick,287,165,1709595084283
8941269,8941269,movement,612,318,1709595089137
8941269,8941269,movement,634,323,1709595089157
8941269,8941269,movement,663,329,1709595089170
8941269,8941269,movement,713,338,1709595089195
8941269,8941269,movement,758,348,1709595089215
8941269,8941269,movement,770,349,1709595089218
8941269,8941269,movement,801,354,1709595089235
8941269,8941269,movement,817,358,1709595089254
8941269,8941269,movement,832,358,1709595089270
8941269,8941269,movement,848,358,1709595089286
8941269,8941269,movement,871,355,1709595089305
8941269,8941269,movement,890,348,1709595089321
8941269,8941269,movement,908,332,1709595089342
8941269,8941269,movement,916,332,1709595089938
8941269,8941269,movement,934,330,1709595089956
8941269,8941269,movement,955,329,1709595089972
8941269,8941269,movement,976,328,1709595089989
8941269,8941269,movement,1010,328,1709595090002
8941269,8941269,movement,1034,328,1709595090022
8941269,8941269,movement,1056,328,1709595090037
8941269,8941269,movement,1093,326,1709595090053
8941269,8941269,movement,1124,320,1709595090074
8941269,8941269,movement,1168,306,1709595090087
8941269,8941269,movement,1211,293,1709595090107
8941269,8941269,movement,1217,290,1709595090125
8941269,8941269,movement,1381,245,1709595090985
8941269,8941269,movement,1383,243,1709595091002
8941269,8941269,movement,1384,241,1709595091019
8941269,8941269,movement,1386,239,1709595091037
8941269,8941269,movement,1387,236,1709595091053
8941269,8941269,movement,1388,234,1709595091070
8941269,8941269,movement,1389,233,1709595091087
8941269,8941269,movement,1389,231,1709595091104
8941269,8941269,movement,1389,230,1709595091118
8941269,8941269,movement,1390,229,1709595091138
8941269,8941269,movement,1390,226,1709595091153
8941269,8941269,movement,1390,225,1709595091168
8941269,8941269,movement,1390,223,1709595091184
8941269,8941269,movement,1390,222,1709595091200
8941269,8941269,movement,1390,219,1709595091218
8941269,8941269,movement,1388,216,1709595091234
8941269,8941269,movement,1385,214,1709595091251
8941269,8941269,movement,1380,211,1709595091268
8941269,8941269,movement,1374,209,1709595091287
8941269,8941269,movement,1362,206,1709595091303
8941269,8941269,movement,1332,202,1709595091317
8941269,8941269,movement,1302,199,1709595091334
8941269,8941269,movement,1262,198,1709595091353
8941269,8941269,movement,1194,206,1709595091368
8941269,8941269,movement,1162,210,1709595091385
8941269,8941269,movement,1140,215,1709595091402
8941269,8941269,movement,1125,218,1709595091419
8941269,8941269,movement,1109,224,1709595091435
8941269,8941269,movement,1092,230,1709595091451
8941269,8941269,movement,288,165,1709595088297
8941269,8941269,movement,290,165,1709595088311
8941269,8941269,movement,294,166,1709595088324
8941269,8941269,movement,298,167,1709595088355
8941269,8941269,movement,310,172,1709595088375
8941269,8941269,movement,315,174,1709595088385
8941269,8941269,movement,338,185,1709595088406
8941269,8941269,movement,370,200,1709595088425
8941269,8941269,movement,403,219,1709595088441
8941269,8941269,movement,431,233,1709595088453
8941269,8941269,movement,455,248,1709595088469
8941269,8941269,movement,478,262,1709595088496
8941269,8941269,movement,520,288,1709595088513
8941269,8941269,movement,528,294,1709595088526
8941269,8941269,movement,560,309,1709595088567
8941269,8941269,movement,571,314,1709595088570
8941269,8941269,movement,598,320,1709595088605
8941269,8941269,movement,601,317,1709595088666
8941269,8941269,movement,1398,180,1709595092561
8941269,8941269,movement,1419,175,1709595092646
8941269,8941269,movement,1426,174,1709595092742
8941269,8941269,movement,1427,173,1709595092819
8941269,8941269,mousedown,1427,173,1709595093064
8941269,8941269,movement,1094,234,1709595091803
8941269,8941269,movement,1097,239,1709595091818
8941269,8941269,movement,1109,266,1709595091847
8941269,8941269,movement,1122,291,1709595091886
8941269,8941269,movement,1138,302,1709595091930
8941269,8941269,movement,1178,316,1709595092000
8941269,8941269,movement,1191,330,1709595092057
8941269,8941269,movement,1219,328,1709595092111
8941269,8941269,movement,1284,286,1709595092170
8941269,8941269,movement,1354,242,1709595092251
8941269,8941269,movement,1370,214,1709595092322
8941269,8941269,movement,1374,206,1709595092405
8941269,8941269,movement,1379,198,1709595092459
8941269,8941269,movement,1386,190,1709595092482
8941269,8941269,movement,1221,290,1709595090760
8941269,8941269,movement,1228,290,1709595090771
8941269,8941269,movement,1243,288,1709595090786
8941269,8941269,movement,1268,282,1709595090805
8941269,8941269,movement,1286,276,1709595090818
8941269,8941269,movement,1301,272,1709595090836
8941269,8941269,movement,1319,267,1709595090853
8941269,8941269,movement,1342,260,1709595090874
8941269,8941269,movement,1354,257,1709595090887
8941269,8941269,movement,1363,254,1709595090911
8941269,8941269,movement,1373,250,1709595090942
8941269,8941269,movement,1379,247,1709595090958
8941269,8941269,movement,1380,246,1709595090967
8941269,8941269,singleclick,276,163,1709595079851
8941269,8941269,movement,281,169,1709595080638
8941269,8941269,movement,291,178,1709595080647
8941269,8941269,movement,300,187,1709595080668
8941269,8941269,movement,326,214,1709595080672
8941269,8941269,movement,365,263,1709595080701
8941269,8941269,movement,436,348,1709595080729
8941269,8941269,movement,456,374,1709595080752
8941269,8941269,movement,484,414,1709595080773
8941269,8941269,movement,499,446,1709595080795
8941269,8941269,movement,510,466,1709595080816
8941269,8941269,mouseup,1427,173,1709595093293
8941269,8941269,singleclick,1427,173,1709595093295
8941269,8941269,movement,1423,173,1709595093951
8941269,8941269,movement,1417,174,1709595093968
8941269,8941269,movement,1382,180,1709595093991
8941269,8941269,movement,1326,194,1709595094009
8941269,8941269,movement,1276,207,1709595094024
8941269,8941269,movement,1218,223,1709595094032
8941269,8941269,movement,1155,237,1709595094051
8941269,8941269,movement,1096,252,1709595094066
8941269,8941269,movement,1019,267,1709595094091
8941269,8941269,movement,966,278,1709595094109
8941269,8941269,movement,942,282,1709595094117
8941269,8941269,movement,923,285,1709595094135
8941269,8941269,movement,908,288,1709595094151
8941269,8941269,movement,889,292,1709595094165
8941269,8941269,movement,891,286,1709595094789
8941269,8941269,movement,692,566,1709595097078
8941269,8941269,movement,692,566,1709595097170
8941269,8941269,movement,692,568,1709595097180
8941269,8941269,movement,691,570,1709595097198
8941269,8941269,movement,691,578,1709595097220
8941269,8941269,movement,691,592,1709595097252
8941269,8941269,movement,693,600,1709595097261
8941269,8941269,movement,694,606,1709595097282
8941269,8941269,movement,694,612,1709595097296
8941269,8941269,movement,696,619,1709595097317
8941269,8941269,movement,698,624,1709595097338
8941269,8941269,movement,698,625,1709595097346
8941269,8941269,movement,698,626,1709595097365
8941269,8941269,mousedown,698,626,1709595097689
8941269,8941269,mouseup,698,626,1709595097905
8941269,8941269,singleclick,698,626,1709595097927
8941269,8941269,movement,325,107,1709595099857
8941269,8941269,movement,325,109,1709595099871
8941269,8941269,movement,324,111,1709595099884
8941269,8941269,movement,323,114,1709595099900
8941269,8941269,movement,322,118,1709595099917
8941269,8941269,movement,319,124,1709595099937
8941269,8941269,movement,319,125,1709595099944
8941269,8941269,movement,316,130,1709595099967
8941269,8941269,movement,315,132,1709595099979
8941269,8941269,movement,314,134,1709595099998
8941269,8941269,movement,312,137,1709595100013
8941269,8941269,movement,310,140,1709595100035
8941269,8941269,movement,307,143,1709595100049
8941269,8941269,movement,306,146,1709595100064
8941269,8941269,movement,305,146,1709595100078
8941269,8941269,movement,303,149,1709595100103
8941269,8941269,movement,302,150,1709595100111
8941269,8941269,movement,301,151,1709595100131
8941269,8941269,movement,300,151,1709595100147
8941269,8941269,movement,299,152,1709595100160
8941269,8941269,movement,298,153,1709595100182
8941269,8941269,movement,298,154,1709595100197
8941269,8941269,movement,297,154,1709595100221
8941269,8941269,movement,296,154,1709595100234
8941269,8941269,movement,294,154,1709595100246
8941269,8941269,movement,294,155,1709595100261
8941269,8941269,movement,299,152,1709595100369
8941269,8941269,movement,360,130,1709595100390
8941269,8941269,movement,383,120,1709595100399
8941269,8941269,movement,440,94,1709595100415
8941269,8941269,movement,837,95,1709595113362
8941269,8941269,movement,835,112,1709595113385
8941269,8941269,movement,835,122,1709595113402
8941269,8941269,movement,835,139,1709595113421
8941269,8941269,movement,835,153,1709595113443
8941269,8941269,movement,835,162,1709595113447
8941269,8941269,movement,837,186,1709595113463
8941269,8941269,movement,314,427,1709595169075
8941269,8941269,movement,322,441,1709595169148
8941269,8941269,movement,322,442,1709595169162
8941269,8941269,movement,324,446,1709595169178
8941269,8941269,movement,326,449,1709595169197
8941269,8941269,movement,326,451,1709595169213
8941269,8941269,movement,327,454,1709595169229
8941269,8941269,movement,330,458,1709595169244
8941269,8941269,movement,330,462,1709595169263
8941269,8941269,movement,331,466,1709595169287
8941269,8941269,mousedown,1518,402,1709595177872
8941269,8941269,mouseup,1518,402,1709595178091
8941269,8941269,movement,836,186,1709595116108
8941269,8941269,movement,834,186,1709595116114
8941269,8941269,movement,829,187,1709595116129
8941269,8941269,movement,823,187,1709595116144
8941269,8941269,movement,820,188,1709595116163
8941269,8941269,movement,816,188,1709595116180
8941269,8941269,movement,810,188,1709595116195
8941269,8941269,movement,806,188,1709595116211
8941269,8941269,movement,802,188,1709595116229
8941269,8941269,movement,794,188,1709595116245
8941269,8941269,movement,790,188,1709595116261
8941269,8941269,movement,783,187,1709595116279
8941269,8941269,movement,774,187,1709595116295
8941269,8941269,movement,766,186,1709595116310
8941269,8941269,movement,760,186,1709595116329
8941269,8941269,movement,750,184,1709595116346
8941269,8941269,movement,744,183,1709595116360
8941269,8941269,movement,738,182,1709595116384
8941269,8941269,movement,734,182,1709595116397
8941269,8941269,movement,724,181,1709595116414
8941269,8941269,movement,719,180,1709595116427
8941269,8941269,movement,715,179,1709595116445
8941269,8941269,movement,710,178,1709595116461
8941269,8941269,movement,695,174,1709595116481
8941269,8941269,movement,691,174,1709595118383
8941269,8941269,movement,684,171,1709595118392
8941269,8941269,movement,670,169,1709595118411
8941269,8941269,movement,646,162,1709595118429
8941269,8941269,movement,623,157,1709595118445
8941269,8941269,movement,586,150,1709595118470
8941269,8941269,movement,545,145,1709595118488
8941269,8941269,movement,516,142,1709595118497
8941269,8941269,movement,503,140,1709595118514
8941269,8941269,movement,464,136,1709595118531
8941269,8941269,movement,442,134,1709595118544
8941269,8941269,movement,422,134,1709595118560
8941269,8941269,movement,404,134,1709595118576
8941269,8941269,movement,386,134,1709595118593
8941269,8941269,movement,378,134,1709595118609
8941269,8941269,movement,371,134,1709595118626
8941269,8941269,movement,366,134,1709595118642
8941269,8941269,movement,359,135,1709595118659
8941269,8941269,movement,355,136,1709595118677
8941269,8941269,movement,351,137,1709595118692
8941269,8941269,movement,344,140,1709595118711
8941269,8941269,movement,338,142,1709595118727
8941269,8941269,movement,333,146,1709595118741
8941269,8941269,movement,326,150,1709595118759
8941269,8941269,movement,321,153,1709595118780
8941269,8941269,movement,314,157,1709595118799
8941269,8941269,movement,309,161,1709595118813
8941269,8941269,movement,303,163,1709595118830
8941269,8941269,movement,298,166,1709595118844
8941269,8941269,movement,293,169,1709595118862
8941269,8941269,movement,286,172,1709595118878
8941269,8941269,movement,282,174,1709595118893
8941269,8941269,movement,277,176,1709595118913
8941269,8941269,movement,274,178,1709595118927
8941269,8941269,movement,270,180,1709595118949
8941269,8941269,movement,269,181,1709595118962
8941269,8941269,movement,266,182,1709595118980
8941269,8941269,movement,265,182,1709595119012
8941269,8941269,mousedown,265,182,1709595119269
8941269,8941269,mouseup,265,182,1709595119480
8941269,8941269,movement,874,206,1709595121496
8941269,8941269,movement,592,205,1709595121566
8941269,8941269,movement,294,157,1709595121610
8941269,8941269,movement,274,151,1709595121624
8941269,8941269,movement,262,146,1709595121629
8941269,8941269,movement,258,143,1709595121641
8941269,8941269,movement,259,143,1709595121902
8941269,8941269,movement,261,146,1709595121907
8941269,8941269,movement,263,150,1709595121926
8941269,8941269,movement,266,153,1709595121948
8941269,8941269,movement,270,157,1709595121957
8941269,8941269,movement,274,161,1709595121973
8941269,8941269,movement,280,164,1709595121988
8941269,8941269,movement,282,166,1709595122005
8941269,8941269,movement,284,168,1709595122022
8941269,8941269,movement,286,170,1709595122038
8941269,8941269,movement,287,170,1709595122055
8941269,8941269,movement,288,170,1709595122071
8941269,8941269,movement,288,171,1709595122121
8941269,8941269,movement,290,171,1709595122139
8941269,8941269,singleclick,466,89,1709595122580
8941269,8941269,movement,1161,619,1709595195438
8941269,8941269,movement,1126,619,1709595195441
8941269,8941269,movement,824,652,1709595195492
8941269,8941269,movement,778,670,1709595195545
8941269,8941269,movement,792,103,1709595134034
8941269,8941269,movement,781,146,1709595134052
8941269,8941269,movement,768,186,1709595134065
8941269,8941269,movement,757,217,1709595134082
8941269,8941269,movement,739,257,1709595134113
8941269,8941269,movement,714,303,1709595134137
8941269,8941269,movement,697,330,1709595134172
8941269,8941269,movement,694,335,1709595134185
8941269,8941269,movement,686,345,1709595134202
8941269,8941269,movement,681,351,1709595134210
8941269,8941269,movement,676,357,1709595134227
8941269,8941269,movement,672,361,1709595134243
8941269,8941269,movement,666,366,1709595134264
8941269,8941269,movement,665,370,1709595134281
8941269,8941269,movement,662,376,1709595134301
8941269,8941269,movement,650,398,1709595134326
8941269,8941269,movement,646,402,1709595134333
8941269,8941269,movement,644,407,1709595134347
8941269,8941269,movement,640,418,1709595134368
8941269,8941269,movement,694,621,1709595099081
8941269,8941269,movement,688,608,1709595099088
8941269,8941269,movement,634,525,1709595099114
8941269,8941269,movement,540,388,1709595099158
8941269,8941269,movement,434,254,1709595099190
8941269,8941269,movement,363,173,1709595099232
8941269,8941269,movement,325,106,1709595099253
8941269,8941269,movement,633,433,1709595134393
8941269,8941269,movement,633,434,1709595134398
8941269,8941269,movement,630,439,1709595134410
8941269,8941269,movement,630,442,1709595134432
8941269,8941269,movement,629,446,1709595134448
8941269,8941269,movement,627,451,1709595134460
8941269,8941269,movement,626,455,1709595134485
8941269,8941269,movement,626,462,1709595134503
8941269,8941269,movement,626,462,1709595134510
8941269,8941269,movement,626,466,1709595134532
8941269,8941269,movement,625,469,1709595134545
8941269,8941269,movement,625,474,1709595134560
8941269,8941269,movement,625,474,1709595134578
8941269,8941269,movement,625,475,1709595134594
8941269,8941269,mousedown,625,475,1709595134867
8941269,8941269,mouseup,625,475,1709595135082
8941269,8941269,mousedown,290,171,1709595122349
8941269,8941269,mouseup,290,171,1709595122572
8941269,8941269,movement,382,127,1709595122846
8941269,8941269,movement,466,89,1709595122869
8941269,8941269,movement,873,518,1709595140314
8941269,8941269,singleclick,873,518,1709595139509
8941269,8941269,movement,808,553,1709595140406
8941269,8941269,movement,800,558,1709595140506
8941269,8941269,movement,976,369,1709595135679
8941269,8941269,movement,1226,320,1709595135761
8941269,8941269,movement,1403,283,1709595136064
8941269,8941269,movement,1420,277,1709595136145
8941269,8941269,movement,1442,268,1709595136235
8941269,8941269,movement,1443,268,1709595136313
8941269,8941269,movement,1444,268,1709595136395
8941269,8941269,movement,1446,268,1709595136477
8941269,8941269,movement,1446,269,1709595136564
8941269,8941269,movement,1450,270,1709595136715
8941269,8941269,movement,1455,274,1709595136792
8941269,8941269,movement,1457,277,1709595136861
8941269,8941269,movement,1458,278,1709595136951
8941269,8941269,movement,1458,278,1709595137028
8941269,8941269,movement,1466,279,1709595137333
8941269,8941269,movement,1490,281,1709595137424
8941269,8941269,movement,1498,282,1709595137512
8941269,8941269,movement,1498,282,1709595137664
8941269,8941269,mousedown,1498,282,1709595137871
8941269,8941269,mouseup,1498,282,1709595138058
8941269,8941269,movement,1457,301,1709595138367
8941269,8941269,movement,1412,328,1709595138440
8941269,8941269,movement,1396,342,1709595138515
8941269,8941269,movement,1386,352,1709595138596
8941269,8941269,movement,1377,360,1709595138677
8941269,8941269,movement,1374,362,1709595138758
8941269,8941269,movement,1373,365,1709595138848
8941269,8941269,movement,1368,370,1709595138944
8941269,8941269,movement,1366,372,1709595139033
8941269,8941269,mousedown,1366,372,1709595139282
8941269,8941269,mouseup,1366,372,1709595139508
8941269,8941269,movement,1230,402,1709595140139
8941269,8941269,movement,969,478,1709595140230
8941269,8941269,singleclick,969,478,1709595135103
8941269,8941269,singleclick,276,163,1709595079851
8941269,8941269,movement,281,169,1709595080638
8941269,8941269,movement,291,178,1709595080647
8941269,8941269,movement,300,187,1709595080668
8941269,8941269,movement,326,214,1709595080672
8941269,8941269,movement,365,263,1709595080701
8941269,8941269,movement,436,348,1709595080729
8941269,8941269,movement,456,374,1709595080752
8941269,8941269,movement,484,414,1709595080773
8941269,8941269,movement,499,446,1709595080795
8941269,8941269,movement,510,466,1709595080816
8941269,8941269,movement,1338,680,1709595142737
8941269,8941269,movement,1354,682,1709595142753
8941269,8941269,movement,1363,682,1709595142769
8941269,8941269,movement,1370,682,1709595142787
8941269,8941269,movement,1379,680,1709595142802
8941269,8941269,movement,1383,679,1709595142821
8941269,8941269,movement,1387,677,1709595142841
8941269,8941269,movement,1393,674,1709595142852
8941269,8941269,movement,1397,671,1709595142870
8941269,8941269,movement,1400,669,1709595142888
8941269,8941269,movement,1403,665,1709595142905
8941269,8941269,movement,1404,663,1709595142925
8941269,8941269,movement,1406,662,1709595142935
8941269,8941269,movement,1406,661,1709595142956
8941269,8941269,movement,1408,660,1709595142969
8941269,8941269,movement,1409,660,1709595142986
8941269,8941269,movement,1410,659,1709595143004
8941269,8941269,movement,1413,658,1709595143019
8941269,8941269,movement,1414,658,1709595143036
8941269,8941269,movement,1415,657,1709595143069
8941269,8941269,mouseup,1415,657,1709595143587
8941269,8941269,movement,1414,652,1709595143824
8941269,8941269,movement,1398,630,1709595143851
8941269,8941269,movement,1394,620,1709595143852
8941269,8941269,movement,1380,599,1709595143873
8941269,8941269,movement,1362,573,1709595143889
8941269,8941269,movement,1329,522,1709595143903
8941269,8941269,movement,1198,334,1709595143938
8941269,8941269,movement,1107,215,1709595143977
8941269,8941269,movement,1032,128,1709595143978
8941269,8941269,movement,998,88,1709595144002
8941269,8941269,movement,639,187,1709595153634
8941269,8941269,movement,546,365,1709595153652
8941269,8941269,movement,505,470,1709595153660
8941269,8941269,movement,487,523,1709595153681
8941269,8941269,movement,477,556,1709595153695
8941269,8941269,movement,470,586,1709595153712
8941269,8941269,movement,466,602,1709595153728
8941269,8941269,movement,462,614,1709595153750
8941269,8941269,movement,478,614,1709595155576
8941269,8941269,movement,526,611,1709595155597
8941269,8941269,movement,594,605,1709595155613
8941269,8941269,movement,734,591,1709595155633
8941269,8941269,movement,841,586,1709595155643
8941269,8941269,movement,952,586,1709595155659
8941269,8941269,movement,1048,589,1709595155676
8941269,8941269,movement,1120,594,1709595155692
8941269,8941269,movement,1178,598,1709595155708
8941269,8941269,movement,1228,581,1709595155981
8941269,8941269,movement,1278,563,1709595155998
8941269,8941269,movement,1319,550,1709595156008
8941269,8941269,movement,1364,539,1709595156028
8941269,8941269,movement,1388,536,1709595156042
8941269,8941269,movement,1420,530,1709595156058
8941269,8941269,movement,1439,526,1709595156074
8941269,8941269,movement,1458,521,1709595156091
8941269,8941269,movement,1480,515,1709595156110
8941269,8941269,movement,1486,513,1709595156124
8941269,8941269,movement,1497,508,1709595156141
8941269,8941269,movement,1507,502,1709595156170
8941269,8941269,movement,1510,501,1709595156175
8941269,8941269,movement,1514,498,1709595156190
8941269,8941269,movement,1517,495,1709595156209
8941269,8941269,movement,1518,494,1709595156222
8941269,8941269,movement,1522,492,1709595156241
8941269,8941269,movement,1523,490,1709595156259
8941269,8941269,movement,1524,490,1709595156277
8941269,8941269,movement,824,558,1709595142271
8941269,8941269,movement,874,558,1709595142286
8941269,8941269,movement,922,564,1709595142307
8941269,8941269,movement,981,575,1709595142324
8941269,8941269,movement,1040,590,1709595142338
8941269,8941269,movement,1122,616,1709595142365
8941269,8941269,movement,1178,634,1709595142370
8941269,8941269,movement,1254,658,1709595142388
8941269,8941269,movement,1294,671,1709595142405
8941269,8941269,movement,1318,678,1709595142424
8941269,8941269,movement,1327,679,1709595142437
8941269,8941269,movement,1525,489,1709595156290
8941269,8941269,movement,1526,489,1709595156325
8941269,8941269,movement,1526,488,1709595156407
8941269,8941269,movement,1525,488,1709595156424
8941269,8941269,movement,1525,487,1709595156440
8941269,8941269,movement,1524,487,1709595156457
8941269,8941269,movement,1523,487,1709595156473
8941269,8941269,movement,1522,486,1709595156491
8941269,8941269,movement,1521,486,1709595156507
8941269,8941269,movement,1520,486,1709595156520
8941269,8941269,movement,1519,486,1709595156527
8941269,8941269,movement,1518,486,1709595156545
8941269,8941269,movement,1518,485,1709595156558
8941269,8941269,movement,1517,484,1709595156573
8941269,8941269,movement,1516,484,1709595156623
8941269,8941269,movement,1515,484,1709595156712
8941269,8941269,movement,1514,484,1709595156861
8941269,8941269,mousedown,1514,484,1709595157259
8941269,8941269,mouseup,1514,484,1709595159125
8941269,8941269,movement,1488,490,1709595159574
8941269,8941269,movement,1361,497,1709595159589
8941269,8941269,movement,1263,508,1709595159595
8941269,8941269,movement,1214,516,1709595159610
8941269,8941269,movement,1065,539,1709595159622
8941269,8941269,movement,966,565,1709595159642
8941269,8941269,movement,871,590,1709595159660
8941269,8941269,movement,750,621,1709595159678
8941269,8941269,movement,683,634,1709595159687
8941269,8941269,movement,673,637,1709595160022
8941269,8941269,movement,632,646,1709595160043
8941269,8941269,movement,601,652,1709595160054
8941269,8941269,movement,575,657,1709595160074
8941269,8941269,movement,547,666,1709595160089
8941269,8941269,movement,534,670,1709595160104
8941269,8941269,movement,524,674,1709595160122
8941269,8941269,movement,511,678,1709595160138
8941269,8941269,movement,505,680,1709595160152
8941269,8941269,movement,494,684,1709595160172
8941269,8941269,movement,481,690,1709595160189
8941269,8941269,movement,467,696,1709595160208
8941269,8941269,movement,465,698,1709595160226
8941269,8941269,movement,455,702,1709595160244
8941269,8941269,movement,448,706,1709595160253
8941269,8941269,movement,442,710,1709595160271
8941269,8941269,movement,434,716,1709595160287
8941269,8941269,movement,429,718,1709595160293
8941269,8941269,movement,419,723,1709595160308
8941269,8941269,movement,411,729,1709595160322
8941269,8941269,movement,406,732,1709595160342
8941269,8941269,movement,400,736,1709595160352
8941269,8941269,movement,397,738,1709595160373
8941269,8941269,movement,393,741,1709595160388
8941269,8941269,movement,389,743,1709595160403
8941269,8941269,movement,386,746,1709595160422
8941269,8941269,movement,384,746,1709595160438
8941269,8941269,movement,382,748,1709595160453
8941269,8941269,movement,381,748,1709595160470
8941269,8941269,movement,381,749,1709595160487
8941269,8941269,movement,380,750,1709595160504
8941269,8941269,mousedown,380,750,1709595160793
8941269,8941269,mouseup,380,750,1709595161007
8941269,8941269,singleclick,380,750,1709595161196
8941269,8941269,movement,895,278,1709595094801
8941269,8941269,movement,904,259,1709595094820
8941269,8941269,movement,914,239,1709595094838
8941269,8941269,movement,929,211,1709595094851
8941269,8941269,movement,935,202,1709595094863
8941269,8941269,movement,940,191,1709595094867
8941269,8941269,movement,975,129,1709595094908
8941269,8941269,movement,988,87,1709595095371
8941269,8941269,movement,881,98,1709595096402
8941269,8941269,movement,826,141,1709595096416
8941269,8941269,movement,777,182,1709595096434
8941269,8941269,movement,757,202,1709595096437
8941269,8941269,movement,714,238,1709595096454
8941269,8941269,movement,706,246,1709595096467
8941269,8941269,movement,675,270,1709595096522
8941269,8941269,movement,657,286,1709595096558
8941269,8941269,movement,654,288,1709595096564
8941269,8941269,movement,650,292,1709595096581
8941269,8941269,movement,646,295,1709595096605
8941269,8941269,movement,641,302,1709595096622
8941269,8941269,movement,639,302,1709595096628
8941269,8941269,movement,636,306,1709595096648
8941269,8941269,movement,634,310,1709595096662
8941269,8941269,movement,632,312,1709595096685
8941269,8941269,movement,631,313,1709595096699
8941269,8941269,movement,631,314,1709595096712
8941269,8941269,movement,630,314,1709595096728
8941269,8941269,movement,630,317,1709595096747
8941269,8941269,movement,629,326,1709595096766
8941269,8941269,movement,628,333,1709595096788
8941269,8941269,movement,629,354,1709595096807
8941269,8941269,movement,632,369,1709595096828
8941269,8941269,movement,635,377,1709595096838
8941269,8941269,movement,654,424,1709595096870
8941269,8941269,movement,666,451,1709595096895
8941269,8941269,movement,674,468,1709595096903
8941269,8941269,movement,679,483,1709595096920
8941269,8941269,movement,682,500,1709595096935
8941269,8941269,movement,688,522,1709595096953
8941269,8941269,movement,690,534,1709595096966
8941269,8941269,movement,691,547,1709595096986
8941269,8941269,movement,691,551,1709595096995
8941269,8941269,movement,691,560,1709595097013
8941269,8941269,movement,691,562,1709595097033
8941269,8941269,movement,691,564,1709595097049
8941269,8941269,movement,691,565,1709595097065
8941269,8941269,movement,262,370,1709595167540
8941269,8941269,movement,252,354,1709595167545
8941269,8941269,movement,228,320,1709595167629
8941269,8941269,movement,205,292,1709595167713
8941269,8941269,movement,194,281,1709595167755
8941269,8941269,movement,379,745,1709595165566
8941269,8941269,movement,374,727,1709595165584
8941269,8941269,movement,367,707,1709595165607
8941269,8941269,movement,354,661,1709595165617
8941269,8941269,movement,346,634,1709595165632
8941269,8941269,movement,339,602,1709595165653
8941269,8941269,movement,332,576,1709595165672
8941269,8941269,movement,321,538,1709595165682
8941269,8941269,movement,314,517,1709595165710
8941269,8941269,movement,306,499,1709595165717
8941269,8941269,movement,295,476,1709595165732
8941269,8941269,movement,289,463,1709595165752
8941269,8941269,movement,282,447,1709595165768
8941269,8941269,movement,270,410,1709595165783
8941269,8941269,movement,264,376,1709595165798
8941269,8941269,movement,193,279,1709595167764
8941269,8941269,movement,190,277,1709595167779
8941269,8941269,movement,186,274,1709595167796
8941269,8941269,movement,185,272,1709595167813
8941269,8941269,movement,187,274,1709595168254
8941269,8941269,movement,191,277,1709595168268
8941269,8941269,movement,194,280,1709595168282
8941269,8941269,movement,198,283,1709595168296
8941269,8941269,movement,203,287,1709595168316
8941269,8941269,movement,207,291,1709595168329
8941269,8941269,movement,218,301,1709595168350
8941269,8941269,movement,226,310,1709595168364
8941269,8941269,movement,238,326,1709595168384
8941269,8941269,movement,249,336,1709595168407
8941269,8941269,movement,258,347,1709595168419
8941269,8941269,movement,266,359,1709595168432
8941269,8941269,movement,283,379,1709595168447
8941269,8941269,movement,295,394,1709595168462
8941269,8941269,movement,306,411,1709595168478
8941269,8941269,movement,310,419,1709595168496
8941269,8941269,movement,334,470,1709595169296
8941269,8941269,movement,335,474,1709595169319
8941269,8941269,movement,338,480,1709595169329
8941269,8941269,movement,338,483,1709595169345
8941269,8941269,movement,340,488,1709595169365
8941269,8941269,movement,344,494,1709595169381
8941269,8941269,movement,346,499,1709595169399
8941269,8941269,movement,350,505,1709595169417
8941269,8941269,movement,353,510,1709595169435
8941269,8941269,movement,358,518,1709595169447
8941269,8941269,movement,365,533,1709595169464
8941269,8941269,movement,374,553,1709595169479
8941269,8941269,movement,1221,290,1709595090760
8941269,8941269,movement,1228,290,1709595090771
8941269,8941269,movement,1243,288,1709595090786
8941269,8941269,movement,1268,282,1709595090805
8941269,8941269,movement,1286,276,1709595090818
8941269,8941269,movement,1301,272,1709595090836
8941269,8941269,movement,1319,267,1709595090853
8941269,8941269,movement,1342,260,1709595090874
8941269,8941269,movement,1354,257,1709595090887
8941269,8941269,movement,1363,254,1709595090911
8941269,8941269,movement,1373,250,1709595090942
8941269,8941269,movement,1379,247,1709595090958
8941269,8941269,movement,1380,246,1709595090967
8941269,8941269,movement,381,652,1709595170849
8941269,8941269,movement,381,655,1709595170960
8941269,8941269,movement,381,656,1709595171047
8941269,8941269,movement,380,654,1709595171112
8941269,8941269,movement,380,654,1709595171129
8941269,8941269,movement,378,652,1709595171143
8941269,8941269,movement,376,650,1709595171160
8941269,8941269,movement,374,646,1709595171177
8941269,8941269,movement,373,644,1709595171193
8941269,8941269,movement,367,638,1709595171213
8941269,8941269,movement,362,631,1709595171228
8941269,8941269,movement,356,623,1709595171242
8941269,8941269,movement,345,611,1709595171263
8941269,8941269,movement,338,602,1709595171278
8941269,8941269,movement,328,589,1709595171297
8941269,8941269,movement,320,578,1709595171314
8941269,8941269,movement,313,566,1709595171328
8941269,8941269,movement,306,547,1709595171343
8941269,8941269,movement,299,537,1709595171359
8941269,8941269,movement,295,527,1709595171376
8941269,8941269,movement,292,521,1709595171393
8941269,8941269,movement,286,510,1709595171414
8941269,8941269,movement,283,505,1709595171427
8941269,8941269,movement,281,501,1709595171444
8941269,8941269,movement,279,498,1709595171460
8941269,8941269,movement,278,496,1709595171479
8941269,8941269,movement,278,495,1709595171494
8941269,8941269,movement,278,495,1709595171510
8941269,8941269,movement,278,494,1709595171543
8941269,8941269,movement,278,493,1709595171561
8941269,8941269,movement,378,579,1709595170464
8941269,8941269,movement,378,586,1709595170498
8941269,8941269,movement,378,593,1709595170532
8941269,8941269,movement,378,599,1709595170571
8941269,8941269,movement,379,616,1709595170642
8941269,8941269,movement,381,646,1709595170760
8941269,8941269,movement,274,486,1709595172042
8941269,8941269,movement,269,476,1709595172059
8941269,8941269,movement,265,471,1709595172142
8941269,8941269,movement,218,389,1709595172147
8941269,8941269,movement,203,368,1709595172166
8941269,8941269,movement,193,356,1709595172179
8941269,8941269,movement,183,345,1709595172197
8941269,8941269,movement,175,335,1709595172209
8941269,8941269,movement,166,325,1709595172230
8941269,8941269,movement,161,318,1709595172243
8941269,8941269,movement,154,312,1709595172270
8941269,8941269,movement,154,311,1709595172275
8941269,8941269,movement,151,308,1709595172291
8941269,8941269,movement,149,306,1709595172309
8941269,8941269,movement,146,301,1709595172324
8941269,8941269,movement,144,299,1709595172342
8941269,8941269,movement,142,297,1709595172361
8941269,8941269,movement,140,294,1709595172374
8941269,8941269,movement,138,293,1709595172392
8941269,8941269,movement,138,291,1709595172414
8941269,8941269,movement,136,288,1709595172426
8941269,8941269,movement,135,286,1709595172446
8941269,8941269,movement,134,285,1709595172463
8941269,8941269,movement,133,281,1709595172476
8941269,8941269,movement,133,279,1709595172492
8941269,8941269,movement,132,276,1709595172508
8941269,8941269,movement,131,271,1709595172525
8941269,8941269,movement,131,266,1709595172544
8941269,8941269,movement,131,262,1709595172562
8941269,8941269,movement,131,257,1709595172584
8941269,8941269,movement,131,248,1709595172598
8941269,8941269,movement,131,241,1709595172616
8941269,8941269,movement,131,239,1709595172624
8941269,8941269,movement,131,230,1709595172641
8941269,8941269,movement,131,226,1709595172662
8941269,8941269,movement,130,219,1709595172675
8941269,8941269,movement,129,215,1709595172692
8941269,8941269,movement,126,210,1709595172713
8941269,8941269,movement,125,206,1709595172727
8941269,8941269,movement,122,203,1709595172743
8941269,8941269,movement,121,201,1709595172765
8941269,8941269,movement,119,199,1709595172779
8941269,8941269,movement,118,198,1709595172795
8941269,8941269,movement,118,198,1709595172834
8941269,8941269,movement,118,197,1709595172908
8941269,8941269,movement,118,194,1709595172925
8941269,8941269,movement,118,192,1709595172942
8941269,8941269,movement,118,187,1709595172958
8941269,8941269,movement,119,180,1709595172975
8941269,8941269,movement,120,174,1709595172994
8941269,8941269,movement,121,167,1709595173009
8941269,8941269,movement,122,160,1709595173025
8941269,8941269,movement,122,149,1709595173046
8941269,8941269,movement,122,142,1709595173066
8941269,8941269,movement,123,135,1709595173078
8941269,8941269,movement,123,132,1709595173095
8941269,8941269,movement,125,128,1709595173110
8941269,8941269,movement,126,126,1709595173129
8941269,8941269,movement,126,126,1709595173145
8941269,8941269,movement,126,124,1709595173159
8941269,8941269,movement,127,122,1709595173174
8941269,8941269,movement,128,122,1709595173192
8941269,8941269,movement,129,121,1709595173210
8941269,8941269,movement,130,120,1709595173225
8941269,8941269,movement,130,119,1709595173243
8941269,8941269,movement,130,118,1709595173258
8941269,8941269,movement,130,118,1709595173382
8941269,8941269,movement,126,118,1709595173396
8941269,8941269,movement,1155,237,1709595094051
8941269,8941269,movement,1096,252,1709595094066
8941269,8941269,movement,1019,267,1709595094091
8941269,8941269,movement,966,278,1709595094109
8941269,8941269,movement,942,282,1709595094117
8941269,8941269,movement,923,285,1709595094135
8941269,8941269,movement,908,288,1709595094151
8941269,8941269,movement,889,292,1709595094165
8941269,8941269,movement,891,286,1709595094789
8941269,8941269,mousedown,126,118,1709595174026
8941269,8941269,mouseup,126,118,1709595174252
8941269,8941269,movement,505,413,1709595175632
8941269,8941269,movement,542,437,1709595175658
8941269,8941269,movement,553,443,1709595175665
8941269,8941269,movement,582,457,1709595175679
8941269,8941269,movement,624,472,1709595175702
8941269,8941269,movement,638,476,1709595175707
8941269,8941269,movement,671,483,1709595175727
8941269,8941269,movement,691,486,1709595175737
8941269,8941269,movement,711,488,1709595175755
8941269,8941269,movement,734,489,1709595175773
8941269,8941269,movement,746,487,1709595175789
8941269,8941269,movement,759,487,1709595176112
8941269,8941269,movement,778,486,1709595176124
8941269,8941269,movement,863,485,1709595176141
8941269,8941269,movement,934,483,1709595176155
8941269,8941269,movement,1009,479,1709595176181
8941269,8941269,movement,1122,469,1709595176195
8941269,8941269,movement,1189,457,1709595176207
8941269,8941269,movement,1244,446,1709595176226
8941269,8941269,movement,1309,430,1709595176249
8941269,8941269,movement,1347,419,1709595176260
8941269,8941269,movement,1377,412,1709595176276
8941269,8941269,movement,1414,403,1709595176297
8941269,8941269,movement,1440,397,1709595176317
8941269,8941269,movement,1454,389,1709595176335
8941269,8941269,movement,1475,393,1709595176649
8941269,8941269,movement,1507,401,1709595176668
8941269,8941269,movement,1528,405,1709595176696
8941269,8941269,movement,1535,409,1709595176714
8941269,8941269,movement,1534,408,1709595176825
8941269,8941269,movement,1533,406,1709595176842
8941269,8941269,movement,1532,406,1709595176858
8941269,8941269,movement,1530,406,1709595176872
8941269,8941269,movement,1526,405,1709595176888
8941269,8941269,movement,1526,404,1709595176905
8941269,8941269,movement,1523,404,1709595176921
8941269,8941269,movement,1522,404,1709595176937
8941269,8941269,movement,1521,403,1709595176955
8941269,8941269,movement,1520,403,1709595176973
8941269,8941269,movement,1520,402,1709595176988
8941269,8941269,movement,1519,402,1709595177007
8941269,8941269,movement,1518,402,1709595177022
8941269,8941269,movement,938,446,1709595179498
8941269,8941269,movement,936,447,1709595179503
8941269,8941269,movement,932,449,1709595179520
8941269,8941269,movement,927,450,1709595179541
8941269,8941269,movement,915,454,1709595179570
8941269,8941269,movement,910,455,1709595179585
8941269,8941269,movement,905,458,1709595179602
8941269,8941269,movement,900,458,1709595179619
8941269,8941269,movement,890,462,1709595179639
8941269,8941269,movement,885,464,1709595179653
8941269,8941269,movement,878,466,1709595179670
8941269,8941269,movement,872,468,1709595179685
8941269,8941269,movement,863,471,1709595179703
8941269,8941269,movement,856,474,1709595179720
8941269,8941269,movement,850,477,1709595179736
8941269,8941269,movement,842,480,1709595179756
8941269,8941269,movement,837,481,1709595179769
8941269,8941269,movement,830,483,1709595179785
8941269,8941269,movement,826,485,1709595179801
8941269,8941269,movement,823,486,1709595179819
8941269,8941269,movement,821,487,1709595179836
8941269,8941269,movement,815,490,1709595179851
8941269,8941269,movement,812,491,1709595179881
8941269,8941269,movement,801,498,1709595179907
8941269,8941269,movement,799,498,1709595179921
8941269,8941269,movement,795,501,1709595179942
8941269,8941269,movement,791,503,1709595179954
8941269,8941269,singleclick,356,629,1709595180550
8941269,8941269,mousedown,356,629,1709595189286
8941269,8941269,singleclick,356,629,1709595184561
8941269,8941269,mouseup,356,629,1709595189502
8941269,8941269,movement,356,628,1709595189784
8941269,8941269,movement,357,626,1709595189795
8941269,8941269,movement,358,623,1709595189811
8941269,8941269,movement,360,620,1709595189827
8941269,8941269,movement,362,615,1709595189845
8941269,8941269,movement,362,614,1709595189861
8941269,8941269,movement,362,613,1709595189876
8941269,8941269,singleclick,362,613,1709595189506
8941269,8941269,movement,362,614,1709595189927
8941269,8941269,movement,362,615,1709595189942
8941269,8941269,movement,354,638,1709595190974
8941269,8941269,movement,358,633,1709595190995
8941269,8941269,movement,363,625,1709595191009
8941269,8941269,movement,366,618,1709595191026
8941269,8941269,movement,369,613,1709595191043
8941269,8941269,movement,372,603,1709595191067
8941269,8941269,singleclick,372,603,1709595190668
8941269,8941269,movement,378,582,1709595191122
8941269,8941269,movement,378,578,1709595191127
8941269,8941269,movement,380,573,1709595191147
8941269,8941269,movement,381,567,1709595191158
8941269,8941269,movement,382,559,1709595191175
8941269,8941269,movement,383,554,1709595191190
8941269,8941269,movement,385,549,1709595191207
8941269,8941269,movement,386,542,1709595191225
8941269,8941269,movement,386,538,1709595191242
8941269,8941269,movement,386,533,1709595191258
8941269,8941269,movement,387,527,1709595191276
8941269,8941269,movement,387,523,1709595191293
8941269,8941269,movement,387,520,1709595191310
8941269,8941269,movement,387,516,1709595191324
8941269,8941269,movement,387,514,1709595191341
8941269,8941269,movement,387,512,1709595191357
8941269,8941269,movement,387,510,1709595191373
8941269,8941269,movement,387,507,1709595191391
8941269,8941269,movement,387,506,1709595191407
8941269,8941269,movement,387,505,1709595191424
8941269,8941269,movement,387,504,1709595191440
8941269,8941269,movement,387,503,1709595191457
8941269,8941269,movement,361,619,1709595189963
8941269,8941269,movement,358,624,1709595189975
8941269,8941269,movement,358,626,1709595189993
8941269,8941269,movement,357,628,1709595190010
8941269,8941269,movement,356,633,1709595190043
8941269,8941269,movement,355,635,1709595190062
8941269,8941269,movement,354,638,1709595190100
8941269,8941269,movement,354,639,1709595190125
8941269,8941269,mousedown,354,639,1709595190470
8941269,8941269,mouseup,354,639,1709595190665
8941269,8941269,movement,131,121,1709595175071
8941269,8941269,movement,141,126,1709595175077
8941269,8941269,movement,150,131,1709595175091
8941269,8941269,movement,172,145,1709595175108
8941269,8941269,movement,219,182,1709595175126
8941269,8941269,movement,244,200,1709595175135
8941269,8941269,movement,270,220,1709595175145
8941269,8941269,movement,350,283,1709595175179
8941269,8941269,movement,454,374,1709595175211
8941269,8941269,movement,494,407,1709595175233
8941269,8941269,movement,499,409,1709595175241
8941269,8941269,movement,387,502,1709595191474
8941269,8941269,movement,387,503,1709595191549
8941269,8941269,movement,387,504,1709595191557
8941269,8941269,mousedown,387,504,1709595191787
8941269,8941269,mouseup,387,504,1709595192002
8941269,8941269,movement,387,506,1709595192189
8941269,8941269,movement,389,510,1709595192192
8941269,8941269,movement,390,513,1709595192210
8941269,8941269,movement,395,524,1709595192224
8941269,8941269,movement,1508,403,1709595178631
8941269,8941269,movement,1490,407,1709595178652
8941269,8941269,movement,1384,431,1709595178689
8941269,8941269,movement,1273,450,1709595178724
8941269,8941269,movement,1224,456,1709595178746
8941269,8941269,movement,1158,456,1709595178772
8941269,8941269,movement,1138,454,1709595178785
8941269,8941269,movement,1122,452,1709595178802
8941269,8941269,movement,1108,450,1709595178819
8941269,8941269,movement,1095,448,1709595178844
8941269,8941269,movement,1066,443,1709595178861
8941269,8941269,movement,1058,442,1709595178869
8941269,8941269,movement,1035,440,1709595178887
8941269,8941269,movement,1018,439,1709595178907
8941269,8941269,movement,1004,438,1709595178919
8941269,8941269,movement,988,438,1709595178937
8941269,8941269,movement,968,439,1709595178952
8941269,8941269,movement,938,446,1709595178974
8941269,8941269,movement,426,621,1709595193268
8941269,8941269,movement,431,621,1709595193275
8941269,8941269,movement,439,621,1709595193290
8941269,8941269,movement,466,625,1709595193306
8941269,8941269,movement,522,630,1709595193339
8941269,8941269,movement,560,634,1709595193363
8941269,8941269,movement,574,636,1709595193373
8941269,8941269,movement,642,637,1709595193388
8941269,8941269,movement,722,641,1709595193405
8941269,8941269,movement,828,634,1709595193422
8941269,8941269,movement,850,634,1709595193720
8941269,8941269,movement,884,636,1709595193724
8941269,8941269,movement,976,647,1709595193742
8941269,8941269,movement,399,530,1709595192241
8941269,8941269,movement,402,536,1709595192259
8941269,8941269,movement,406,544,1709595192276
8941269,8941269,movement,407,547,1709595192290
8941269,8941269,movement,409,551,1709595192310
8941269,8941269,movement,410,554,1709595192323
8941269,8941269,movement,411,558,1709595192341
8941269,8941269,movement,411,559,1709595192358
8941269,8941269,movement,413,561,1709595192373
8941269,8941269,movement,413,563,1709595192392
8941269,8941269,movement,414,566,1709595192408
8941269,8941269,singleclick,414,566,1709595192008
8941269,8941269,movement,414,568,1709595192428
8941269,8941269,movement,416,573,1709595192441
8941269,8941269,movement,417,576,1709595192458
8941269,8941269,movement,418,584,1709595192473
8941269,8941269,movement,418,589,1709595192493
8941269,8941269,movement,419,594,1709595192510
8941269,8941269,movement,420,601,1709595192523
8941269,8941269,movement,421,605,1709595192547
8941269,8941269,movement,421,608,1709595192558
8941269,8941269,movement,421,613,1709595192579
8941269,8941269,movement,421,617,1709595192590
8941269,8941269,movement,421,618,1709595192607
8941269,8941269,movement,421,619,1709595192625
8941269,8941269,movement,421,621,1709595192640
8941269,8941269,movement,778,659,1709595197358
8941269,8941269,movement,779,643,1709595197374
8941269,8941269,movement,786,574,1709595197396
8941269,8941269,movement,786,533,1709595197405
8941269,8941269,movement,786,476,1709595197423
8941269,8941269,movement,783,348,1709595197438
8941269,8941269,movement,785,261,1709595197456
8941269,8941269,movement,786,225,1709595197467
8941269,8941269,movement,790,175,1709595197471
8941269,8941269,movement,796,91,1709595197490
8941269,8941269,movement,1158,666,1709595193763
8941269,8941269,movement,1286,678,1709595193773
8941269,8941269,movement,1393,683,1709595193791
8941269,8941269,movement,1465,684,1709595193805
8941269,8941269,movement,1492,684,1709595193814
8941269,8941269,movement,1512,682,1709595193825
8941269,8941269,movement,1535,675,1709595193828
8941269,8941269,movement,1535,665,1709595193839
8941269,8941269,movement,1504,653,1709595194158
8941269,8941269,movement,1494,650,1709595194166
8941269,8941269,movement,1484,646,1709595194174
8941269,8941269,movement,1434,635,1709595194257
8941269,8941269,movement,1430,634,1709595194268
8941269,8941269,movement,1429,634,1709595194272
8941269,8941269,movement,1422,630,1709595194317
8941269,8941269,movement,1421,630,1709595194367
8941269,8941269,movement,1421,629,1709595194452
8941269,8941269,movement,1420,629,1709595194468
8941269,8941269,movement,1420,628,1709595194475
8941269,8941269,movement,1419,628,1709595194491
8941269,8941269,movement,839,88,1709595203418
8941269,8941269,movement,826,117,1709595203424
8941269,8941269,movement,814,142,1709595203434
8941269,8941269,movement,803,170,1709595203441
8941269,8941269,movement,790,199,1709595203450
8941269,8941269,movement,759,275,1709595203464
8941269,8941269,movement,742,322,1709595203485
8941269,8941269,movement,721,386,1709595203496
8941269,8941269,movement,707,424,1709595203517
8941269,8941269,movement,694,454,1709595203532
8941269,8941269,movement,682,478,1709595203549
8941269,8941269,movement,663,505,1709595203564
8941269,8941269,movement,651,518,1709595203587
8941269,8941269,movement,629,532,1709595203599
8941269,8941269,movement,618,538,1709595203613
8941269,8941269,movement,608,542,1709595203630
8941269,8941269,movement,599,546,1709595203648
8941269,8941269,movement,590,549,1709595203665
8941269,8941269,movement,577,553,1709595203680
8941269,8941269,movement,570,554,1709595203697
8941269,8941269,movement,562,557,1709595203713
8941269,8941269,movement,552,562,1709595203733
8941269,8941269,movement,545,568,1709595203749
8941269,8941269,movement,536,574,1709595203763
8941269,8941269,movement,523,585,1709595203780
8941269,8941269,movement,515,589,1709595203799
8941269,8941269,movement,507,594,1709595203812
8941269,8941269,movement,498,600,1709595203830
8941269,8941269,movement,494,603,1709595203857
8941269,8941269,movement,490,606,1709595203866
8941269,8941269,movement,484,609,1709595203879
8941269,8941269,movement,482,611,1709595203899
8941269,8941269,movement,479,612,1709595203915
8941269,8941269,movement,476,614,1709595203929
8941269,8941269,movement,474,616,1709595203946
8941269,8941269,movement,473,618,1709595203963
8941269,8941269,movement,470,620,1709595203986
8941269,8941269,movement,469,621,1709595204000
8941269,8941269,movement,467,622,1709595204013
8941269,8941269,movement,466,623,1709595204030
8941269,8941269,movement,1418,627,1709595194513
8941269,8941269,mouseup,1418,627,1709595195037
8941269,8941269,mousedown,466,623,1709595204327
8941269,8941269,mouseup,466,623,1709595204545
8941269,8941269,movement,790,504,1709595179971
8941269,8941269,movement,788,505,1709595179985
8941269,8941269,movement,786,506,1709595180001
8941269,8941269,movement,786,506,1709595180020
8941269,8941269,movement,776,508,1709595180035
8941269,8941269,mousedown,776,508,1709595180313
8941269,8941269,mouseup,776,508,1709595180527
8941269,8941269,movement,811,502,1709595181225
8941269,8941269,movement,1001,455,1709595181303
8941269,8941269,movement,1254,366,1709595181391
8941269,8941269,movement,1262,364,1709595181709
8941269,8941269,movement,1380,328,1709595181792
8941269,8941269,movement,1402,323,1709595181866
8941269,8941269,movement,1411,322,1709595181950
8941269,8941269,movement,1430,321,1709595182028
8941269,8941269,movement,1450,314,1709595182105
8941269,8941269,movement,1466,306,1709595182197
8941269,8941269,movement,1474,296,1709595182297
8941269,8941269,movement,1484,288,1709595182375
8941269,8941269,movement,1490,283,1709595182455
8941269,8941269,movement,1493,281,1709595182545
8941269,8941269,mousedown,1493,281,1709595182857
8941269,8941269,mouseup,1493,281,1709595183051
8941269,8941269,movement,1491,282,1709595183425
8941269,8941269,movement,1488,285,1709595183496
8941269,8941269,movement,1452,311,1709595183572
8941269,8941269,movement,1411,338,1709595183658
8941269,8941269,movement,1378,359,1709595183744
8941269,8941269,movement,1362,370,1709595183825
8941269,8941269,movement,1358,372,1709595183904
8941269,8941269,movement,1357,373,1709595183982
8941269,8941269,mousedown,1357,373,1709595184326
8941269,8941269,mouseup,1357,373,1709595184558
8941269,8941269,movement,1341,386,1709595185404
8941269,8941269,movement,1237,434,1709595185488
8941269,8941269,movement,1006,543,1709595185574
8941269,8941269,movement,738,665,1709595185656
8941269,8941269,movement,608,705,1709595185733
8941269,8941269,movement,587,698,1709595185812
8941269,8941269,movement,577,677,1709595185911
8941269,8941269,movement,539,649,1709595185989
8941269,8941269,movement,449,614,1709595186070
8941269,8941269,movement,400,588,1709595186145
8941269,8941269,movement,389,589,1709595186240
8941269,8941269,movement,381,598,1709595186319
8941269,8941269,movement,367,613,1709595186406
8941269,8941269,movement,361,622,1709595186493
8941269,8941269,movement,467,600,1709595186579
8941269,8941269,movement,1208,297,1709595186670
8941269,8941269,movement,1530,135,1709595186749
8941269,8941269,movement,1529,144,1709595187066
8941269,8941269,movement,1514,190,1709595187111
8941269,8941269,movement,1495,231,1709595187143
8941269,8941269,movement,1486,248,1709595187212
8941269,8941269,movement,1485,253,1709595187292
8941269,8941269,movement,1488,290,1709595187370
8941269,8941269,movement,1494,397,1709595187446
8941269,8941269,movement,1502,454,1709595187524
8941269,8941269,movement,1507,465,1709595187590
8941269,8941269,movement,1509,470,1709595187607
8941269,8941269,movement,1510,474,1709595187687
8941269,8941269,movement,1511,475,1709595187762
8941269,8941269,movement,1512,476,1709595187838
8941269,8941269,movement,1158,522,1709595188318
8941269,8941269,movement,558,626,1709595188416
8941269,8941269,movement,413,671,1709595188502
8941269,8941269,movement,405,673,1709595188583
8941269,8941269,movement,406,666,1709595188664
8941269,8941269,movement,401,659,1709595188745
8941269,8941269,movement,386,649,1709595188829
8941269,8941269,movement,372,639,1709595188902
8941269,8941269,movement,358,630,1709595188980
8941269,8941269,movement,356,629,1709595189061
8941269,8941269,singleclick,466,623,1709595204552
8941269,8941269,movement,483,618,1709595206162
8941269,8941269,movement,544,594,1709595206182
8941269,8941269,movement,654,561,1709595206195
8941269,8941269,movement,737,538,1709595206211
8941269,8941269,movement,830,519,1709595206227
8941269,8941269,movement,999,495,1709595206245
8941269,8941269,movement,1108,494,1709595206260
8941269,8941269,movement,1202,500,1709595206277
8941269,8941269,movement,1269,505,1709595206293
8941269,8941269,movement,1329,512,1709595206310
8941269,8941269,movement,1349,510,1709595206326
8941269,8941269,movement,1389,508,1709595206611
8941269,8941269,movement,1414,506,1709595206627
8941269,8941269,movement,1447,505,1709595206654
8941269,8941269,movement,1462,505,1709595206660
8941269,8941269,movement,1477,505,1709595206676
8941269,8941269,movement,1488,503,1709595206693
8941269,8941269,movement,1497,503,1709595206710
8941269,8941269,movement,1502,503,1709595206727
8941269,8941269,movement,1506,502,1709595206746
8941269,8941269,movement,1508,502,1709595206762
8941269,8941269,movement,1511,502,1709595206777
8941269,8941269,movement,1512,501,1709595206793
8941269,8941269,movement,1514,501,1709595206811
8941269,8941269,movement,1514,500,1709595206828
8941269,8941269,movement,1515,499,1709595206848
8941269,8941269,movement,1515,498,1709595206877
8941269,8941269,movement,1516,496,1709595206912
8941269,8941269,movement,1517,494,1709595206933
8941269,8941269,movement,1517,484,1709595207040
8941269,8941269,movement,1517,483,1709595207042
8941269,8941269,movement,1517,482,1709595207068
8941269,8941269,movement,1517,482,1709595207090
8941269,8941269,movement,1517,481,1709595207129
8941269,8941269,movement,1517,480,1709595207159
8941269,8941269,mousedown,1517,480,1709595207497
8941269,8941269,mouseup,1517,480,1709595208107
8941269,8941269,movement,1497,508,1709595208440
8941269,8941269,movement,1359,546,1709595208460
8941269,8941269,movement,1299,565,1709595208465
8941269,8941269,movement,1154,608,1709595208480
8941269,8941269,movement,911,674,1709595208496
8941269,8941269,movement,761,710,1709595208515
8941269,8941269,movement,648,736,1709595208531
8941269,8941269,movement,541,761,1709595208551
8941269,8941269,movement,494,768,1709595208565
8941269,8941269,movement,452,770,1709595208580
8941269,8941269,movement,430,767,1709595208597
8941269,8941269,mouseup,372,739,1709595209547
8941269,8941269,singleclick,372,739,1709595209782
8941269,8941269,movement,370,734,1709595210962
8941269,8941269,movement,366,725,1709595210973
8941269,8941269,movement,359,708,1709595210989
8941269,8941269,movement,349,682,1709595211005
8941269,8941269,movement,339,651,1709595211026
8941269,8941269,movement,331,627,1709595211042
8941269,8941269,movement,320,596,1709595211058
8941269,8941269,movement,306,559,1709595211074
8941269,8941269,movement,294,522,1709595211090
8941269,8941269,movement,278,486,1709595211106
8941269,8941269,movement,268,465,1709595211124
8941269,8941269,movement,260,446,1709595211140
8941269,8941269,movement,256,438,1709595211148
8941269,8941269,movement,250,423,1709595211157
8941269,8941269,movement,243,410,1709595211176
8941269,8941269,movement,235,382,1709595211196
8941269,8941269,movement,233,352,1709595211210
8941269,8941269,movement,232,342,1709595211229
8941269,8941269,movement,225,329,1709595211738
8941269,8941269,movement,218,311,1709595211757
8941269,8941269,movement,211,294,1709595211772
8941269,8941269,movement,201,270,1709595211790
8941269,8941269,movement,196,255,1709595211809
8941269,8941269,movement,192,245,1709595211823
8941269,8941269,movement,188,233,1709595211840
8941269,8941269,movement,184,226,1709595211857
8941269,8941269,movement,166,175,1709595211986
8941269,8941269,movement,166,173,1709595211988
8941269,8941269,movement,163,167,1709595212004
8941269,8941269,movement,160,158,1709595212030
8941269,8941269,movement,158,154,1709595212039
8941269,8941269,movement,153,139,1709595212070
8941269,8941269,movement,148,129,1709595212104
8941269,8941269,movement,147,126,1709595212104
8941269,8941269,movement,146,124,1709595212121
8941269,8941269,movement,144,120,1709595212139
8941269,8941269,movement,143,118,1709595212154
8941269,8941269,movement,142,114,1709595212171
8941269,8941269,movement,141,113,1709595212188
8941269,8941269,movement,140,110,1709595212206
8941269,8941269,movement,139,109,1709595212225
8941269,8941269,movement,139,107,1709595212241
8941269,8941269,movement,138,106,1709595212256
8941269,8941269,movement,138,106,1709595212272
8941269,8941269,movement,138,105,1709595212300
8941269,8941269,movement,137,105,1709595212305
8941269,8941269,movement,136,105,1709595212358
8941269,8941269,mousedown,136,105,1709595214003
8941269,8941269,mouseup,136,105,1709595214228
8941269,8941269,movement,457,270,1709595215804
8941269,8941269,movement,467,279,1709595215823
8941269,8941269,movement,478,290,1709595215846
8941269,8941269,movement,515,323,1709595215879
8941269,8941269,movement,520,328,1709595215886
8941269,8941269,movement,526,334,1709595215909
8941269,8941269,movement,532,338,1709595215923
8941269,8941269,movement,533,339,1709595215935
8941269,8941269,movement,534,339,1709595215952
8941269,8941269,movement,534,339,1709595215967
8941269,8941269,movement,535,339,1709595216001
8941269,8941269,movement,537,338,1709595216168
8941269,8941269,movement,427,766,1709595208896
8941269,8941269,movement,420,764,1709595208911
8941269,8941269,movement,414,762,1709595208926
8941269,8941269,movement,406,759,1709595208944
8941269,8941269,movement,401,758,1709595208958
8941269,8941269,movement,396,755,1709595208978
8941269,8941269,movement,390,753,1709595208991
8941269,8941269,movement,386,750,1709595209008
8941269,8941269,movement,381,748,1709595209027
8941269,8941269,movement,376,746,1709595209041
8941269,8941269,movement,374,745,1709595209059
8941269,8941269,movement,372,745,1709595209079
8941269,8941269,movement,372,744,1709595209091
8941269,8941269,movement,372,739,1709595209108
8941269,8941269,mousedown,372,739,1709595209335
8941269,8941269,singleclick,394,646,1709595216722
8941269,8941269,singleclick,394,646,1709595222251
8941269,8941269,singleclick,394,646,1709595223905
8941269,8941269,movement,401,646,1709595235907
8941269,8941269,movement,407,643,1709595235927
8941269,8941269,movement,413,642,1709595235933
8941269,8941269,movement,418,638,1709595235952
8941269,8941269,movement,422,637,1709595235971
8941269,8941269,movement,423,635,1709595235988
8941269,8941269,movement,425,633,1709595235999
8941269,8941269,movement,426,632,1709595236018
8941269,8941269,movement,426,630,1709595236035
8941269,8941269,movement,428,630,1709595236051
8941269,8941269,movement,429,630,1709595236067
8941269,8941269,movement,429,629,1709595236085
8941269,8941269,movement,430,628,1709595236100
8941269,8941269,singleclick,425,618,1709595236986
8941269,8941269,movement,425,616,1709595238248
8941269,8941269,movement,425,609,1709595238264
8941269,8941269,movement,425,603,1709595238285
8941269,8941269,movement,424,598,1709595238299
8941269,8941269,movement,424,597,1709595238313
8941269,8941269,movement,424,595,1709595238334
8941269,8941269,movement,424,594,1709595238348
8941269,8941269,movement,424,593,1709595238382
8941269,8941269,movement,424,592,1709595238397
8941269,8941269,movement,426,591,1709595238415
8941269,8941269,movement,426,590,1709595238432
8941269,8941269,movement,427,589,1709595238450
8941269,8941269,movement,427,588,1709595238480
8941269,8941269,singleclick,433,584,1709595239154
8941269,8941269,movement,428,587,1709595238513
8941269,8941269,movement,430,586,1709595238549
8941269,8941269,movement,430,586,1709595238567
8941269,8941269,movement,430,584,1709595238582
8941269,8941269,movement,431,584,1709595238598
8941269,8941269,movement,433,584,1709595238716
8941269,8941269,mousedown,433,584,1709595238918
8941269,8941269,mouseup,433,584,1709595239149
8941269,8941269,movement,430,627,1709595236266
8941269,8941269,movement,430,626,1709595236317
8941269,8941269,movement,430,626,1709595236351
8941269,8941269,movement,429,624,1709595236366
8941269,8941269,movement,427,623,1709595236383
8941269,8941269,movement,426,621,1709595236400
8941269,8941269,movement,426,619,1709595236417
8941269,8941269,movement,425,619,1709595236434
8941269,8941269,movement,425,618,1709595236451
8941269,8941269,movement,425,618,1709595236466
8941269,8941269,mousedown,425,618,1709595236759
8941269,8941269,mouseup,425,618,1709595236977
8941269,8941269,mousedown,374,783,1709595245634
8941269,8941269,mouseup,374,783,1709595245841
8941269,8941269,movement,371,776,1709595250522
8941269,8941269,movement,349,730,1709595250544
8941269,8941269,movement,330,685,1709595250555
8941269,8941269,movement,311,644,1709595250576
8941269,8941269,movement,292,589,1709595250586
8941269,8941269,movement,262,510,1709595250604
8941269,8941269,movement,242,457,1709595250621
8941269,8941269,movement,226,410,1709595250638
8941269,8941269,movement,205,355,1709595250669
8941269,8941269,movement,190,318,1709595250679
8941269,8941269,movement,188,309,1709595250689
8941269,8941269,movement,182,294,1709595250704
8941269,8941269,movement,174,270,1709595250720
8941269,8941269,singleclick,374,783,1709595246038
8941269,8941269,movement,427,599,1709595244629
8941269,8941269,movement,414,626,1709595244647
8941269,8941269,movement,401,653,1709595244666
8941269,8941269,movement,393,667,1709595244681
8941269,8941269,movement,384,681,1709595244691
8941269,8941269,movement,378,689,1709595244707
8941269,8941269,movement,373,696,1709595244725
8941269,8941269,movement,368,703,1709595244742
8941269,8941269,movement,361,711,1709595244761
8941269,8941269,movement,357,718,1709595244776
8941269,8941269,movement,351,726,1709595244792
8941269,8941269,movement,346,736,1709595244807
8941269,8941269,movement,340,743,1709595244832
8941269,8941269,movement,337,748,1709595244847
8941269,8941269,movement,335,753,1709595244858
8941269,8941269,movement,334,754,1709595244874
8941269,8941269,movement,333,756,1709595244890
8941269,8941269,movement,333,758,1709595244908
8941269,8941269,movement,333,759,1709595244924
8941269,8941269,movement,333,760,1709595244942
8941269,8941269,movement,336,765,1709595244958
8941269,8941269,movement,338,768,1709595244983
8941269,8941269,movement,344,774,1709595244992
8941269,8941269,movement,347,775,1709595245007
8941269,8941269,movement,351,778,1709595245029
8941269,8941269,movement,355,780,1709595245044
8941269,8941269,movement,361,782,1709595245058
8941269,8941269,movement,363,782,1709595245074
8941269,8941269,movement,366,783,1709595245090
8941269,8941269,movement,369,783,1709595245108
8941269,8941269,movement,370,783,1709595245127
8941269,8941269,movement,371,783,1709595245142
8941269,8941269,movement,372,783,1709595245157
8941269,8941269,movement,373,783,1709595245174
8941269,8941269,movement,374,783,1709595245209
8941269,8941269,movement,374,783,1709595245256
8941269,8941269,movement,170,254,1709595250738
8941269,8941269,movement,168,261,1709595252130
8941269,8941269,movement,163,270,1709595252148
8941269,8941269,movement,160,275,1709595252155
8941269,8941269,movement,155,279,1709595252167
8941269,8941269,movement,151,284,1709595252184
8941269,8941269,movement,148,286,1709595252204
8941269,8941269,movement,143,290,1709595252222
8941269,8941269,movement,139,292,1709595252236
8941269,8941269,movement,137,294,1709595252256
8941269,8941269,movement,134,296,1709595252267
8941269,8941269,movement,129,298,1709595252284
8941269,8941269,movement,126,300,1709595252302
8941269,8941269,movement,122,302,1709595252318
8941269,8941269,movement,118,304,1709595252337
8941269,8941269,movement,115,306,1709595252351
8941269,8941269,movement,114,307,1709595252369
8941269,8941269,movement,112,308,1709595252385
8941269,8941269,movement,110,310,1709595252400
8941269,8941269,movement,110,312,1709595252418
8941269,8941269,movement,107,314,1709595252436
8941269,8941269,movement,106,315,1709595252451
8941269,8941269,movement,104,318,1709595252471
8941269,8941269,movement,102,319,1709595252486
8941269,8941269,movement,102,320,1709595252500
8941269,8941269,movement,100,322,1709595252517
8941269,8941269,movement,100,323,1709595252535
8941269,8941269,movement,99,323,1709595252551
8941269,8941269,movement,98,325,1709595252570
8941269,8941269,mousedown,98,325,1709595252933
8941269,8941269,mouseup,98,325,1709595253158
8941269,8941269,movement,126,311,1709595255420
8941269,8941269,movement,222,258,1709595255463
8941269,8941269,movement,272,228,1709595255494
8941269,8941269,movement,418,145,1709595255516
8941269,8941269,movement,504,90,1709595255585
8941269,8941269,movement,142,107,1709595214960
8941269,8941269,movement,153,111,1709595214968
8941269,8941269,movement,182,125,1709595214987
8941269,8941269,movement,213,142,1709595215003
8941269,8941269,movement,249,158,1709595215021
8941269,8941269,movement,280,175,1709595215047
8941269,8941269,movement,329,203,1709595215081
8941269,8941269,movement,381,233,1709595215101
8941269,8941269,movement,407,248,1709595215117
8941269,8941269,movement,416,252,1709595215132
8941269,8941269,movement,438,262,1709595215147
8941269,8941269,movement,446,264,1709595215152
8941269,8941269,movement,454,267,1709595215168
8941269,8941269,mousedown,537,338,1709595216511
8941269,8941269,mouseup,537,338,1709595216702
8941269,8941269,movement,782,285,1709595217553
8941269,8941269,movement,986,264,1709595217635
8941269,8941269,movement,990,262,1709595217732
8941269,8941269,movement,1044,262,1709595217977
8941269,8941269,movement,1273,282,1709595218053
8941269,8941269,movement,1365,302,1709595218147
8941269,8941269,movement,1389,305,1709595218242
8941269,8941269,movement,1410,308,1709595218329
8941269,8941269,movement,1438,294,1709595218427
8941269,8941269,movement,1453,284,1709595218504
8941269,8941269,movement,1454,282,1709595218612
8941269,8941269,mousedown,1454,282,1709595218992
8941269,8941269,mouseup,1454,282,1709595219209
8941269,8941269,movement,1255,346,1709595220077
8941269,8941269,movement,734,555,1709595220155
8941269,8941269,movement,531,654,1709595220244
8941269,8941269,movement,479,634,1709595220554
8941269,8941269,movement,408,602,1709595220647
8941269,8941269,movement,386,587,1709595220729
8941269,8941269,movement,382,580,1709595220831
8941269,8941269,movement,382,578,1709595220911
8941269,8941269,movement,383,578,1709595220988
8941269,8941269,movement,386,577,1709595221070
8941269,8941269,movement,394,575,1709595221172
8941269,8941269,movement,397,575,1709595221340
8941269,8941269,movement,392,578,1709595221482
8941269,8941269,movement,354,586,1709595221574
8941269,8941269,movement,350,586,1709595221658
8941269,8941269,mousedown,350,586,1709595222030
8941269,8941269,mouseup,350,586,1709595222245
8941269,8941269,movement,366,629,1709595222581
8941269,8941269,movement,377,658,1709595222673
8941269,8941269,movement,387,690,1709595222761
8941269,8941269,movement,389,702,1709595222847
8941269,8941269,movement,388,692,1709595223253
8941269,8941269,movement,386,683,1709595223344
8941269,8941269,movement,387,680,1709595223418
8941269,8941269,mousedown,387,680,1709595223631
8941269,8941269,mouseup,387,680,1709595223899
8941269,8941269,movement,389,678,1709595224178
8941269,8941269,movement,406,636,1709595224265
8941269,8941269,movement,415,605,1709595224341
8941269,8941269,movement,418,585,1709595224429
8941269,8941269,movement,419,580,1709595224498
8941269,8941269,movement,643,588,1709595226162
8941269,8941269,movement,1357,673,1709595226243
8941269,8941269,movement,1429,644,1709595226332
8941269,8941269,movement,1429,638,1709595226584
8941269,8941269,movement,1424,613,1709595226658
8941269,8941269,movement,1417,594,1709595226748
8941269,8941269,movement,1413,586,1709595226822
8941269,8941269,movement,1410,579,1709595226918
8941269,8941269,movement,1408,578,1709595226994
8941269,8941269,mouseup,1408,578,1709595227481
8941269,8941269,movement,1292,384,1709595227915
8941269,8941269,movement,1214,255,1709595227953
8941269,8941269,movement,1114,86,1709595227993
8941269,8941269,movement,734,178,1709595233854
8941269,8941269,movement,652,274,1709595233866
8941269,8941269,movement,435,538,1709595233947
8941269,8941269,movement,406,599,1709595234034
8941269,8941269,movement,394,646,1709595234110
8941269,8941269,movement,490,88,1709595256749
8941269,8941269,movement,478,91,1709595256762
8941269,8941269,movement,238,162,1709595256944
8941269,8941269,mousedown,125,342,1709595257732
8941269,8941269,mouseup,125,342,1709595257949
8941269,8941269,movement,134,336,1709595258701
8941269,8941269,movement,158,322,1709595258719
8941269,8941269,movement,175,313,1709595258735
8941269,8941269,movement,190,302,1709595258749
8941269,8941269,movement,203,294,1709595258765
8941269,8941269,movement,215,285,1709595258783
8941269,8941269,movement,235,267,1709595258799
8941269,8941269,movement,246,252,1709595258815
8941269,8941269,movement,254,240,1709595258831
8941269,8941269,movement,259,230,1709595258849
8941269,8941269,movement,265,218,1709595258862
8941269,8941269,movement,267,212,1709595258880
8941269,8941269,movement,269,206,1709595258897
8941269,8941269,movement,270,198,1709595258912
8941269,8941269,movement,271,194,1709595258929
8941269,8941269,movement,272,189,1709595258960
8941269,8941269,movement,274,184,1709595258964
8941269,8941269,movement,275,182,1709595258977
8941269,8941269,movement,275,180,1709595258998
8941269,8941269,movement,277,178,1709595259013
8941269,8941269,movement,278,176,1709595259033
8941269,8941269,movement,279,176,1709595259049
8941269,8941269,movement,279,175,1709595259081
8941269,8941269,movement,281,174,1709595259099
8941269,8941269,movement,282,174,1709595259132
8941269,8941269,movement,282,174,1709595259149
8941269,8941269,movement,283,174,1709595259162
8941269,8941269,movement,284,174,1709595259212
8941269,8941269,movement,230,165,1709595256946
8941269,8941269,movement,218,173,1709595256962
8941269,8941269,movement,209,179,1709595256980
8941269,8941269,movement,200,186,1709595256996
8941269,8941269,movement,188,198,1709595257012
8941269,8941269,movement,181,206,1709595257030
8941269,8941269,movement,174,217,1709595257048
8941269,8941269,movement,158,243,1709595257083
8941269,8941269,movement,157,247,1709595257086
8941269,8941269,movement,153,255,1709595257098
8941269,8941269,movement,150,262,1709595257114
8941269,8941269,movement,146,273,1709595257154
8941269,8941269,movement,144,278,1709595257162
8941269,8941269,movement,143,282,1709595257178
8941269,8941269,movement,142,285,1709595257195
8941269,8941269,movement,141,290,1709595257213
8941269,8941269,movement,141,293,1709595257233
8941269,8941269,movement,140,298,1709595257247
8941269,8941269,movement,138,303,1709595257266
8941269,8941269,movement,137,310,1709595257279
8941269,8941269,movement,136,314,1709595257297
8941269,8941269,movement,134,321,1709595257315
8941269,8941269,movement,133,324,1709595257329
8941269,8941269,movement,132,327,1709595257351
8941269,8941269,movement,130,333,1709595257364
8941269,8941269,movement,128,335,1709595257379
8941269,8941269,movement,127,338,1709595257396
8941269,8941269,movement,126,339,1709595257413
8941269,8941269,movement,126,340,1709595257429
8941269,8941269,movement,125,342,1709595257446
8941269,8941269,movement,125,342,1709595257481
8941269,8941269,mouseup,534,566,1709595120730
8941269,8941269,movement,628,499,1709595121058
8941269,8941269,movement,819,364,1709595121109
8941269,8941269,movement,1004,203,1709595121179
8941269,8941269,singleclick,1004,203,1709595120744
8941269,8941269,mousedown,60,353,1709595261360
8941269,8941269,mouseup,60,353,1709595261587
8941269,8941269,mousedown,60,353,1709595262311
8941269,8941269,mouseup,60,353,1709595262537
8941269,8941269,singleclick,284,174,1709595259720
8941269,8941269,movement,280,176,1709595260509
8941269,8941269,movement,264,187,1709595260526
8941269,8941269,movement,244,202,1709595260563
8941269,8941269,movement,190,242,1709595260570
8941269,8941269,movement,176,253,1709595260575
8941269,8941269,movement,152,272,1709595260597
8941269,8941269,movement,125,292,1709595260611
8941269,8941269,movement,110,303,1709595260631
8941269,8941269,movement,99,311,1709595260644
8941269,8941269,movement,86,322,1709595260663
8941269,8941269,movement,80,326,1709595260677
8941269,8941269,movement,77,330,1709595260695
8941269,8941269,movement,73,333,1709595260713
8941269,8941269,movement,70,335,1709595260726
8941269,8941269,movement,67,337,1709595260743
8941269,8941269,movement,66,338,1709595260760
8941269,8941269,movement,66,339,1709595260776
8941269,8941269,movement,65,340,1709595260793
8941269,8941269,movement,64,341,1709595260810
8941269,8941269,movement,63,342,1709595260828
8941269,8941269,movement,63,343,1709595260842
8941269,8941269,movement,62,345,1709595260860
8941269,8941269,movement,62,348,1709595260875
8941269,8941269,movement,60,350,1709595260892
8941269,8941269,movement,60,351,1709595260911
8941269,8941269,movement,60,353,1709595260927
8941269,8941269,movement,854,85,1709595263977
8941269,8941269,movement,907,95,1709595263992
8941269,8941269,movement,974,102,1709595264006
8941269,8941269,movement,1008,104,1709595264022
8941269,8941269,movement,1032,103,1709595264041
8941269,8941269,movement,1040,102,1709595264056
8941269,8941269,movement,172,106,1709595301345
8941269,8941269,movement,199,90,1709595301392
8941269,8941269,singleclick,199,90,1709595280999
8941269,8941269,singleclick,199,90,1709595283272
8941269,8941269,singleclick,199,90,1709595292605
8941269,8941269,movement,785,90,1709595302375
8941269,8941269,movement,785,121,1709595302395
8941269,8941269,movement,782,165,1709595302409
8941269,8941269,movement,776,191,1709595302424
8941269,8941269,movement,770,214,1709595302445
8941269,8941269,movement,757,242,1709595302457
8941269,8941269,movement,745,268,1709595302476
8941269,8941269,movement,735,285,1709595302501
8941269,8941269,movement,723,303,1709595302506
8941269,8941269,movement,710,315,1709595302524
8941269,8941269,movement,456,580,1709595303606
8941269,8941269,movement,1019,599,1709595308336
8941269,8941269,movement,1084,591,1709595308358
8941269,8941269,movement,1170,574,1709595308367
8941269,8941269,movement,1218,563,1709595308385
8941269,8941269,movement,1249,559,1709595308404
8941269,8941269,movement,1274,557,1709595308419
8941269,8941269,movement,1299,558,1709595308434
8941269,8941269,movement,1318,562,1709595308457
8941269,8941269,movement,1325,562,1709595308466
8941269,8941269,movement,1330,563,1709595308489
8941269,8941269,movement,1335,563,1709595308502
8941269,8941269,movement,1341,564,1709595308517
8941269,8941269,movement,1346,564,1709595308533
8941269,8941269,movement,1350,563,1709595308553
8941269,8941269,movement,1358,563,1709595308566
8941269,8941269,movement,1364,563,1709595308581
8941269,8941269,movement,1371,563,1709595308606
8941269,8941269,movement,1374,564,1709595308615
8941269,8941269,movement,1376,566,1709595308633
8941269,8941269,movement,1377,566,1709595308651
8941269,8941269,movement,1378,569,1709595308666
8941269,8941269,movement,1379,571,1709595308682
8941269,8941269,movement,1379,572,1709595308701
8941269,8941269,movement,1380,576,1709595308716
8941269,8941269,movement,1382,579,1709595308736
8941269,8941269,movement,1383,583,1709595308750
8941269,8941269,movement,1385,586,1709595308767
8941269,8941269,movement,1388,592,1709595308782
8941269,8941269,movement,1390,594,1709595308801
8941269,8941269,movement,1392,597,1709595308819
8941269,8941269,movement,1394,599,1709595308836
8941269,8941269,movement,1397,602,1709595308849
8941269,8941269,movement,1398,604,1709595308866
8941269,8941269,movement,1399,606,1709595308882
8941269,8941269,movement,1400,606,1709595308933
8941269,8941269,movement,1401,606,1709595309034
8941269,8941269,movement,1401,607,1709595309067
8941269,8941269,movement,1402,607,1709595309100
8941269,8941269,movement,1402,607,1709595309118
8941269,8941269,movement,1403,607,1709595309134
8941269,8941269,movement,1404,608,1709595309155
8941269,8941269,movement,1405,608,1709595309166
8941269,8941269,movement,1406,608,1709595309202
8941269,8941269,movement,1407,608,1709595309217
8941269,8941269,movement,1409,608,1709595309251
8941269,8941269,movement,1410,608,1709595309266
8941269,8941269,movement,1411,608,1709595309302
8941269,8941269,movement,1412,608,1709595309333
8941269,8941269,movement,1413,608,1709595309350
8941269,8941269,movement,66,346,1709595263344
8941269,8941269,movement,98,322,1709595263361
8941269,8941269,movement,159,275,1709595263382
8941269,8941269,movement,209,241,1709595263398
8941269,8941269,movement,235,224,1709595263415
8941269,8941269,movement,265,205,1709595263454
8941269,8941269,movement,294,187,1709595263485
8941269,8941269,movement,444,101,1709595263507
8941269,8941269,movement,662,450,1709595320291
8941269,8941269,movement,650,467,1709595320315
8941269,8941269,movement,642,479,1709595320324
8941269,8941269,movement,634,491,1709595320339
8941269,8941269,movement,626,502,1709595320354
8941269,8941269,movement,619,511,1709595320373
8941269,8941269,movement,610,526,1709595320390
8941269,8941269,movement,606,532,1709595320404
8941269,8941269,movement,603,538,1709595320423
8941269,8941269,movement,598,546,1709595320438
8941269,8941269,movement,594,551,1709595320453
8941269,8941269,movement,590,557,1709595320483
8941269,8941269,movement,586,564,1709595320489
8941269,8941269,movement,578,577,1709595320503
8941269,8941269,movement,571,590,1709595320520
8941269,8941269,movement,562,610,1709595320545
8941269,8941269,movement,528,654,1709595320562
8941269,8941269,movement,502,682,1709595320576
8941269,8941269,movement,473,705,1709595320588
8941269,8941269,movement,438,728,1709595320605
8941269,8941269,movement,418,739,1709595320621
8941269,8941269,movement,400,750,1709595320641
8941269,8941269,movement,384,759,1709595320655
8941269,8941269,movement,367,771,1709595320672
8941269,8941269,movement,360,776,1709595320686
8941269,8941269,movement,354,782,1709595320709
8941269,8941269,movement,351,787,1709595320721
8941269,8941269,movement,350,789,1709595320739
8941269,8941269,movement,349,790,1709595320755
8941269,8941269,movement,347,793,1709595320770
8941269,8941269,movement,348,793,1709595320954
8941269,8941269,movement,350,792,1709595320971
8941269,8941269,movement,354,790,1709595320986
8941269,8941269,movement,357,790,1709595321003
8941269,8941269,movement,359,790,1709595321020
8941269,8941269,movement,360,790,1709595321037
8941269,8941269,movement,361,790,1709595321052
8941269,8941269,movement,362,789,1709595321120
8941269,8941269,movement,1398,149,1709595314293
8941269,8941269,movement,1412,149,1709595314310
8941269,8941269,movement,1438,146,1709595314332
8941269,8941269,movement,1454,140,1709595314347
8941269,8941269,movement,1474,131,1709595314362
8941269,8941269,movement,1482,127,1709595314382
8941269,8941269,movement,1486,125,1709595314392
8941269,8941269,mousedown,362,789,1709595321339
8941269,8941269,mouseup,362,789,1709595321545
8941269,8941269,singleclick,362,789,1709595321732
8941269,8941269,movement,362,782,1709595322275
8941269,8941269,movement,357,761,1709595322292
8941269,8941269,movement,354,744,1709595322308
8941269,8941269,movement,352,725,1709595322319
8941269,8941269,movement,349,707,1709595322335
8941269,8941269,movement,345,682,1709595322356
8941269,8941269,movement,342,665,1709595322371
8941269,8941269,movement,338,647,1709595322388
8941269,8941269,movement,332,628,1709595322405
8941269,8941269,movement,324,602,1709595322419
8941269,8941269,movement,318,587,1709595322449
8941269,8941269,movement,309,570,1709595322454
8941269,8941269,movement,303,562,1709595322469
8941269,8941269,movement,298,554,1709595322486
8941269,8941269,movement,292,545,1709595322504
8941269,8941269,movement,283,529,1709595322521
8941269,8941269,movement,276,506,1709595322535
8941269,8941269,movement,270,470,1709595322553
8941269,8941269,movement,266,464,1709595323017
8941269,8941269,movement,258,448,1709595323036
8941269,8941269,movement,245,423,1709595323054
8941269,8941269,movement,234,408,1709595323072
8941269,8941269,movement,214,384,1709595323090
8941269,8941269,movement,203,370,1709595323104
8941269,8941269,movement,192,357,1709595323120
8941269,8941269,movement,174,340,1709595323144
8941269,8941269,movement,170,335,1709595323150
8941269,8941269,movement,165,330,1709595323169
8941269,8941269,movement,160,324,1709595323186
8941269,8941269,movement,154,320,1709595323202
8941269,8941269,movement,150,316,1709595323219
8941269,8941269,movement,146,311,1709595323235
8941269,8941269,movement,142,308,1709595323251
8941269,8941269,movement,136,302,1709595323268
8941269,8941269,movement,133,298,1709595323287
8941269,8941269,movement,130,294,1709595323301
8941269,8941269,movement,126,288,1709595323321
8941269,8941269,movement,124,282,1709595323340
8941269,8941269,movement,120,275,1709595323351
8941269,8941269,movement,118,270,1709595323367
8941269,8941269,movement,116,263,1709595323387
8941269,8941269,movement,115,258,1709595323404
8941269,8941269,movement,112,249,1709595323422
8941269,8941269,movement,110,242,1709595323436
8941269,8941269,movement,110,238,1709595323452
8941269,8941269,movement,107,230,1709595323470
8941269,8941269,movement,106,225,1709595323487
8941269,8941269,movement,106,220,1709595323501
8941269,8941269,movement,105,216,1709595323517
8941269,8941269,movement,105,213,1709595323535
8941269,8941269,movement,104,210,1709595323553
8941269,8941269,movement,104,205,1709595323568
8941269,8941269,movement,104,201,1709595323585
8941269,8941269,movement,104,193,1709595323602
8941269,8941269,movement,104,187,1709595323618
8941269,8941269,movement,104,178,1709595323635
8941269,8941269,movement,105,173,1709595323651
8941269,8941269,movement,105,166,1709595323668
8941269,8941269,movement,106,161,1709595323686
8941269,8941269,movement,106,155,1709595323702
8941269,8941269,movement,106,150,1709595323717
8941269,8941269,movement,106,148,1709595323739
8941269,8941269,movement,107,145,1709595323752
8941269,8941269,movement,107,144,1709595323769
8941269,8941269,movement,108,142,1709595323785
8941269,8941269,movement,108,140,1709595323804
8941269,8941269,movement,108,138,1709595323818
8941269,8941269,movement,109,137,1709595323835
8941269,8941269,movement,110,134,1709595323852
8941269,8941269,movement,110,131,1709595323867
8941269,8941269,movement,111,130,1709595323884
8941269,8941269,movement,111,128,1709595323901
8941269,8941269,movement,111,126,1709595323918
8941269,8941269,movement,112,126,1709595323934
8941269,8941269,movement,113,125,1709595323951
8941269,8941269,movement,113,124,1709595323986
8941269,8941269,movement,113,123,1709595324001
8941269,8941269,mousedown,113,123,1709595329611
8941269,8941269,mouseup,113,123,1709595329835
8941269,8941269,movement,116,122,1709595330305
8941269,8941269,movement,122,118,1709595330312
8941269,8941269,movement,136,114,1709595330329
8941269,8941269,movement,154,106,1709595330345
8941269,8941269,movement,174,98,1709595330364
8941269,8941269,movement,206,89,1709595330380
8941269,8941269,movement,217,86,1709595330391
8941269,8941269,movement,348,86,1709595330844
8941269,8941269,movement,341,93,1709595330847
8941269,8941269,movement,321,108,1709595330868
8941269,8941269,movement,299,126,1709595330882
8941269,8941269,movement,270,152,1709595330897
8941269,8941269,movement,253,166,1709595330915
8941269,8941269,movement,238,178,1709595330927
8941269,8941269,movement,219,194,1709595330945
8941269,8941269,movement,209,202,1709595330960
8941269,8941269,movement,199,210,1709595330977
8941269,8941269,movement,190,218,1709595330998
8941269,8941269,movement,178,228,1709595331010
8941269,8941269,movement,173,234,1709595331032
8941269,8941269,movement,169,238,1709595331047
8941269,8941269,movement,165,242,1709595331060
8941269,8941269,movement,160,247,1709595331077
8941269,8941269,movement,156,250,1709595331095
8941269,8941269,movement,152,255,1709595331112
8941269,8941269,movement,148,262,1709595331128
8941269,8941269,movement,145,265,1709595331146
8941269,8941269,movement,142,270,1709595331161
8941269,8941269,movement,139,274,1709595331177
8941269,8941269,movement,137,275,1709595331194
8941269,8941269,movement,136,278,1709595331210
8941269,8941269,movement,134,279,1709595331227
8941269,8941269,movement,134,280,1709595331244
8941269,8941269,mousedown,106,348,1709595333446
8941269,8941269,mouseup,106,348,1709595333652
8941269,8941269,movement,134,280,1709595331264
8941269,8941269,movement,133,280,1709595331354
8941269,8941269,movement,130,290,1709595331714
8941269,8941269,movement,129,294,1709595331729
8941269,8941269,movement,127,299,1709595331744
8941269,8941269,movement,126,303,1709595331760
8941269,8941269,movement,123,309,1709595331776
8941269,8941269,movement,123,312,1709595331793
8941269,8941269,movement,122,314,1709595331810
8941269,8941269,movement,121,315,1709595331827
8941269,8941269,movement,121,318,1709595331844
8941269,8941269,movement,120,319,1709595331861
8941269,8941269,movement,119,322,1709595331877
8941269,8941269,movement,118,323,1709595331893
8941269,8941269,movement,118,324,1709595331911
8941269,8941269,movement,118,326,1709595331929
8941269,8941269,movement,117,329,1709595331960
8941269,8941269,movement,106,348,1709595332222
8941269,8941269,movement,106,348,1709595332299
8941269,8941269,mousedown,106,348,1709595332496
8941269,8941269,mouseup,106,348,1709595332726
8941269,8941269,movement,197,299,1709595352683
8941269,8941269,movement,189,303,1709595352694
8941269,8941269,movement,182,307,1709595352707
8941269,8941269,movement,175,310,1709595352723
8941269,8941269,movement,167,315,1709595352740
8941269,8941269,movement,163,318,1709595352757
8941269,8941269,movement,158,321,1709595352777
8941269,8941269,movement,155,323,1709595352793
8941269,8941269,movement,152,326,1709595352810
8941269,8941269,movement,150,326,1709595352826
8941269,8941269,movement,149,328,1709595352846
8941269,8941269,movement,147,329,1709595352857
8941269,8941269,movement,146,330,1709595352873
8941269,8941269,movement,146,330,1709595352892
8941269,8941269,movement,146,330,1709595352908
8941269,8941269,movement,146,327,1709595352965
8941269,8941269,movement,146,323,1709595352976
8941269,8941269,movement,151,294,1709595352993
8941269,8941269,movement,153,285,1709595353012
8941269,8941269,movement,157,259,1709595353030
8941269,8941269,movement,158,238,1709595353043
8941269,8941269,movement,161,225,1709595353059
8941269,8941269,movement,162,214,1709595353072
8941269,8941269,movement,162,205,1709595353093
8941269,8941269,movement,162,186,1709595353108
8941269,8941269,movement,162,174,1709595353122
8941269,8941269,movement,161,160,1709595353141
8941269,8941269,movement,161,141,1709595353159
8941269,8941269,movement,161,127,1709595353176
8941269,8941269,movement,162,114,1709595353193
8941269,8941269,movement,167,100,1709595353207
8941269,8941269,movement,170,92,1709595353223
8941269,8941269,movement,174,88,1709595353241
8941269,8941269,movement,804,306,1709595365359
8941269,8941269,movement,723,85,1709595367917
8941269,8941269,movement,727,90,1709595367931
8941269,8941269,movement,733,98,1709595367947
8941269,8941269,movement,738,104,1709595367966
8941269,8941269,movement,746,113,1709595367981
8941269,8941269,movement,758,130,1709595368002
8941269,8941269,movement,769,146,1709595368013
8941269,8941269,movement,782,162,1709595368038
8941269,8941269,mouseup,1413,608,1709595309869
8941269,8941269,movement,1404,590,1709595310033
8941269,8941269,movement,1379,537,1709595310053
8941269,8941269,movement,1358,493,1709595310068
8941269,8941269,movement,1341,452,1709595310084
8941269,8941269,movement,1315,401,1709595310098
8941269,8941269,movement,1298,367,1709595310114
8941269,8941269,movement,1275,332,1709595310136
8941269,8941269,movement,1251,296,1709595310148
8941269,8941269,movement,1215,235,1709595310169
8941269,8941269,movement,1193,200,1709595310183
8941269,8941269,movement,1174,172,1709595310202
8941269,8941269,movement,1156,147,1709595310218
8941269,8941269,movement,1147,137,1709595310235
8941269,8941269,movement,1136,125,1709595310247
8941269,8941269,movement,1127,117,1709595310267
8941269,8941269,movement,1121,110,1709595310282
8941269,8941269,movement,1113,102,1709595310296
8941269,8941269,movement,1109,96,1709595310317
8941269,8941269,movement,1106,92,1709595310333
8941269,8941269,movement,1102,87,1709595310348
8941269,8941269,movement,1118,191,1709595372274
8941269,8941269,movement,1118,190,1709595372290
8941269,8941269,movement,1119,190,1709595372342
8941269,8941269,movement,1120,190,1709595372357
8941269,8941269,movement,1120,189,1709595372375
8941269,8941269,movement,1121,189,1709595372390
8941269,8941269,movement,1121,188,1709595372423
8941269,8941269,movement,1121,187,1709595372542
8941269,8941269,movement,1119,187,1709595372556
8941269,8941269,movement,1118,187,1709595372572
8941269,8941269,movement,1116,187,1709595372591
8941269,8941269,movement,1114,186,1709595372608
8941269,8941269,movement,1112,186,1709595372623
8941269,8941269,movement,1110,186,1709595372641
8941269,8941269,movement,1108,186,1709595372656
8941269,8941269,movement,1106,186,1709595372672
8941269,8941269,movement,1104,186,1709595372693
8941269,8941269,movement,1103,184,1709595372707
8941269,8941269,movement,1100,183,1709595372722
8941269,8941269,movement,1098,182,1709595372740
8941269,8941269,movement,1095,180,1709595372757
8941269,8941269,movement,1090,178,1709595372773
8941269,8941269,movement,1088,176,1709595372790
8941269,8941269,movement,1082,173,1709595372805
8941269,8941269,movement,1080,170,1709595372824
8941269,8941269,movement,1076,166,1709595372838
8941269,8941269,movement,1074,164,1709595372856
8941269,8941269,movement,1068,158,1709595372873
8941269,8941269,movement,1064,155,1709595372889
8941269,8941269,movement,1060,150,1709595372908
8941269,8941269,movement,1057,146,1709595372925
8941269,8941269,movement,1052,140,1709595372941
8941269,8941269,movement,1050,134,1709595372958
8941269,8941269,movement,1045,124,1709595372972
8941269,8941269,movement,1042,114,1709595372991
8941269,8941269,movement,1040,106,1709595373008
8941269,8941269,movement,1038,93,1709595373023
8941269,8941269,movement,1037,87,1709595373035
8941269,8941269,movement,1067,142,1709595369213
8941269,8941269,movement,1072,135,1709595369215
8941269,8941269,movement,1076,129,1709595369225
8941269,8941269,movement,1081,118,1709595369242
8941269,8941269,movement,1081,117,1709595369259
8941269,8941269,movement,1079,115,1709595369279
8941269,8941269,movement,1072,114,1709595369295
8941269,8941269,movement,1064,114,1709595369309
8941269,8941269,movement,1049,117,1709595369331
8941269,8941269,movement,1016,129,1709595369343
8941269,8941269,movement,992,142,1709595369361
8941269,8941269,movement,966,164,1709595369378
8941269,8941269,movement,936,191,1709595369392
8941269,8941269,movement,900,230,1709595369432
8941269,8941269,movement,881,258,1709595369444
8941269,8941269,movement,879,264,1709595369463
8941269,8941269,movement,880,265,1709595369474
8941269,8941269,movement,888,266,1709595369492
8941269,8941269,movement,954,258,1709595369513
8941269,8941269,movement,1024,236,1709595369535
8941269,8941269,movement,1113,194,1709595369567
8941269,8941269,movement,1191,140,1709595369579
8941269,8941269,movement,1198,134,1709595369592
8941269,8941269,movement,1205,121,1709595369608
8941269,8941269,movement,1206,118,1709595369625
8941269,8941269,movement,1206,114,1709595369645
8941269,8941269,movement,1203,113,1709595369658
8941269,8941269,movement,1186,110,1709595369676
8941269,8941269,movement,1146,105,1709595369694
8941269,8941269,movement,1098,103,1709595369708
8941269,8941269,movement,1046,111,1709595369725
8941269,8941269,movement,1008,130,1709595369744
8941269,8941269,movement,965,158,1709595369760
8941269,8941269,movement,934,187,1709595369771
8941269,8941269,movement,921,200,1709595369802
8941269,8941269,movement,892,242,1709595369817
8941269,8941269,movement,890,251,1709595369833
8941269,8941269,movement,892,261,1709595369848
8941269,8941269,movement,902,268,1709595369858
8941269,8941269,movement,922,272,1709595369875
8941269,8941269,movement,958,271,1709595369892
8941269,8941269,movement,1034,246,1709595369915
8941269,8941269,movement,1098,201,1709595369933
8941269,8941269,movement,1127,172,1709595369963
8941269,8941269,movement,804,234,1709595365386
8941269,8941269,movement,804,172,1709595365420
8941269,8941269,movement,806,103,1709595365430
8941269,8941269,movement,462,87,1709595265579
8941269,8941269,movement,447,125,1709595265597
8941269,8941269,movement,431,160,1709595265607
8941269,8941269,movement,418,194,1709595265621
8941269,8941269,movement,406,224,1709595265661
8941269,8941269,movement,386,278,1709595265678
8941269,8941269,movement,382,297,1709595265698
8941269,8941269,movement,379,306,1709595265716
8941269,8941269,movement,379,307,1709595265723
8941269,8941269,movement,378,310,1709595265739
8941269,8941269,movement,378,310,1709595265755
8941269,8941269,movement,377,311,1709595265771
8941269,8941269,movement,377,312,1709595265789
8941269,8941269,movement,113,343,1709595335746
8941269,8941269,movement,126,334,1709595335751
8941269,8941269,movement,143,322,1709595335760
8941269,8941269,movement,182,296,1709595335773
8941269,8941269,movement,222,269,1709595335794
8941269,8941269,movement,244,253,1709595335802
8941269,8941269,movement,269,237,1709595335835
8941269,8941269,movement,418,138,1709595335870
8941269,8941269,movement,502,85,1709595335885
8941269,8941269,mousedown,284,174,1709595259479
8941269,8941269,mouseup,284,174,1709595259705
8941269,8941269,movement,779,165,1709595368528
8941269,8941269,movement,775,170,1709595368543
8941269,8941269,movement,770,177,1709595368561
8941269,8941269,movement,766,184,1709595368577
8941269,8941269,movement,762,190,1709595368592
8941269,8941269,movement,761,195,1709595368600
8941269,8941269,movement,758,204,1709595368635
8941269,8941269,movement,760,236,1709595368654
8941269,8941269,movement,766,245,1709595368670
8941269,8941269,movement,770,251,1709595368683
8941269,8941269,movement,782,262,1709595368697
8941269,8941269,movement,794,268,1709595368708
8941269,8941269,movement,810,270,1709595368727
8941269,8941269,movement,830,270,1709595368743
8941269,8941269,movement,862,262,1709595368770
8941269,8941269,movement,879,250,1709595368782
8941269,8941269,movement,893,238,1709595368801
8941269,8941269,movement,910,210,1709595368817
8941269,8941269,movement,914,203,1709595368832
8941269,8941269,movement,917,187,1709595368859
8941269,8941269,movement,916,175,1709595368870
8941269,8941269,movement,911,170,1709595368892
8941269,8941269,movement,907,169,1709595368912
8941269,8941269,movement,901,169,1709595368927
8941269,8941269,movement,891,171,1709595368942
8941269,8941269,movement,871,179,1709595368959
8941269,8941269,movement,855,187,1709595368978
8941269,8941269,movement,848,193,1709595368986
8941269,8941269,movement,833,204,1709595369019
8941269,8941269,movement,805,238,1709595369034
8941269,8941269,movement,799,248,1709595369047
8941269,8941269,movement,798,254,1709595369063
8941269,8941269,movement,798,258,1709595369077
8941269,8941269,movement,799,259,1709595369091
8941269,8941269,movement,806,259,1709595369109
8941269,8941269,movement,834,261,1709595369132
8941269,8941269,movement,886,252,1709595369151
8941269,8941269,movement,967,222,1709595369165
8941269,8941269,movement,1026,182,1709595369195
Tab ID,ClientID,Type,Mouse X,Mouse Y,TimeStamp
8941269,8941269,movement,1376,97,1709661798174
8941269,8941269,movement,1329,88,1709661798204
8941269,8941269,movement,835,99,1709661801474
8941269,8941269,movement,830,114,1709661801481
8941269,8941269,movement,816,151,1709661801502
8941269,8941269,movement,806,184,1709661801506
8941269,8941269,movement,796,219,1709661801525
8941269,8941269,movement,784,266,1709661801577
8941269,8941269,movement,768,308,1709661801620
8941269,8941269,mousedown,768,308,1709661802092
8941269,8941269,mouseup,768,308,1709661802283
8941269,8941269,mousedown,768,308,1709661802309
8941269,8941269,mouseup,768,308,1709661802569
8941269,8941269,doubleclick,768,308,1709661802571
8941269,8941269,movement,658,265,1709661803064
8941269,8941269,movement,395,90,1709661803133
8941269,8941269,movement,266,88,1709661803468
8941269,8941269,movement,268,91,1709661803471
8941269,8941269,movement,274,98,1709661803488
8941269,8941269,movement,280,107,1709661803505
8941269,8941269,movement,284,114,1709661803521
8941269,8941269,movement,287,118,1709661803538
8941269,8941269,movement,289,122,1709661803554
8941269,8941269,movement,290,122,1709661803570
8941269,8941269,movement,290,123,1709661803587
8941269,8941269,movement,290,124,1709661803604
8941269,8941269,movement,291,125,1709661803620
8941269,8941269,movement,291,127,1709661803648
8941269,8941269,movement,291,130,1709661803666
8941269,8941269,movement,290,133,1709661803685
8941269,8941269,movement,289,135,1709661803708
8941269,8941269,movement,288,138,1709661803731
8941269,8941269,movement,286,143,1709661803755
8941269,8941269,movement,285,145,1709661803770
8941269,8941269,movement,282,148,1709661803786
8941269,8941269,movement,282,151,1709661803805
8941269,8941269,movement,281,154,1709661803827
8941269,8941269,movement,280,158,1709661803838
8941269,8941269,movement,279,162,1709661803855
8941269,8941269,movement,278,166,1709661803871
8941269,8941269,movement,278,170,1709661803891
8941269,8941269,movement,278,170,1709661803907
8941269,8941269,movement,278,172,1709661803928
8941269,8941269,mousedown,278,172,1709661804200
8941269,8941269,mouseup,278,172,1709661804437
8941269,8941269,movement,455,182,1709661804729
8941269,8941269,movement,510,194,1709661804808
8941269,8941269,movement,538,202,1709661804833
8941269,8941269,singleclick,538,202,1709661804442
8941269,8941269,movement,547,205,1709661804852
8941269,8941269,movement,550,206,1709661804868
8941269,8941269,movement,554,207,1709661804887
8941269,8941269,movement,559,212,1709661804915
8941269,8941269,movement,563,222,1709661804953
8941269,8941269,movement,563,230,1709661804979
8941269,8941269,movement,563,242,1709661805036
8941269,8941269,movement,558,256,1709661805081
8941269,8941269,movement,551,266,1709661805182
8941269,8941269,movement,550,269,1709661805273
8941269,8941269,mousedown,550,269,1709661805562
8941269,8941269,mouseup,550,269,1709661805788
8941269,8941269,singleclick,550,269,1709661805802
8941269,8941269,movement,595,266,1709661806306
8941269,8941269,movement,643,262,1709661806317
8941269,8941269,movement,706,259,1709661806334
8941269,8941269,movement,766,259,1709661806356
8941269,8941269,movement,811,261,1709661806369
8941269,8941269,movement,823,262,1709661806384
8941269,8941269,movement,828,262,1709661806400
8941269,8941269,movement,802,260,1709661806655
8941269,8941269,movement,767,254,1709661806662
8941269,8941269,movement,730,246,1709661806671
8941269,8941269,movement,654,226,1709661806701
8941269,8941269,movement,617,216,1709661806712
8941269,8941269,movement,545,189,1709661806719
8941269,8941269,movement,451,147,1709661806729
8941269,8941269,movement,390,118,1709661806750
8941269,8941269,movement,378,112,1709661806756
8941269,8941269,movement,359,104,1709661806770
8941269,8941269,movement,349,99,1709661806784
8941269,8941269,movement,343,97,1709661806808
8941269,8941269,movement,342,96,1709661806826
8941269,8941269,movement,339,96,1709661806849
8941269,8941269,movement,331,98,1709661806885
8941269,8941269,movement,324,102,1709661806908
8941269,8941269,movement,318,109,1709661806929
8941269,8941269,movement,315,114,1709661806942
8941269,8941269,movement,314,117,1709661806949
8941269,8941269,movement,313,122,1709661806972
8941269,8941269,movement,312,126,1709661806989
8941269,8941269,movement,312,130,1709661807002
8941269,8941269,movement,312,135,1709661807017
8941269,8941269,movement,310,142,1709661807037
8941269,8941269,movement,309,147,1709661807051
8941269,8941269,movement,305,155,1709661807070
8941269,8941269,movement,302,160,1709661807088
8941269,8941269,movement,297,164,1709661807105
8941269,8941269,movement,294,166,1709661807118
8941269,8941269,movement,291,168,1709661807138
8941269,8941269,movement,287,170,1709661807153
8941269,8941269,movement,283,173,1709661807172
8941269,8941269,movement,281,174,1709661807188
8941269,8941269,movement,278,175,1709661807205
8941269,8941269,movement,278,176,1709661807220
8941269,8941269,movement,277,176,1709661807237
8941269,8941269,mousedown,277,176,1709661807523
8941269,8941269,mouseup,277,176,1709661807734
8941269,8941269,singleclick,277,176,1709661807736
8941269,8941269,movement,287,176,1709661808576
8941269,8941269,movement,304,176,1709661808586
8941269,8941269,movement,416,177,1709661808610
8941269,8941269,movement,577,194,1709661808640
8941269,8941269,movement,701,198,1709661808668
8941269,8941269,movement,850,187,1709661808691
8941269,8941269,movement,882,178,1709661808711
8941269,8941269,movement,882,173,1709661808733
8941269,8941269,movement,898,176,1709661808971
8941269,8941269,movement,919,182,1709661808985
8941269,8941269,movement,983,195,1709661809001
8941269,8941269,movement,1021,204,1709661809005
8941269,8941269,movement,1106,218,1709661809015
8941269,8941269,movement,1191,238,1709661809034
8941269,8941269,movement,1314,254,1709661809057
8941269,8941269,movement,1474,231,1709661809115
8941269,8941269,movement,1472,228,1709661809376
8941269,8941269,movement,1467,223,1709661809382
8941269,8941269,movement,1458,212,1709661809401
8941269,8941269,movement,1448,200,1709661809417
8941269,8941269,movement,1438,189,1709661809434
8941269,8941269,movement,1425,175,1709661809457
8941269,8941269,movement,1423,174,1709661809467
8941269,8941269,movement,1419,170,1709661809487
8941269,8941269,movement,1418,169,1709661809502
8941269,8941269,movement,1418,168,1709661809522
8941269,8941269,movement,1417,167,1709661809534
8941269,8941269,movement,1416,166,1709661809555
8941269,8941269,movement,1416,166,1709661809727
8941269,8941269,mousedown,1416,166,1709661809972
8941269,8941269,mouseup,1416,166,1709661810217
8941269,8941269,singleclick,1416,166,1709661810218
8941269,8941269,movement,1402,169,1709661812949
8941269,8941269,movement,1322,191,1709661812968
8941269,8941269,movement,1240,218,1709661812987
8941269,8941269,movement,1182,237,1709661813004
8941269,8941269,movement,1152,247,1709661813015
8941269,8941269,movement,1065,274,1709661813042
8941269,8941269,movement,957,301,1709661813075
8941269,8941269,movement,905,316,1709661813108
8941269,8941269,movement,899,317,1709661813115
8941269,8941269,movement,894,317,1709661813421
8941269,8941269,movement,888,314,1709661813433
8941269,8941269,movement,875,309,1709661813449
8941269,8941269,movement,861,298,1709661813468
8941269,8941269,movement,852,290,1709661813483
8941269,8941269,movement,842,280,1709661813521
8941269,8941269,movement,841,278,1709661813541
8941269,8941269,movement,839,275,1709661813560
8941269,8941269,movement,839,274,1709661813578
8941269,8941269,movement,838,272,1709661813595
8941269,8941269,movement,838,270,1709661813612
8941269,8941269,movement,838,270,1709661813629
8941269,8941269,movement,838,269,1709661813656
8941269,8941269,mousedown,838,269,1709661814236
8941269,8941269,mouseup,838,269,1709661814453
8941269,8941269,singleclick,838,269,1709661814465
8941269,8941269,movement,831,267,1709661817470
8941269,8941269,movement,820,262,1709661817475
8941269,8941269,movement,795,252,1709661817494
8941269,8941269,movement,760,238,1709661817509
8941269,8941269,movement,691,206,1709661817524
8941269,8941269,movement,640,186,1709661817551
8941269,8941269,movement,563,162,1709661817562
8941269,8941269,movement,522,151,1709661817580
8941269,8941269,movement,480,139,1709661817595
8941269,8941269,movement,456,133,1709661817613
8941269,8941269,movement,435,126,1709661817627
8941269,8941269,movement,416,118,1709661817642
8941269,8941269,movement,400,107,1709661817658
8941269,8941269,movement,396,103,1709661817676
8941269,8941269,movement,390,109,1709661817953
8941269,8941269,movement,385,116,1709661817958
8941269,8941269,movement,366,140,1709661817978
8941269,8941269,movement,356,153,1709661817996
8941269,8941269,movement,347,162,1709661818011
8941269,8941269,movement,340,171,1709661818033
8941269,8941269,movement,336,175,1709661818044
8941269,8941269,movement,332,180,1709661818063
8941269,8941269,movement,329,183,1709661818079
8941269,8941269,movement,326,186,1709661818095
8941269,8941269,movement,319,191,1709661818113
8941269,8941269,movement,315,194,1709661818133
8941269,8941269,movement,310,196,1709661818143
8941269,8941269,movement,304,198,1709661818164
8941269,8941269,movement,299,199,1709661818175
8941269,8941269,movement,296,200,1709661818191
8941269,8941269,movement,293,200,1709661818208
8941269,8941269,movement,288,199,1709661818227
8941269,8941269,movement,285,198,1709661818242
8941269,8941269,movement,284,198,1709661818259
8941269,8941269,movement,283,198,1709661818277
8941269,8941269,movement,282,196,1709661818278
8941269,8941269,movement,279,194,1709661818293
8941269,8941269,movement,278,192,1709661818313
8941269,8941269,movement,276,190,1709661818328
8941269,8941269,movement,275,188,1709661818344
8941269,8941269,movement,274,187,1709661818362
8941269,8941269,movement,274,186,1709661818378
8941269,8941269,movement,274,184,1709661818395
8941269,8941269,movement,273,184,1709661818412
8941269,8941269,movement,273,183,1709661818427
8941269,8941269,movement,273,182,1709661818543
8941269,8941269,mousedown,273,182,1709661819596
8941269,8941269,mouseup,273,182,1709661819828
8941269,8941269,singleclick,273,182,1709661819831
8941269,8941269,movement,282,188,1709661820512
8941269,8941269,movement,298,202,1709661820522
8941269,8941269,movement,337,242,1709661820542
8941269,8941269,movement,399,311,1709661820581
8941269,8941269,movement,488,448,1709661820614
8941269,8941269,movement,515,474,1709661820642
8941269,8941269,movement,521,474,1709661820662
8941269,8941269,mousedown,521,474,1709661821397
8941269,8941269,mouseup,521,474,1709661821611
8941269,8941269,singleclick,521,474,1709661821620
8941269,8941269,movement,516,468,1709661822425
8941269,8941269,movement,501,450,1709661822438
8941269,8941269,movement,486,430,1709661822453
8941269,8941269,movement,472,410,1709661822471
8941269,8941269,movement,438,363,1709661822502
8941269,8941269,movement,422,340,1709661822529
8941269,8941269,movement,417,334,1709661822536
8941269,8941269,movement,403,317,1709661822554
8941269,8941269,movement,395,307,1709661822577
8941269,8941269,movement,388,298,1709661822586
8941269,8941269,movement,379,288,1709661822608
8941269,8941269,movement,374,282,1709661822625
8941269,8941269,movement,366,275,1709661822636
8941269,8941269,movement,361,272,1709661822657
8941269,8941269,movement,356,268,1709661822668
8941269,8941269,movement,353,266,1709661822688
8941269,8941269,movement,348,260,1709661822703
8941269,8941269,movement,343,256,1709661822719
8941269,8941269,movement,339,251,1709661822738
8941269,8941269,movement,335,242,1709661822757
8941269,8941269,movement,332,238,1709661822770
8941269,8941269,movement,329,233,1709661822788
8941269,8941269,movement,324,225,1709661822804
8941269,8941269,movement,320,218,1709661822819
8941269,8941269,movement,316,210,1709661822838
8941269,8941269,movement,313,198,1709661822854
8941269,8941269,movement,310,191,1709661822871
8941269,8941269,movement,309,186,1709661822888
8941269,8941269,movement,307,178,1709661822911
8941269,8941269,movement,306,175,1709661822919
8941269,8941269,movement,306,172,1709661822937
8941269,8941269,movement,304,170,1709661822954
8941269,8941269,movement,303,169,1709661822970
8941269,8941269,movement,302,167,1709661822988
8941269,8941269,movement,302,166,1709661823006
8941269,8941269,movement,300,165,1709661823020
8941269,8941269,movement,299,164,1709661823038
8941269,8941269,movement,298,163,1709661823057
8941269,8941269,movement,296,163,1709661823072
8941269,8941269,movement,294,163,1709661823090
8941269,8941269,movement,293,163,1709661823104
8941269,8941269,movement,291,163,1709661823138
8941269,8941269,movement,290,163,1709661823175
8941269,8941269,movement,290,164,1709661823188
8941269,8941269,movement,289,164,1709661823204
8941269,8941269,movement,289,165,1709661823219
8941269,8941269,mousedown,289,165,1709661823520
8941269,8941269,mouseup,289,165,1709661823771
8941269,8941269,singleclick,289,165,1709661823777
8941269,8941269,movement,301,166,1709661824258
8941269,8941269,movement,354,179,1709661824272
8941269,8941269,movement,434,195,1709661824290
8941269,8941269,movement,587,230,1709661824306
8941269,8941269,movement,699,253,1709661824325
8941269,8941269,movement,854,274,1709661824343
8941269,8941269,movement,902,278,1709661824352
8941269,8941269,movement,996,282,1709661824368
8941269,8941269,movement,1017,282,1709661824385
8941269,8941269,movement,1028,280,1709661824701
8941269,8941269,movement,1043,277,1709661824705
8941269,8941269,movement,1082,270,1709661824721
8941269,8941269,movement,1178,257,1709661824757
8941269,8941269,movement,1334,244,1709661824809
8941269,8941269,movement,1351,232,1709661825109
8941269,8941269,movement,1359,226,1709661825141
8941269,8941269,movement,1360,226,1709661825163
8941269,8941269,movement,1361,225,1709661825170
8941269,8941269,movement,1361,224,1709661825184
8941269,8941269,movement,1361,221,1709661825201
8941269,8941269,movement,1358,218,1709661825218
8941269,8941269,movement,1357,214,1709661825235
8941269,8941269,movement,1354,210,1709661825250
8941269,8941269,movement,1349,205,1709661825267
8941269,8941269,movement,1346,202,1709661825285
8941269,8941269,movement,1343,200,1709661825300
8941269,8941269,movement,1341,197,1709661825317
8941269,8941269,movement,1340,194,1709661825345
8941269,8941269,movement,1340,194,1709661825364
8941269,8941269,movement,1340,193,1709661825387
8941269,8941269,movement,1340,191,1709661825404
8941269,8941269,movement,1342,190,1709661825422
8941269,8941269,movement,1354,185,1709661825433
8941269,8941269,movement,1366,180,1709661825454
8941269,8941269,movement,1381,176,1709661825470
8941269,8941269,movement,1391,174,1709661825486
8941269,8941269,movement,1402,174,1709661825503
8941269,8941269,movement,1406,174,1709661825518
8941269,8941269,movement,1411,174,1709661825536
8941269,8941269,movement,1414,174,1709661825554
8941269,8941269,movement,1415,174,1709661825655
8941269,8941269,movement,1416,174,1709661825760
8941269,8941269,mousedown,1416,174,1709661826115
8941269,8941269,mouseup,1416,174,1709661826339
8941269,8941269,singleclick,1416,174,1709661826342
8941269,8941269,movement,1390,188,1709661827735
8941269,8941269,movement,1333,218,1709661827763
8941269,8941269,movement,1234,269,1709661827798
8941269,8941269,movement,1122,328,1709661827841
8941269,8941269,movement,1055,351,1709661827899
8941269,8941269,movement,1044,352,1709661827973
8941269,8941269,mousedown,1044,352,1709661828602
8941269,8941269,mouseup,1044,352,1709661828824
8941269,8941269,singleclick,1044,352,1709661828838
8941269,8941269,movement,1027,354,1709661829742
8941269,8941269,movement,1000,355,1709661829746
8941269,8941269,movement,937,357,1709661829768
8941269,8941269,movement,898,356,1709661829769
8941269,8941269,movement,810,352,1709661829789
8941269,8941269,movement,549,310,1709661829820
8941269,8941269,movement,308,243,1709661829860
8941269,8941269,movement,197,194,1709661829894
8941269,8941269,movement,183,185,1709661829895
8941269,8941269,movement,214,190,1709661830159
8941269,8941269,movement,274,190,1709661830199
8941269,8941269,movement,295,189,1709661830236
8941269,8941269,movement,296,189,1709661830297
8941269,8941269,movement,297,188,1709661830313
8941269,8941269,movement,298,187,1709661830329
8941269,8941269,movement,298,186,1709661830348
8941269,8941269,movement,298,184,1709661830365
8941269,8941269,movement,298,182,1709661830380
8941269,8941269,movement,298,178,1709661830396
8941269,8941269,movement,298,174,1709661830412
8941269,8941269,movement,297,173,1709661830429
8941269,8941269,movement,296,172,1709661830447
8941269,8941269,movement,295,170,1709661830463
8941269,8941269,movement,294,170,1709661830479
8941269,8941269,movement,294,169,1709661830497
8941269,8941269,movement,294,168,1709661830513
8941269,8941269,movement,294,164,1709661830563
8941269,8941269,mousedown,294,164,1709661830784
8941269,8941269,mouseup,294,164,1709661831017
8941269,8941269,singleclick,294,164,1709661831020
8941269,8941269,movement,363,195,1709661831507
8941269,8941269,movement,374,202,1709661831510
8941269,8941269,movement,450,247,1709661831541
8941269,8941269,movement,463,256,1709661831566
8941269,8941269,movement,474,262,1709661831577
8941269,8941269,movement,476,264,1709661831598
8941269,8941269,movement,478,264,1709661831616
8941269,8941269,movement,480,266,1709661831630
8941269,8941269,movement,482,266,1709661831645
8941269,8941269,movement,483,267,1709661831661
8941269,8941269,movement,487,270,1709661831681
8941269,8941269,movement,489,271,1709661831719
8941269,8941269,movement,491,273,1709661831787
8941269,8941269,movement,493,274,1709661831860
8941269,8941269,movement,493,275,1709661831921
8941269,8941269,movement,494,274,1709661831961
8941269,8941269,mousedown,494,274,1709661832676
8941269,8941269,mouseup,494,274,1709661832901
8941269,8941269,singleclick,494,274,1709661832910
8941269,8941269,movement,491,274,1709661833501
8941269,8941269,movement,486,273,1709661833505
8941269,8941269,movement,482,270,1709661833514
8941269,8941269,movement,475,268,1709661833526
8941269,8941269,movement,454,257,1709661833543
8941269,8941269,movement,438,249,1709661833563
8941269,8941269,movement,414,236,1709661833583
8941269,8941269,movement,404,230,1709661833592
8941269,8941269,movement,394,223,1709661833613
8941269,8941269,movement,381,215,1709661833626
8941269,8941269,movement,371,210,1709661833642
8941269,8941269,movement,363,203,1709661833659
8941269,8941269,movement,355,198,1709661833675
8941269,8941269,movement,350,196,1709661833676
8941269,8941269,movement,342,191,1709661833696
8941269,8941269,movement,334,187,1709661833711
8941269,8941269,movement,324,182,1709661833727
8941269,8941269,movement,318,179,1709661833742
8941269,8941269,movement,310,176,1709661833767
8941269,8941269,movement,306,173,1709661833778
8941269,8941269,movement,302,171,1709661833797
8941269,8941269,movement,298,170,1709661833809
8941269,8941269,movement,295,169,1709661833827
8941269,8941269,movement,295,168,1709661833844
8941269,8941269,movement,294,168,1709661833862
8941269,8941269,movement,294,168,1709661833910
8941269,8941269,movement,294,167,1709661833927
8941269,8941269,movement,293,167,1709661833946
8941269,8941269,movement,291,167,1709661833960
8941269,8941269,movement,290,167,1709661833982
8941269,8941269,movement,289,167,1709661834015
8941269,8941269,movement,289,166,1709661834144
8941269,8941269,mousedown,289,166,1709661834371
8941269,8941269,mouseup,289,166,1709661834625
8941269,8941269,movement,318,165,1709661834951
8941269,8941269,movement,371,162,1709661834965
8941269,8941269,movement,440,160,1709661834978
8941269,8941269,movement,522,162,1709661834992
8941269,8941269,movement,613,168,1709661835007
8941269,8941269,movement,698,176,1709661835026
8941269,8941269,movement,823,186,1709661835047
8941269,8941269,movement,909,187,1709661835068
8941269,8941269,movement,937,178,1709661835112
8941269,8941269,singleclick,937,178,1709661834627
8941269,8941269,movement,1040,178,1709661835388
8941269,8941269,movement,1118,179,1709661835402
8941269,8941269,movement,1160,181,1709661835407
8941269,8941269,movement,1220,182,1709661835424
8941269,8941269,movement,1260,185,1709661835441
8941269,8941269,movement,1278,184,1709661835463
8941269,8941269,movement,1296,186,1709661835740
8941269,8941269,movement,1314,190,1709661835758
8941269,8941269,movement,1325,193,1709661835776
8941269,8941269,movement,1338,197,1709661835794
8941269,8941269,movement,1346,200,1709661835809
8941269,8941269,movement,1350,202,1709661835824
8941269,8941269,movement,1355,203,1709661835842
8941269,8941269,movement,1359,204,1709661835863
8941269,8941269,movement,1367,206,1709661835878
8941269,8941269,movement,1373,206,1709661835891
8941269,8941269,movement,1378,206,1709661835907
8941269,8941269,movement,1382,206,1709661835926
8941269,8941269,movement,1388,205,1709661835942
8941269,8941269,movement,1390,205,1709661835958
8941269,8941269,movement,1393,204,1709661835976
8941269,8941269,movement,1394,203,1709661835991
8941269,8941269,movement,1395,203,1709661836007
8941269,8941269,movement,1395,202,1709661836028
8941269,8941269,movement,1398,200,1709661836042
8941269,8941269,movement,1399,198,1709661836058
8941269,8941269,movement,1400,198,1709661836076
8941269,8941269,movement,1401,197,1709661836084
8941269,8941269,movement,1403,195,1709661836091
8941269,8941269,movement,1406,191,1709661836109
8941269,8941269,movement,1408,190,1709661836124
8941269,8941269,movement,1409,190,1709661836142
8941269,8941269,movement,1413,189,1709661836157
8941269,8941269,movement,1414,188,1709661836176
8941269,8941269,movement,1414,188,1709661836191
8941269,8941269,movement,1414,187,1709661836259
8941269,8941269,movement,1416,186,1709661836293
8941269,8941269,movement,1417,186,1709661836308
8941269,8941269,movement,1419,185,1709661836324
8941269,8941269,movement,1420,185,1709661836357
8941269,8941269,movement,1422,178,1709661836536
8941269,8941269,mousedown,1422,178,1709661836856
8941269,8941269,mouseup,1422,178,1709661837083
8941269,8941269,singleclick,1422,178,1709661837085
8941269,8941269,movement,1422,179,1709661839374
8941269,8941269,movement,1421,179,1709661839406
8941269,8941269,movement,1419,179,1709661839407
8941269,8941269,movement,1418,181,1709661839423
8941269,8941269,movement,1411,183,1709661839438
8941269,8941269,movement,1401,187,1709661839457
8941269,8941269,movement,1379,194,1709661839483
8941269,8941269,movement,1336,209,1709661839522
8941269,8941269,movement,1238,238,1709661839568
8941269,8941269,movement,1191,250,1709661839599
8941269,8941269,movement,1155,257,1709661839633
8941269,8941269,movement,1103,265,1709661839666
8941269,8941269,movement,1082,266,1709661839673
8941269,8941269,movement,1060,268,1709661839693
8941269,8941269,movement,1038,267,1709661839707
8941269,8941269,movement,1020,266,1709661839724
8941269,8941269,movement,1015,266,1709661840098
8941269,8941269,movement,1010,268,1709661840103
8941269,8941269,movement,998,272,1709661840120
8941269,8941269,movement,985,277,1709661840140
8941269,8941269,movement,969,284,1709661840157
8941269,8941269,movement,960,287,1709661840170
8941269,8941269,movement,954,290,1709661840187
8941269,8941269,movement,944,293,1709661840207
8941269,8941269,movement,936,297,1709661840239
8941269,8941269,movement,931,298,1709661840254
8941269,8941269,movement,925,301,1709661840269
8941269,8941269,movement,918,303,1709661840292
8941269,8941269,movement,912,306,1709661840303
8941269,8941269,movement,906,309,1709661840320
8941269,8941269,movement,904,310,1709661840337
8941269,8941269,movement,904,310,1709661840354
8941269,8941269,movement,903,310,1709661840370
8941269,8941269,movement,903,311,1709661840399
8941269,8941269,movement,902,311,1709661840420
8941269,8941269,movement,902,311,1709661840435
8941269,8941269,movement,901,312,1709661840441
8941269,8941269,movement,898,313,1709661840455
8941269,8941269,movement,893,316,1709661840470
8941269,8941269,mousedown,893,316,1709661840767
8941269,8941269,mouseup,893,316,1709661840996
8941269,8941269,singleclick,893,316,1709661841007
8941269,8941269,movement,882,316,1709661841803
8941269,8941269,movement,866,316,1709661841818
8941269,8941269,movement,843,311,1709661841838
8941269,8941269,movement,798,298,1709661841854
8941269,8941269,movement,762,286,1709661841869
8941269,8941269,movement,719,270,1709661841891
8941269,8941269,movement,635,231,1709661841911
8941269,8941269,movement,576,202,1709661841930
8941269,8941269,movement,520,170,1709661841955
8941269,8941269,movement,486,146,1709661841972
8941269,8941269,movement,458,124,1709661841989
8941269,8941269,movement,440,105,1709661842003
8941269,8941269,movement,426,85,1709661842019
8941269,8941269,movement,406,94,1709661842320
8941269,8941269,movement,375,122,1709661842346
8941269,8941269,movement,343,142,1709661842370
8941269,8941269,movement,327,147,1709661842394
8941269,8941269,movement,308,150,1709661842435
8941269,8941269,movement,291,150,1709661842481
8941269,8941269,movement,275,150,1709661842533
8941269,8941269,movement,273,150,1709661842544
8941269,8941269,movement,272,150,1709661842551
8941269,8941269,movement,270,150,1709661842602
8941269,8941269,movement,269,151,1709661842618
8941269,8941269,movement,268,154,1709661842636
8941269,8941269,movement,267,159,1709661842652
8941269,8941269,movement,267,164,1709661842670
8941269,8941269,movement,268,168,1709661842686
8941269,8941269,movement,270,174,1709661842701
8941269,8941269,movement,272,177,1709661842720
8941269,8941269,movement,274,181,1709661842736
8941269,8941269,movement,278,183,1709661842752
8941269,8941269,movement,280,186,1709661842771
8941269,8941269,movement,282,186,1709661842787
8941269,8941269,movement,283,188,1709661842802
8941269,8941269,mousedown,283,188,1709661843071
8941269,8941269,mouseup,283,188,1709661843303
8941269,8941269,singleclick,283,188,1709661843308
8941269,8941269,movement,289,192,1709661843870
8941269,8941269,movement,306,208,1709661843888
8941269,8941269,movement,328,229,1709661843906
8941269,8941269,movement,374,277,1709661843927
8941269,8941269,movement,418,334,1709661843956
8941269,8941269,movement,468,398,1709661843989
8941269,8941269,movement,481,414,1709661844019
8941269,8941269,movement,481,416,1709661844339
8941269,8941269,movement,481,418,1709661844353
8941269,8941269,movement,481,418,1709661844367
8941269,8941269,movement,481,419,1709661844385
8941269,8941269,movement,481,420,1709661844483
8941269,8941269,mousedown,481,420,1709661844785
8941269,8941269,mouseup,481,420,1709661844995
8941269,8941269,singleclick,481,420,1709661845002
8941269,8941269,movement,478,417,1709661845845
8941269,8941269,movement,474,412,1709661845851
8941269,8941269,movement,463,400,1709661845868
8941269,8941269,movement,452,386,1709661845881
8941269,8941269,movement,429,360,1709661845901
8941269,8941269,movement,411,341,1709661845917
8941269,8941269,movement,394,324,1709661845932
8941269,8941269,movement,377,306,1709661845953
8941269,8941269,movement,354,285,1709661845971
8941269,8941269,movement,341,270,1709661845984
8941269,8941269,movement,328,257,1709661845998
8941269,8941269,movement,316,245,1709661846020
8941269,8941269,movement,302,229,1709661846031
8941269,8941269,movement,294,216,1709661846048
8941269,8941269,movement,286,201,1709661846066
8941269,8941269,movement,276,186,1709661846092
8941269,8941269,movement,273,181,1709661846104
8941269,8941269,mousedown,273,181,1709661847015
8941269,8941269,mouseup,273,181,1709661847236
8941269,8941269,singleclick,273,181,1709661847239
8941269,8941269,movement,281,182,1709661847840
8941269,8941269,movement,289,183,1709661847844
8941269,8941269,movement,298,186,1709661847857
8941269,8941269,movement,334,194,1709661847871
8941269,8941269,movement,346,199,1709661847882
8941269,8941269,movement,403,218,1709661847916
8941269,8941269,movement,541,272,1709661847941
8941269,8941269,movement,633,295,1709661847969
8941269,8941269,movement,733,302,1709661847984
8941269,8941269,movement,795,302,1709661847995
8941269,8941269,movement,834,298,1709661848013
8941269,8941269,movement,848,297,1709661848029
8941269,8941269,movement,862,297,1709661848344
8941269,8941269,movement,883,295,1709661848353
8941269,8941269,movement,905,295,1709661848362
8941269,8941269,movement,960,294,1709661848379
8941269,8941269,movement,1055,294,1709661848395
8941269,8941269,movement,1128,294,1709661848412
8941269,8941269,movement,1207,295,1709661848429
8941269,8941269,movement,1330,292,1709661848452
8941269,8941269,movement,1442,285,1709661848491
8941269,8941269,movement,1446,285,1709661848510
8941269,8941269,movement,1445,282,1709661848797
8941269,8941269,movement,1442,275,1709661848814
8941269,8941269,movement,1438,267,1709661848829
8941269,8941269,movement,1432,255,1709661848867
8941269,8941269,movement,1426,242,1709661848899
8941269,8941269,movement,1421,226,1709661848920
8941269,8941269,movement,1420,222,1709661848928
8941269,8941269,movement,1419,217,1709661848945
8941269,8941269,movement,1418,212,1709661848962
8941269,8941269,movement,1417,206,1709661848978
8941269,8941269,movement,1417,203,1709661848995
8941269,8941269,movement,1417,202,1709661849012
8941269,8941269,movement,1417,199,1709661849028
8941269,8941269,movement,1417,198,1709661849044
8941269,8941269,movement,1417,196,1709661849064
8941269,8941269,movement,1418,193,1709661849078
8941269,8941269,movement,1418,191,1709661849096
8941269,8941269,movement,1419,189,1709661849112
8941269,8941269,movement,1421,186,1709661849129
8941269,8941269,movement,1421,184,1709661849144
8941269,8941269,movement,1422,182,1709661849161
8941269,8941269,movement,1422,181,1709661849178
8941269,8941269,movement,1422,180,1709661849195
8941269,8941269,movement,1422,179,1709661849248
8941269,8941269,mousedown,1422,179,1709661849690
8941269,8941269,mouseup,1422,179,1709661849926
8941269,8941269,singleclick,1422,179,1709661849928
8941269,8941269,movement,1421,179,1709661851315
8941269,8941269,movement,1420,179,1709661851437
8941269,8941269,movement,1419,179,1709661851511
8941269,8941269,movement,1418,179,1709661851626
8941269,8941269,movement,1416,180,1709661851674
8941269,8941269,movement,1401,186,1709661851727
8941269,8941269,movement,1399,187,1709661851739
8941269,8941269,movement,1396,190,1709661851757
8941269,8941269,movement,1392,192,1709661851773
8941269,8941269,movement,1387,194,1709661851796
8941269,8941269,movement,1378,197,1709661851815
8941269,8941269,movement,1368,202,1709661851832
8941269,8941269,movement,1358,206,1709661851847
8941269,8941269,movement,1343,213,1709661851864
8941269,8941269,movement,1315,226,1709661851882
8941269,8941269,movement,1293,237,1709661851897
8941269,8941269,movement,1268,250,1709661851914
8941269,8941269,movement,1241,262,1709661851933
8941269,8941269,movement,1183,290,1709661851953
8941269,8941269,movement,1168,295,1709661851965
8941269,8941269,movement,1133,314,1709661851986
8941269,8941269,movement,1115,322,1709661851993
8941269,8941269,movement,1101,328,1709661852011
8941269,8941269,movement,1090,333,1709661852030
8941269,8941269,movement,1074,338,1709661852046
8941269,8941269,movement,1064,339,1709661852058
8941269,8941269,movement,1065,339,1709661856572
8941269,8941269,movement,1074,335,1709661856588
8941269,8941269,movement,1086,330,1709661856612
8941269,8941269,movement,1117,314,1709661856646
8941269,8941269,movement,1146,297,1709661856667
8941269,8941269,movement,1166,286,1709661856677
8941269,8941269,movement,1198,265,1709661856699
8941269,8941269,movement,1207,259,1709661856709
8941269,8941269,movement,1222,250,1709661856727
8941269,8941269,movement,1256,226,1709661856751
8941269,8941269,movement,1266,221,1709661856753
8941269,8941269,movement,1281,210,1709661856771
8941269,8941269,movement,1290,204,1709661856789
8941269,8941269,movement,1294,200,1709661856796
8941269,8941269,movement,1301,194,1709661856805
8941269,8941269,movement,1306,188,1709661856830
8941269,8941269,movement,1310,182,1709661856843
8941269,8941269,movement,1134,188,1709661857616
8941269,8941269,movement,964,170,1709661857659
8941269,8941269,movement,926,162,1709661857669
8941269,8941269,movement,901,155,1709661857686
8941269,8941269,movement,882,150,1709661857705
8941269,8941269,movement,868,147,1709661857722
8941269,8941269,movement,855,145,1709661857736
8941269,8941269,movement,852,145,1709661857753
8941269,8941269,movement,851,145,1709661857770
8941269,8941269,movement,851,149,1709661857787
8941269,8941269,movement,854,162,1709661857803
8941269,8941269,movement,863,178,1709661857822
8941269,8941269,movement,879,194,1709661857836
8941269,8941269,movement,890,202,1709661857843
8941269,8941269,movement,919,217,1709661857853
8941269,8941269,movement,955,229,1709661857872
8941269,8941269,movement,1022,238,1709661857889
8941269,8941269,movement,1066,237,1709661857903
8941269,8941269,movement,1103,231,1709661857923
8941269,8941269,movement,1110,230,1709661857937
8941269,8941269,movement,1112,226,1709661857953
8941269,8941269,movement,1113,220,1709661857971
8941269,8941269,movement,1110,206,1709661857987
8941269,8941269,movement,1102,198,1709661858003
8941269,8941269,movement,1091,190,1709661858023
8941269,8941269,movement,1077,186,1709661858039
8941269,8941269,movement,1059,186,1709661858054
8941269,8941269,movement,1031,190,1709661858071
8941269,8941269,movement,1014,196,1709661858088
8941269,8941269,movement,997,203,1709661858109
8941269,8941269,movement,990,206,1709661858124
8941269,8941269,movement,985,209,1709661858139
8941269,8941269,movement,982,209,1709661858154
8941269,8941269,movement,982,210,1709661858170
8941269,8941269,movement,980,210,1709661858186
8941269,8941269,movement,979,211,1709661858220
8941269,8941269,movement,979,212,1709661858256
8941269,8941269,movement,976,214,1709661858269
8941269,8941269,movement,974,219,1709661858286
8941269,8941269,movement,970,225,1709661858304
8941269,8941269,movement,966,234,1709661858320
8941269,8941269,movement,964,237,1709661858340
8941269,8941269,movement,963,238,1709661858355
8941269,8941269,movement,962,240,1709661858371
8941269,8941269,movement,960,242,1709661858866
8941269,8941269,movement,958,246,1709661858872
8941269,8941269,movement,955,248,1709661858879
8941269,8941269,movement,950,251,1709661858886
8941269,8941269,movement,943,258,1709661858910
8941269,8941269,movement,933,269,1709661858931
8941269,8941269,movement,930,271,1709661858936
8941269,8941269,movement,924,276,1709661858952
8941269,8941269,movement,921,278,1709661858969
8941269,8941269,movement,915,283,1709661858991
8941269,8941269,movement,903,291,1709661859004
8941269,8941269,movement,896,297,1709661859019
8941269,8941269,movement,887,303,1709661859037
8941269,8941269,movement,874,314,1709661859053
8941269,8941269,movement,867,318,1709661859070
8941269,8941269,movement,858,326,1709661859090
8941269,8941269,movement,845,338,1709661859108
8941269,8941269,movement,839,342,1709661859122
8941269,8941269,movement,835,346,1709661859139
8941269,8941269,movement,829,350,1709661859152
8941269,8941269,movement,823,354,1709661859168
8941269,8941269,movement,818,358,1709661859186
8941269,8941269,movement,812,362,1709661859202
8941269,8941269,movement,803,370,1709661859225
8941269,8941269,movement,799,372,1709661859234
8941269,8941269,movement,796,374,1709661859261
8941269,8941269,movement,789,378,1709661859271
8941269,8941269,movement,785,380,1709661859285
8941269,8941269,movement,782,382,1709661859305
8941269,8941269,movement,780,382,1709661859319
8941269,8941269,movement,778,383,1709661859339
8941269,8941269,movement,778,384,1709661859355
8941269,8941269,movement,777,385,1709661859372
8941269,8941269,movement,775,386,1709661859385
8941269,8941269,movement,772,387,1709661859402
8941269,8941269,movement,771,387,1709661859419
8941269,8941269,movement,771,388,1709661859434
8941269,8941269,movement,770,388,1709661859453
8941269,8941269,movement,770,387,1709661863859
8941269,8941269,movement,769,384,1709661863868
8941269,8941269,movement,769,378,1709661863888
8941269,8941269,movement,766,370,1709661863905
8941269,8941269,movement,763,358,1709661863922
8941269,8941269,movement,759,350,1709661863933
8941269,8941269,movement,754,340,1709661863953
8941269,8941269,movement,747,327,1709661863971
8941269,8941269,movement,734,306,1709661863987
8941269,8941269,movement,730,301,1709661863999
8941269,8941269,movement,722,290,1709661864014
8941269,8941269,movement,715,284,1709661864036
8941269,8941269,movement,706,278,1709661864054
8941269,8941269,movement,697,273,1709661864065
8941269,8941269,movement,683,267,1709661864081
8941269,8941269,movement,674,265,1709661864098
8941269,8941269,movement,665,263,1709661864114
8941269,8941269,movement,660,263,1709661864135
8941269,8941269,movement,653,264,1709661864151
8941269,8941269,movement,645,266,1709661864165
8941269,8941269,movement,634,274,1709661864181
8941269,8941269,movement,629,278,1709661864199
8941269,8941269,movement,624,283,1709661864218
8941269,8941269,movement,620,297,1709661864234
8941269,8941269,movement,618,306,1709661864248
8941269,8941269,movement,620,319,1709661864270
8941269,8941269,movement,622,328,1709661864285
8941269,8941269,movement,628,338,1709661864307
8941269,8941269,movement,646,352,1709661864331
8941269,8941269,movement,661,359,1709661864335
8941269,8941269,movement,668,361,1709661864349
8941269,8941269,movement,680,364,1709661864369
8941269,8941269,movement,692,366,1709661864380
8941269,8941269,movement,696,366,1709661864399
8941269,8941269,movement,701,365,1709661864414
8941269,8941269,movement,707,362,1709661864435
8941269,8941269,movement,714,357,1709661864455
8941269,8941269,movement,719,351,1709661864465
8941269,8941269,movement,724,345,1709661864481
8941269,8941269,movement,735,326,1709661864504
8941269,8941269,movement,740,312,1709661864522
8941269,8941269,movement,741,306,1709661864531
8941269,8941269,movement,741,301,1709661864549
8941269,8941269,movement,740,298,1709661864564
8941269,8941269,movement,738,294,1709661864581
8941269,8941269,movement,732,290,1709661864602
8941269,8941269,movement,722,286,1709661864615
8941269,8941269,movement,705,286,1709661864630
8941269,8941269,movement,682,291,1709661864653
8941269,8941269,movement,663,300,1709661864685
8941269,8941269,movement,648,311,1709661864688
8941269,8941269,movement,644,315,1709661864700
8941269,8941269,movement,638,325,1709661864719
8941269,8941269,movement,627,350,1709661864757
8941269,8941269,movement,624,363,1709661864780
8941269,8941269,movement,624,366,1709661864784
8941269,8941269,movement,624,373,1709661864801
8941269,8941269,movement,624,378,1709661864813
8941269,8941269,movement,626,386,1709661864833
8941269,8941269,movement,629,390,1709661864846
8941269,8941269,movement,632,393,1709661864864
8941269,8941269,movement,638,397,1709661864880
8941269,8941269,movement,654,402,1709661864902
8941269,8941269,movement,669,404,1709661864918
8941269,8941269,movement,683,406,1709661864931
8941269,8941269,movement,698,406,1709661864947
8941269,8941269,movement,704,406,1709661864964
8941269,8941269,movement,707,405,1709661864980
8941269,8941269,movement,710,403,1709661864997
8941269,8941269,movement,711,402,1709661865019
8941269,8941269,movement,712,402,1709661865032
8941269,8941269,movement,712,401,1709661865052
8941269,8941269,movement,712,398,1709661865064
8941269,8941269,movement,712,396,1709661865080
8941269,8941269,movement,712,394,1709661865097
8941269,8941269,movement,706,386,1709661865114
8941269,8941269,movement,698,381,1709661865134
8941269,8941269,movement,690,377,1709661865147
8941269,8941269,movement,686,375,1709661865164
8941269,8941269,movement,680,374,1709661865180
8941269,8941269,movement,674,372,1709661865202
8941269,8941269,movement,663,372,1709661865214
8941269,8941269,movement,654,373,1709661865237
8941269,8941269,movement,646,375,1709661865252
8941269,8941269,movement,642,378,1709661865263
8941269,8941269,movement,639,380,1709661865280
8941269,8941269,movement,637,385,1709661865300
8941269,8941269,movement,634,393,1709661865314
8941269,8941269,movement,719,404,1709661866232
8941269,8941269,movement,718,404,1709661866260
8941269,8941269,movement,717,403,1709661866267
8941269,8941269,movement,714,402,1709661866286
8941269,8941269,movement,710,402,1709661866295
8941269,8941269,movement,706,401,1709661866317
8941269,8941269,movement,697,399,1709661866332
8941269,8941269,movement,691,399,1709661866345
8941269,8941269,movement,686,398,1709661866365
8941269,8941269,movement,682,398,1709661866382
8941269,8941269,movement,679,398,1709661866396
8941269,8941269,movement,678,398,1709661866414
8941269,8941269,movement,675,398,1709661866431
8941269,8941269,movement,674,398,1709661866446
8941269,8941269,movement,672,398,1709661866466
8941269,8941269,movement,670,398,1709661866482
8941269,8941269,movement,669,398,1709661866511
8941269,8941269,movement,668,398,1709661866516
8941269,8941269,movement,666,398,1709661866533
8941269,8941269,movement,664,398,1709661866545
8941269,8941269,movement,662,398,1709661866565
8941269,8941269,movement,661,399,1709661866579
8941269,8941269,movement,660,399,1709661866595
8941269,8941269,movement,659,399,1709661866624
8941269,8941269,movement,658,399,1709661866645
8941269,8941269,movement,658,400,1709661866665
8941269,8941269,movement,657,401,1709661866680
8941269,8941269,movement,656,402,1709661866700
8941269,8941269,movement,654,402,1709661866718
8941269,8941269,movement,652,403,1709661866740
8941269,8941269,movement,652,404,1709661866748
8941269,8941269,movement,651,404,1709661866762
8941269,8941269,movement,634,398,1709661865330
8941269,8941269,movement,634,402,1709661865349
8941269,8941269,movement,636,407,1709661865367
8941269,8941269,movement,637,410,1709661865381
8941269,8941269,movement,640,413,1709661865404
8941269,8941269,movement,646,418,1709661865420
8941269,8941269,movement,649,420,1709661865431
8941269,8941269,movement,654,422,1709661865448
8941269,8941269,movement,658,426,1709661865467
8941269,8941269,movement,661,427,1709661865480
8941269,8941269,movement,664,429,1709661865496
8941269,8941269,movement,666,430,1709661865513
8941269,8941269,movement,670,430,1709661865530
8941269,8941269,movement,672,430,1709661865547
8941269,8941269,movement,679,430,1709661865563
8941269,8941269,movement,682,430,1709661865584
8941269,8941269,movement,684,430,1709661865596
8941269,8941269,movement,685,430,1709661865613
8941269,8941269,movement,686,430,1709661865632
8941269,8941269,movement,688,428,1709661865646
8941269,8941269,movement,691,425,1709661865667
8941269,8941269,movement,694,422,1709661865685
8941269,8941269,movement,703,416,1709661865696
8941269,8941269,movement,709,412,1709661865720
8941269,8941269,movement,715,408,1709661865748
8941269,8941269,movement,716,408,1709661865763
8941269,8941269,movement,717,408,1709661865781
8941269,8941269,movement,717,407,1709661865839
8941269,8941269,movement,718,407,1709661866019
8941269,8941269,movement,718,406,1709661866029
8941269,8941269,movement,718,406,1709661866046
8941269,8941269,movement,718,405,1709661866066
8941269,8941269,movement,719,405,1709661866080
8941269,8941269,movement,654,404,1709661866921
8941269,8941269,movement,656,404,1709661866924
8941269,8941269,movement,660,405,1709661866932
8941269,8941269,movement,667,406,1709661866945
8941269,8941269,movement,674,408,1709661866965
8941269,8941269,movement,681,409,1709661866981
8941269,8941269,movement,684,410,1709661866996
8941269,8941269,movement,686,410,1709661867012
8941269,8941269,movement,690,413,1709661867041
8941269,8941269,movement,700,420,1709661867054
8941269,8941269,movement,702,422,1709661867062
8941269,8941269,movement,706,422,1709661867078
8941269,8941269,movement,710,422,1709661867095
8941269,8941269,mousedown,770,388,1709661860013
8941269,8941269,mouseup,770,388,1709661860241
8941269,8941269,singleclick,770,388,1709661860256
8941269,8941269,movement,705,419,1709661870337
8941269,8941269,movement,687,410,1709661870345
8941269,8941269,movement,666,400,1709661870367
8941269,8941269,movement,630,378,1709661870378
8941269,8941269,movement,600,358,1709661870396
8941269,8941269,movement,578,342,1709661870411
8941269,8941269,movement,544,319,1709661870431
8941269,8941269,movement,522,305,1709661870444
8941269,8941269,movement,502,290,1709661870462
8941269,8941269,movement,470,254,1709661870480
8941269,8941269,movement,456,229,1709661870494
8941269,8941269,movement,451,220,1709661870509
8941269,8941269,movement,444,218,1709661870802
8941269,8941269,movement,437,215,1709661870810
8941269,8941269,movement,417,209,1709661870833
8941269,8941269,movement,405,204,1709661870842
8941269,8941269,movement,394,199,1709661870858
8941269,8941269,movement,390,198,1709661870870
8941269,8941269,movement,384,194,1709661870877
8941269,8941269,movement,370,190,1709661870898
8941269,8941269,movement,363,186,1709661870910
8941269,8941269,movement,352,182,1709661870933
8941269,8941269,movement,346,179,1709661870946
8941269,8941269,movement,342,177,1709661870958
8941269,8941269,movement,335,176,1709661870975
8941269,8941269,movement,332,174,1709661870994
8941269,8941269,movement,328,174,1709661871009
8941269,8941269,movement,325,172,1709661871026
8941269,8941269,movement,322,172,1709661871043
8941269,8941269,movement,318,171,1709661871059
8941269,8941269,movement,315,171,1709661871080
8941269,8941269,movement,313,171,1709661871093
8941269,8941269,movement,309,171,1709661871109
8941269,8941269,movement,306,171,1709661871126
8941269,8941269,movement,304,171,1709661871143
8941269,8941269,movement,303,172,1709661871157
8941269,8941269,movement,301,173,1709661871178
8941269,8941269,movement,298,174,1709661871192
8941269,8941269,movement,294,174,1709661871209
8941269,8941269,movement,288,174,1709661871225
8941269,8941269,movement,286,174,1709661871243
8941269,8941269,movement,285,175,1709661871259
8941269,8941269,movement,284,175,1709661871277
8941269,8941269,mousedown,718,542,1709661873532
8941269,8941269,mouseup,718,542,1709661873770
8941269,8941269,singleclick,718,542,1709661873778
8941269,8941269,movement,323,191,1709661872179
8941269,8941269,movement,374,217,1709661872195
8941269,8941269,movement,417,245,1709661872206
8941269,8941269,movement,474,285,1709661872232
8941269,8941269,movement,573,358,1709661872249
8941269,8941269,movement,633,398,1709661872266
8941269,8941269,movement,684,440,1709661872283
8941269,8941269,movement,695,448,1709661872297
8941269,8941269,movement,697,456,1709661872622
8941269,8941269,movement,701,478,1709661872641
8941269,8941269,movement,702,486,1709661872651
8941269,8941269,movement,705,500,1709661872663
8941269,8941269,movement,706,510,1709661872679
8941269,8941269,movement,709,518,1709661872689
8941269,8941269,movement,710,522,1709661872709
8941269,8941269,movement,712,526,1709661872727
8941269,8941269,movement,712,527,1709661872741
8941269,8941269,movement,713,529,1709661872756
8941269,8941269,movement,714,531,1709661872772
8941269,8941269,movement,715,535,1709661872798
8941269,8941269,movement,717,540,1709661872811
8941269,8941269,movement,718,540,1709661872822
8941269,8941269,movement,718,542,1709661872841
8941269,8941269,movement,718,542,1709661872855
8941269,8941269,movement,1164,234,1709661889128
8941269,8941269,movement,1156,228,1709661889145
8941269,8941269,movement,1148,222,1709661889157
8941269,8941269,movement,1139,216,1709661889174
8941269,8941269,movement,1130,210,1709661889191
8941269,8941269,movement,1114,201,1709661889207
8941269,8941269,movement,1109,197,1709661889220
8941269,8941269,movement,1103,194,1709661889226
8941269,8941269,movement,1090,185,1709661889241
8941269,8941269,movement,1065,162,1709661889257
8941269,8941269,movement,1042,134,1709661889275
8941269,8941269,movement,717,541,1709661874547
8941269,8941269,movement,714,536,1709661874550
8941269,8941269,movement,709,530,1709661874557
8941269,8941269,movement,704,524,1709661874573
8941269,8941269,movement,694,510,1709661874589
8941269,8941269,movement,678,487,1709661874608
8941269,8941269,movement,666,467,1709661874625
8941269,8941269,movement,651,447,1709661874638
8941269,8941269,movement,630,418,1709661874660
8941269,8941269,movement,618,404,1709661874676
8941269,8941269,movement,601,382,1709661874691
8941269,8941269,movement,584,364,1709661874706
8941269,8941269,movement,567,346,1709661874723
8941269,8941269,movement,550,326,1709661874738
8941269,8941269,movement,527,294,1709661874757
8941269,8941269,movement,515,275,1709661874775
8941269,8941269,movement,510,264,1709661874792
8941269,8941269,movement,502,262,1709661875105
8941269,8941269,movement,483,251,1709661875122
8941269,8941269,movement,465,241,1709661875141
8941269,8941269,movement,440,226,1709661875156
8941269,8941269,movement,426,218,1709661875170
8941269,8941269,movement,412,210,1709661875191
8941269,8941269,movement,395,198,1709661875206
8941269,8941269,movement,385,190,1709661875234
8941269,8941269,movement,368,178,1709661875251
8941269,8941269,movement,362,176,1709661875272
8941269,8941269,movement,358,174,1709661875296
8941269,8941269,movement,354,172,1709661875306
8941269,8941269,movement,352,171,1709661875321
8941269,8941269,movement,346,170,1709661875337
8941269,8941269,movement,341,169,1709661875356
8941269,8941269,movement,338,169,1709661875371
8941269,8941269,movement,326,166,1709661875410
8941269,8941269,movement,322,165,1709661875431
8941269,8941269,movement,319,164,1709661875445
8941269,8941269,movement,316,163,1709661875457
8941269,8941269,movement,313,162,1709661875473
8941269,8941269,movement,308,162,1709661875487
8941269,8941269,movement,306,162,1709661875503
8941269,8941269,movement,304,162,1709661875520
8941269,8941269,movement,301,162,1709661875538
8941269,8941269,movement,299,162,1709661875554
8941269,8941269,movement,296,162,1709661875574
8941269,8941269,movement,294,161,1709661875589
8941269,8941269,movement,293,161,1709661875606
8941269,8941269,movement,292,161,1709661875623
8941269,8941269,movement,290,161,1709661875637
8941269,8941269,movement,289,162,1709661875654
8941269,8941269,movement,287,162,1709661875672
8941269,8941269,movement,286,162,1709661875688
8941269,8941269,mousedown,286,162,1709661876293
8941269,8941269,mouseup,286,162,1709661876513
8941269,8941269,singleclick,286,162,1709661876516
8941269,8941269,movement,298,162,1709661876973
8941269,8941269,movement,361,170,1709661876983
8941269,8941269,movement,400,175,1709661876991
8941269,8941269,movement,502,186,1709661877004
8941269,8941269,movement,563,194,1709661877016
8941269,8941269,movement,630,203,1709661877024
8941269,8941269,movement,765,224,1709661877037
8941269,8941269,movement,902,238,1709661877053
8941269,8941269,movement,1110,248,1709661877074
8941269,8941269,movement,1126,250,1709661877088
8941269,8941269,movement,1134,250,1709661877102
8941269,8941269,movement,1151,250,1709661877355
8941269,8941269,movement,1197,245,1709661877369
8941269,8941269,movement,1245,241,1709661877385
8941269,8941269,movement,1287,238,1709661877404
8941269,8941269,movement,1317,236,1709661877420
8941269,8941269,movement,1353,231,1709661877435
8941269,8941269,movement,1374,228,1709661877456
8941269,8941269,movement,1404,222,1709661877469
8941269,8941269,movement,1418,218,1709661877485
8941269,8941269,movement,1423,217,1709661877504
8941269,8941269,movement,1425,217,1709661877520
8941269,8941269,movement,1426,216,1709661877535
8941269,8941269,movement,1426,214,1709661877612
8941269,8941269,movement,1426,212,1709661877619
8941269,8941269,movement,1426,210,1709661877634
8941269,8941269,movement,1426,206,1709661877652
8941269,8941269,movement,1425,205,1709661877670
8941269,8941269,movement,1425,204,1709661877686
8941269,8941269,movement,1425,200,1709661877702
8941269,8941269,movement,1425,197,1709661877720
8941269,8941269,movement,1425,191,1709661877740
8941269,8941269,movement,1425,185,1709661877753
8941269,8941269,movement,1426,178,1709661877773
8941269,8941269,movement,1426,176,1709661877788
8941269,8941269,movement,1427,174,1709661877806
8941269,8941269,movement,1428,173,1709661877820
8941269,8941269,movement,1428,171,1709661877836
8941269,8941269,movement,1429,171,1709661877853
8941269,8941269,movement,1430,169,1709661877938
8941269,8941269,mousedown,1430,169,1709661878161
8941269,8941269,mouseup,1430,169,1709661878393
8941269,8941269,singleclick,1430,169,1709661878395
8941269,8941269,movement,1423,170,1709661880886
8941269,8941269,movement,1415,172,1709661880893
8941269,8941269,movement,1406,175,1709661880900
8941269,8941269,movement,1383,181,1709661880917
8941269,8941269,movement,1355,190,1709661880933
8941269,8941269,movement,1318,204,1709661880953
8941269,8941269,movement,1255,224,1709661880970
8941269,8941269,movement,1222,233,1709661880981
8941269,8941269,movement,1202,238,1709661880998
8941269,8941269,movement,1183,241,1709661881016
8941269,8941269,movement,1168,237,1709661881033
8941269,8941269,movement,1037,129,1709661899781
8941269,8941269,movement,1024,118,1709661899797
8941269,8941269,movement,1010,105,1709661899816
8941269,8941269,movement,998,94,1709661899831
8941269,8941269,movement,988,85,1709661899846
8941269,8941269,mousedown,284,175,1709661871538
8941269,8941269,mouseup,284,175,1709661871760
8941269,8941269,movement,294,178,1709661872151
8941269,8941269,movement,312,186,1709661872166
8941269,8941269,singleclick,312,186,1709661871762
8941269,8941269,movement,1006,99,1709661902528
8941269,8941269,movement,1046,125,1709661902545
8941269,8941269,movement,1105,162,1709661902562
8941269,8941269,movement,1134,178,1709661902578
8941269,8941269,movement,1150,187,1709661902595
8941269,8941269,movement,1155,194,1709661902611
8941269,8941269,movement,1383,178,1709661903465
8941269,8941269,movement,1386,177,1709661903482
8941269,8941269,movement,1388,177,1709661903496
8941269,8941269,movement,1390,176,1709661903511
8941269,8941269,movement,1392,176,1709661903527
8941269,8941269,movement,1393,176,1709661903544
8941269,8941269,movement,1394,176,1709661903560
8941269,8941269,movement,1396,175,1709661903577
8941269,8941269,movement,1397,175,1709661903610
8941269,8941269,movement,1398,175,1709661903662
8941269,8941269,movement,1398,175,1709661903696
8941269,8941269,movement,1399,175,1709661903727
8941269,8941269,movement,1401,175,1709661903794
8941269,8941269,movement,1402,174,1709661903812
8941269,8941269,movement,1406,174,1709661903827
8941269,8941269,movement,1408,174,1709661903844
8941269,8941269,movement,1411,172,1709661903860
8941269,8941269,mousedown,1411,172,1709661908367
8941269,8941269,mouseup,1411,172,1709661908625
8941269,8941269,singleclick,1411,172,1709661908631
8941269,8941269,movement,1406,172,1709661909283
8941269,8941269,movement,1398,173,1709661909292
8941269,8941269,movement,1390,174,1709661909298
8941269,8941269,movement,1382,175,1709661909305
8941269,8941269,movement,1365,175,1709661909322
8941269,8941269,movement,1342,174,1709661909343
8941269,8941269,movement,1295,169,1709661909359
8941269,8941269,movement,1250,160,1709661909380
8941269,8941269,movement,1204,153,1709661909391
8941269,8941269,movement,1132,136,1709661909406
8941269,8941269,movement,1090,123,1709661909422
8941269,8941269,movement,1051,110,1709661909441
8941269,8941269,movement,1012,94,1709661909455
8941269,8941269,movement,1002,89,1709661909468
8941269,8941269,movement,966,86,1709661909843
8941269,8941269,movement,950,87,1709661909854
8941269,8941269,movement,892,87,1709661909871
8941269,8941269,movement,850,86,1709661909887
8941269,8941269,movement,827,86,1709661909898
8941269,8941269,movement,1164,194,1709661902920
8941269,8941269,movement,1175,194,1709661902927
8941269,8941269,movement,1186,194,1709661902934
8941269,8941269,movement,1198,194,1709661902944
8941269,8941269,movement,1222,194,1709661902961
8941269,8941269,movement,1253,194,1709661902977
8941269,8941269,movement,1272,195,1709661902994
8941269,8941269,movement,1280,195,1709661903005
8941269,8941269,movement,1288,197,1709661903014
8941269,8941269,movement,1314,198,1709661903029
8941269,8941269,movement,1329,201,1709661903046
8941269,8941269,movement,1340,202,1709661903060
8941269,8941269,movement,1351,203,1709661903078
8941269,8941269,movement,1356,205,1709661903094
8941269,8941269,movement,1358,206,1709661903111
8941269,8941269,movement,1360,206,1709661903127
8941269,8941269,movement,1361,206,1709661903144
8941269,8941269,movement,1362,206,1709661903193
8941269,8941269,movement,1362,206,1709661903236
8941269,8941269,movement,1362,206,1709661903243
8941269,8941269,movement,1363,204,1709661903249
8941269,8941269,movement,1365,203,1709661903260
8941269,8941269,movement,1368,198,1709661903278
8941269,8941269,movement,1374,190,1709661903297
8941269,8941269,movement,1376,185,1709661903311
8941269,8941269,movement,1380,181,1709661903330
8941269,8941269,movement,1380,180,1709661903347
8941269,8941269,movement,1381,180,1709661903364
8941269,8941269,movement,1381,179,1709661903379
8941269,8941269,movement,1382,179,1709661903416
8941269,8941269,movement,1382,178,1709661903430
8941269,8941269,movement,1382,178,1709661903447
8941269,8941269,movement,814,108,1709661924313
8941269,8941269,movement,814,150,1709661924329
8941269,8941269,movement,816,178,1709661924339
8941269,8941269,movement,816,202,1709661924348
8941269,8941269,movement,818,258,1709661924378
8941269,8941269,movement,824,337,1709661924394
8941269,8941269,movement,828,351,1709661924411
8941269,8941269,movement,820,355,1709661924750
8941269,8941269,movement,810,362,1709661924762
8941269,8941269,movement,789,380,1709661924789
8941269,8941269,movement,736,447,1709661924826
8941269,8941269,movement,725,467,1709661924842
8941269,8941269,movement,715,484,1709661924854
8941269,8941269,movement,710,494,1709661924866
8941269,8941269,movement,699,516,1709661924879
8941269,8941269,movement,694,526,1709661924895
8941269,8941269,movement,691,534,1709661924914
8941269,8941269,movement,690,540,1709661924924
8941269,8941269,movement,687,546,1709661924951
8941269,8941269,movement,687,550,1709661924957
8941269,8941269,movement,686,553,1709661924979
8941269,8941269,movement,685,555,1709661924992
8941269,8941269,movement,685,556,1709661925022
8941269,8941269,movement,684,554,1709661925102
8941269,8941269,movement,684,552,1709661925110
8941269,8941269,movement,683,548,1709661925126
8941269,8941269,movement,683,543,1709661925151
8941269,8941269,movement,683,533,1709661925164
8941269,8941269,movement,686,525,1709661925185
8941269,8941269,movement,688,517,1709661925195
8941269,8941269,movement,689,514,1709661925207
8941269,8941269,movement,690,511,1709661925226
8941269,8941269,movement,690,510,1709661925243
8941269,8941269,movement,690,510,1709661925259
8941269,8941269,movement,691,508,1709661925350
8941269,8941269,mousedown,691,508,1709661925584
8941269,8941269,mouseup,691,508,1709661925795
8941269,8941269,singleclick,691,508,1709661925815
8941269,8941269,movement,695,496,1709661926629
8941269,8941269,movement,702,474,1709661926637
8941269,8941269,movement,739,354,1709661926664
8941269,8941269,movement,774,250,1709661926685
8941269,8941269,movement,815,149,1709661926705
8941269,8941269,movement,841,87,1709661926718
8941269,8941269,movement,1002,523,1709661944502
8941269,8941269,movement,998,528,1709661944506
8941269,8941269,movement,989,538,1709661944530
8941269,8941269,movement,980,547,1709661944542
8941269,8941269,movement,971,559,1709661944558
8941269,8941269,movement,965,567,1709661944576
8941269,8941269,movement,958,578,1709661944598
8941269,8941269,movement,950,591,1709661944612
8941269,8941269,movement,944,599,1709661944623
8941269,8941269,movement,941,605,1709661944644
8941269,8941269,movement,937,610,1709661944662
8941269,8941269,movement,934,615,1709661944672
8941269,8941269,movement,930,621,1709661944691
8941269,8941269,movement,925,630,1709661944706
8941269,8941269,movement,922,634,1709661944722
8941269,8941269,movement,918,640,1709661944743
8941269,8941269,movement,914,645,1709661944758
8941269,8941269,movement,913,646,1709661944772
8941269,8941269,movement,913,647,1709661944789
8941269,8941269,movement,911,649,1709661944805
8941269,8941269,movement,911,650,1709661944848
8941269,8941269,movement,910,651,1709661944870
8941269,8941269,movement,909,652,1709661944876
8941269,8941269,movement,908,653,1709661944896
8941269,8941269,movement,906,654,1709661944905
8941269,8941269,movement,905,657,1709661944922
8941269,8941269,movement,903,658,1709661944940
8941269,8941269,movement,901,661,1709661944956
8941269,8941269,movement,899,663,1709661944975
8941269,8941269,movement,897,666,1709661944989
8941269,8941269,movement,1466,117,1709661947306
8941269,8941269,movement,1479,117,1709661947334
8941269,8941269,movement,1496,117,1709661947351
8941269,8941269,movement,1498,117,1709661947362
8941269,8941269,movement,1498,117,1709661947372
8941269,8941269,movement,1499,117,1709661947406
8941269,8941269,movement,1504,116,1709661947439
8941269,8941269,movement,1507,116,1709661947454
8941269,8941269,movement,1514,116,1709661947473
8941269,8941269,movement,1517,116,1709661947489
8941269,8941269,movement,1518,116,1709661947508
8941269,8941269,movement,1514,114,1709661947576
8941269,8941269,movement,1511,110,1709661947582
8941269,8941269,movement,1510,109,1709661947588
8941269,8941269,movement,1506,105,1709661947608
8941269,8941269,movement,1503,102,1709661947621
8941269,8941269,movement,1500,99,1709661947641
8941269,8941269,movement,1498,96,1709661947655
8941269,8941269,movement,1495,94,1709661947671
8941269,8941269,movement,1494,93,1709661947689
8941269,8941269,movement,1493,91,1709661947706
8941269,8941269,movement,1490,89,1709661947721
8941269,8941269,movement,1486,86,1709661947740
8941269,8941269,movement,1485,85,1709661947746
8941269,8941269,movement,799,150,1709661942921
8941269,8941269,movement,842,255,1709661942964
8941269,8941269,movement,997,510,1709661942998
8941269,8941269,movement,1006,518,1709661943014
8941269,8941269,movement,1346,163,1709661950588
8941269,8941269,movement,1359,158,1709661950602
8941269,8941269,movement,1366,155,1709661950625
8941269,8941269,movement,1374,152,1709661950636
8941269,8941269,movement,1382,149,1709661950653
8941269,8941269,movement,1386,147,1709661950668
8941269,8941269,movement,1401,141,1709661950685
8941269,8941269,movement,1411,136,1709661950705
8941269,8941269,movement,1419,131,1709661950721
8941269,8941269,movement,1422,130,1709661950734
8941269,8941269,movement,1428,126,1709661950761
8941269,8941269,movement,895,668,1709661945006
8941269,8941269,movement,893,670,1709661945022
8941269,8941269,movement,890,673,1709661945038
8941269,8941269,movement,889,674,1709661945056
8941269,8941269,movement,887,676,1709661945072
8941269,8941269,movement,887,677,1709661945089
8941269,8941269,movement,886,678,1709661945104
8941269,8941269,movement,886,678,1709661945139
8941269,8941269,mousedown,886,678,1709661945419
8941269,8941269,mouseup,886,678,1709661945646
8941269,8941269,singleclick,886,678,1709661945702
8941269,8941269,movement,883,673,1709661946200
8941269,8941269,movement,880,665,1709661946212
8941269,8941269,movement,873,642,1709661946230
8941269,8941269,movement,838,500,1709661946269
8941269,8941269,movement,820,410,1709661946298
8941269,8941269,movement,810,299,1709661946323
8941269,8941269,movement,813,218,1709661946349
8941269,8941269,movement,822,176,1709661946366
8941269,8941269,movement,829,167,1709661946780
8941269,8941269,movement,838,158,1709661946787
8941269,8941269,movement,858,138,1709661946812
8941269,8941269,movement,887,110,1709661946824
8941269,8941269,movement,903,92,1709661946830
8941269,8941269,movement,1397,99,1709661947258
8941269,8941269,movement,1424,109,1709661947272
8941269,8941269,movement,694,101,1709661980301
8941269,8941269,movement,690,158,1709661980310
8941269,8941269,movement,688,215,1709661980316
8941269,8941269,movement,689,243,1709661980323
8941269,8941269,movement,693,291,1709661980358
8941269,8941269,movement,702,349,1709661980372
8941269,8941269,movement,704,368,1709661980387
8941269,8941269,movement,707,386,1709661980400
8941269,8941269,movement,711,402,1709661980414
8941269,8941269,movement,714,414,1709661980429
8941269,8941269,movement,718,426,1709661980445
8941269,8941269,movement,719,429,1709661980454
8941269,8941269,movement,726,412,1709661980813
8941269,8941269,movement,787,259,1709661980834
8941269,8941269,movement,813,180,1709661980862
8941269,8941269,movement,837,106,1709661980878
Tab ID,ClientID,Type,Mouse X,Mouse Y,TimeStamp
8941269,8941269,movement,910,470,1709662225062
8941269,8941269,movement,908,466,1709662225083
8941269,8941269,singleclick,908,466,1709662224672
8941269,8941269,movement,907,463,1709662225097
8941269,8941269,movement,906,462,1709662225118
8941269,8941269,movement,906,462,1709662225127
8941269,8941269,movement,906,463,1709662225347
8941269,8941269,movement,908,467,1709662225365
8941269,8941269,movement,909,470,1709662225379
8941269,8941269,movement,910,471,1709662225400
8941269,8941269,movement,910,471,1709662225443
8941269,8941269,movement,910,472,1709662225477
8941269,8941269,mousedown,910,472,1709662225568
8941269,8941269,mouseup,910,472,1709662225672
8941269,8941269,movement,911,472,1709662225727
8941269,8941269,movement,904,474,1709662224294
8941269,8941269,movement,905,479,1709662224311
8941269,8941269,movement,905,483,1709662224329
8941269,8941269,movement,905,486,1709662224344
8941269,8941269,movement,905,487,1709662224360
8941269,8941269,movement,906,487,1709662224394
8941269,8941269,mousedown,906,487,1709662224577
8941269,8941269,mouseup,906,487,1709662224654
8941269,8941269,movement,906,487,1709662224700
8941269,8941269,movement,907,487,1709662224917
8941269,8941269,movement,908,485,1709662224948
8941269,8941269,movement,909,482,1709662224974
8941269,8941269,movement,909,479,1709662224979
8941269,8941269,movement,910,478,1709662224995
8941269,8941269,movement,910,477,1709662225018
8941269,8941269,movement,910,475,1709662225029
8941269,8941269,movement,910,472,1709662225050
8941269,8941269,movement,911,471,1709662225893
8941269,8941269,movement,913,470,1709662225910
8941269,8941269,movement,915,466,1709662225925
8941269,8941269,movement,919,462,1709662225947
8941269,8941269,movement,934,446,1709662225965
8941269,8941269,movement,962,411,1709662225999
8941269,8941269,movement,973,363,1709662226031
8941269,8941269,movement,926,310,1709662226064
8941269,8941269,movement,757,249,1709662226098
8941269,8941269,movement,623,242,1709662226130
8941269,8941269,singleclick,623,242,1709662225697
8941269,8941269,movement,579,254,1709662226149
8941269,8941269,movement,541,280,1709662226179
8941269,8941269,movement,540,293,1709662226200
8941269,8941269,movement,585,338,1709662226232
8941269,8941269,movement,724,366,1709662226259
8941269,8941269,movement,825,370,1709662226275
8941269,8941269,movement,920,368,1709662226291
8941269,8941269,movement,1002,357,1709662226311
8941269,8941269,movement,1036,350,1709662226325
8941269,8941269,movement,1043,344,1709662226341
8941269,8941269,movement,1035,334,1709662226365
8941269,8941269,movement,1004,310,1709662226382
8941269,8941269,movement,852,240,1709662226416
8941269,8941269,movement,626,212,1709662226447
8941269,8941269,movement,518,240,1709662226481
8941269,8941269,movement,508,246,1709662226513
8941269,8941269,movement,515,246,1709662226525
8941269,8941269,movement,535,246,1709662226542
8941269,8941269,movement,562,246,1709662226558
8941269,8941269,movement,1259,298,1709662223545
8941269,8941269,movement,1254,297,1709662223595
8941269,8941269,movement,1230,290,1709662223618
8941269,8941269,movement,1069,297,1709662223650
8941269,8941269,movement,932,350,1709662223687
8941269,8941269,movement,874,386,1709662223716
8941269,8941269,movement,874,390,1709662223744
8941269,8941269,movement,875,392,1709662223761
8941269,8941269,movement,875,394,1709662223778
8941269,8941269,movement,876,397,1709662223795
8941269,8941269,movement,878,398,1709662223812
8941269,8941269,movement,878,400,1709662223830
8941269,8941269,movement,881,404,1709662223848
8941269,8941269,movement,882,407,1709662223861
8941269,8941269,movement,883,410,1709662223893
8941269,8941269,movement,884,411,1709662223922
8941269,8941269,movement,884,412,1709662223984
8941269,8941269,movement,886,414,1709662224024
8941269,8941269,movement,887,415,1709662224093
8941269,8941269,movement,889,418,1709662224127
8941269,8941269,movement,892,424,1709662224146
8941269,8941269,movement,894,430,1709662224161
8941269,8941269,movement,898,438,1709662224180
8941269,8941269,movement,902,451,1709662224213
8941269,8941269,movement,902,460,1709662224235
8941269,8941269,movement,903,468,1709662224264
8941269,8941269,movement,904,470,1709662224277
8941269,8941269,movement,896,401,1709662228140
8941269,8941269,movement,894,402,1709662228157
8941269,8941269,movement,893,402,1709662228175
8941269,8941269,movement,892,402,1709662228191
8941269,8941269,movement,891,402,1709662228208
8941269,8941269,movement,890,402,1709662228224
8941269,8941269,movement,890,402,1709662228674
8941269,8941269,movement,890,390,1709662228696
8941269,8941269,movement,890,374,1709662228713
8941269,8941269,movement,890,354,1709662228732
8941269,8941269,movement,890,316,1709662228762
8941269,8941269,movement,893,278,1709662228799
8941269,8941269,movement,889,229,1709662228829
8941269,8941269,movement,888,211,1709662228862
8941269,8941269,movement,887,209,1709662228875
8941269,8941269,movement,887,206,1709662228900
8941269,8941269,movement,886,197,1709662228929
8941269,8941269,movement,885,190,1709662228944
8941269,8941269,movement,885,190,1709662228956
8941269,8941269,movement,884,190,1709662228989
8941269,8941269,movement,881,189,1709662229007
8941269,8941269,movement,878,188,1709662229023
8941269,8941269,movement,872,187,1709662229039
8941269,8941269,movement,870,187,1709662229056
8941269,8941269,movement,865,186,1709662229073
8941269,8941269,movement,863,186,1709662229091
8941269,8941269,movement,862,186,1709662229107
8941269,8941269,movement,862,185,1709662229157
8941269,8941269,movement,862,184,1709662229173
8941269,8941269,movement,862,181,1709662229190
8941269,8941269,movement,862,178,1709662229206
8941269,8941269,movement,862,177,1709662229224
8941269,8941269,movement,864,177,1709662229896
8941269,8941269,movement,866,178,1709662229905
8941269,8941269,movement,870,182,1709662229925
8941269,8941269,movement,882,194,1709662229943
8941269,8941269,movement,892,202,1709662229950
8941269,8941269,movement,918,226,1709662229980
8941269,8941269,movement,958,275,1709662230013
8941269,8941269,movement,968,298,1709662230046
8941269,8941269,movement,980,331,1709662230077
8941269,8941269,movement,982,344,1709662230091
8941269,8941269,movement,985,358,1709662230105
8941269,8941269,movement,985,367,1709662230127
8941269,8941269,movement,985,377,1709662230147
8941269,8941269,movement,985,394,1709662230174
8941269,8941269,movement,985,398,1709662230190
8941269,8941269,movement,982,403,1709662230208
8941269,8941269,movement,981,408,1709662230230
8941269,8941269,movement,979,413,1709662230256
8941269,8941269,movement,978,414,1709662230271
8941269,8941269,movement,978,414,1709662230306
8941269,8941269,movement,598,242,1709662226581
8941269,8941269,movement,612,238,1709662226596
8941269,8941269,movement,616,234,1709662226609
8941269,8941269,movement,615,232,1709662226625
8941269,8941269,movement,604,220,1709662226648
8941269,8941269,movement,579,202,1709662226665
8941269,8941269,movement,418,122,1709662226697
8941269,8941269,movement,304,97,1709662226726
8941269,8941269,movement,274,94,1709662226742
8941269,8941269,movement,259,94,1709662226759
8941269,8941269,movement,254,94,1709662226776
8941269,8941269,movement,254,95,1709662226809
8941269,8941269,movement,254,96,1709662226842
8941269,8941269,movement,255,98,1709662226859
8941269,8941269,movement,259,99,1709662226878
8941269,8941269,movement,263,102,1709662226891
8941269,8941269,movement,273,106,1709662226909
8941269,8941269,movement,283,108,1709662226925
8941269,8941269,movement,295,111,1709662226943
8941269,8941269,movement,312,114,1709662226958
8941269,8941269,movement,330,116,1709662226978
8941269,8941269,movement,349,118,1709662226992
8941269,8941269,movement,373,119,1709662227011
8941269,8941269,movement,378,119,1709662227025
8941269,8941269,movement,385,119,1709662227042
8941269,8941269,movement,384,119,1709662227094
8941269,8941269,movement,376,120,1709662227111
8941269,8941269,movement,346,125,1709662227127
8941269,8941269,movement,321,128,1709662227141
8941269,8941269,movement,302,131,1709662227160
8941269,8941269,movement,295,134,1709662227194
8941269,8941269,movement,310,139,1709662227215
8941269,8941269,movement,373,154,1709662227246
8941269,8941269,movement,579,188,1709662227277
8941269,8941269,movement,760,212,1709662227316
8941269,8941269,movement,790,218,1709662227347
8941269,8941269,movement,798,220,1709662227374
8941269,8941269,movement,799,221,1709662227391
8941269,8941269,movement,801,222,1709662227408
8941269,8941269,movement,805,225,1709662227430
8941269,8941269,movement,814,232,1709662227441
8941269,8941269,movement,828,243,1709662227466
8941269,8941269,movement,855,266,1709662227480
8941269,8941269,movement,886,294,1709662227513
8941269,8941269,movement,906,318,1709662227544
8941269,8941269,movement,911,326,1709662227563
8941269,8941269,movement,912,328,1709662227576
8941269,8941269,movement,913,331,1709662227590
8941269,8941269,movement,914,337,1709662227613
8941269,8941269,movement,914,342,1709662227640
8941269,8941269,movement,914,346,1709662227664
8941269,8941269,movement,914,348,1709662227682
8941269,8941269,movement,914,352,1709662227702
8941269,8941269,movement,914,354,1709662227711
8941269,8941269,movement,914,356,1709662227733
8941269,8941269,movement,914,358,1709662227767
8941269,8941269,movement,914,360,1709662227802
8941269,8941269,movement,914,364,1709662227828
8941269,8941269,movement,914,366,1709662227918
8941269,8941269,movement,914,367,1709662227940
8941269,8941269,movement,913,369,1709662227962
8941269,8941269,movement,912,372,1709662227973
8941269,8941269,movement,911,375,1709662227990
8941269,8941269,movement,911,377,1709662228007
8941269,8941269,movement,910,380,1709662228031
8941269,8941269,movement,908,384,1709662228041
8941269,8941269,movement,906,390,1709662228058
8941269,8941269,movement,902,394,1709662228074
8941269,8941269,movement,901,398,1709662228091
8941269,8941269,movement,898,399,1709662228111
8941269,8941269,movement,897,401,1709662228124
8941269,8941269,movement,979,414,1709662230523
Tab ID,ClientID,Type,Mouse X,Mouse Y,TimeStamp
8941269,8941269,movement,1426,129,1709663295048
8941269,8941269,movement,1417,154,1709663295074
8941269,8941269,movement,1407,183,1709663295090
8941269,8941269,movement,1404,194,1709663295102
8941269,8941269,movement,1401,204,1709663295106
8941269,8941269,movement,1396,223,1709663295123
8941269,8941269,movement,1395,251,1709663295140
8941269,8941269,movement,1395,261,1709663295167
8941269,8941269,movement,1405,327,1709663295245
8941269,8941269,movement,1353,358,1709663295312
8941269,8941269,movement,1263,382,1709663295346
8941269,8941269,movement,1146,400,1709663295374
8941269,8941269,movement,1121,401,1709663295375
8941269,8941269,movement,1094,406,1709663295390
8941269,8941269,movement,1062,408,1709663295404
8941269,8941269,movement,1044,409,1709663295421
8941269,8941269,movement,1027,410,1709663295438
8941269,8941269,movement,1026,410,1709663295453
8941269,8941269,movement,1026,414,1709663295947
8941269,8941269,movement,1021,425,1709663295976
8941269,8941269,movement,1014,442,1709663295994
8941269,8941269,movement,1006,458,1709663296009
8941269,8941269,movement,996,474,1709663296028
8941269,8941269,movement,984,490,1709663296039
8941269,8941269,movement,974,504,1709663296061
8941269,8941269,movement,960,518,1709663296079
8941269,8941269,movement,955,522,1709663296086
8941269,8941269,movement,945,529,1709663296109
8941269,8941269,movement,925,538,1709663296133
8941269,8941269,movement,910,540,1709663296161
8941269,8941269,movement,907,540,1709663296169
8941269,8941269,movement,900,540,1709663296187
8941269,8941269,movement,893,538,1709663296203
8941269,8941269,movement,887,537,1709663296220
8941269,8941269,movement,881,534,1709663296237
8941269,8941269,movement,873,530,1709663296257
8941269,8941269,movement,865,518,1709663296284
8941269,8941269,movement,862,516,1709663296291
8941269,8941269,movement,860,513,1709663296303
8941269,8941269,movement,858,506,1709663296319
8941269,8941269,movement,854,501,1709663296347
8941269,8941269,movement,846,482,1709663296372
8941269,8941269,movement,845,478,1709663296396
8941269,8941269,movement,845,477,1709663296402
8941269,8941269,movement,845,474,1709663296420
8941269,8941269,movement,845,471,1709663296435
8941269,8941269,movement,844,468,1709663296453
8941269,8941269,movement,843,463,1709663296476
8941269,8941269,movement,842,457,1709663296489
8941269,8941269,movement,842,454,1709663296503
8941269,8941269,movement,842,451,1709663296526
8941269,8941269,movement,842,448,1709663296545
8941269,8941269,movement,842,446,1709663296553
8941269,8941269,movement,841,444,1709663296572
8941269,8941269,movement,840,441,1709663296590
8941269,8941269,movement,839,438,1709663296603
8941269,8941269,movement,838,437,1709663296620
8941269,8941269,movement,838,436,1709663296636
8941269,8941269,movement,838,435,1709663296654
8941269,8941269,movement,837,435,1709663296670
8941269,8941269,movement,836,435,1709663296720
8941269,8941269,mousedown,836,435,1709663296781
8941269,8941269,movement,836,434,1709663296844
8941269,8941269,movement,835,434,1709663296867
8941269,8941269,mouseup,835,434,1709663296868
8941269,8941269,movement,834,434,1709663296888
8941269,8941269,movement,833,430,1709663297109
8941269,8941269,movement,580,279,1709663297210
8941269,8941269,movement,458,217,1709663297306
8941269,8941269,singleclick,458,217,1709663296887
8941269,8941269,movement,431,204,1709663297360
8941269,8941269,movement,381,186,1709663297396
8941269,8941269,movement,321,161,1709663297481
8941269,8941269,movement,296,156,1709663297563
8941269,8941269,movement,294,155,1709663297587
8941269,8941269,movement,292,155,1709663297670
8941269,8941269,movement,290,155,1709663297686
8941269,8941269,movement,289,155,1709663297702
8941269,8941269,mousedown,289,155,1709663297772
8941269,8941269,mouseup,289,155,1709663297883
8941269,8941269,movement,300,162,1709663298025
8941269,8941269,movement,358,211,1709663298029
8941269,8941269,movement,544,353,1709663298201
8941269,8941269,movement,567,382,1709663298297
8941269,8941269,singleclick,567,382,1709663297885
8941269,8941269,movement,573,390,1709663298323
8941269,8941269,movement,574,391,1709663298334
8941269,8941269,movement,577,394,1709663298351
8941269,8941269,movement,577,397,1709663298367
8941269,8941269,movement,578,398,1709663298385
8941269,8941269,movement,578,400,1709663298400
8941269,8941269,movement,579,400,1709663298418
8941269,8941269,movement,580,400,1709663298659
8941269,8941269,mousedown,580,400,1709663298663
8941269,8941269,mouseup,580,400,1709663298716
8941269,8941269,movement,580,399,1709663298730
8941269,8941269,movement,558,375,1709663298839
8941269,8941269,movement,468,290,1709663298869
8941269,8941269,movement,422,262,1709663298904
8941269,8941269,movement,387,228,1709663298951
8941269,8941269,movement,377,215,1709663298995
8941269,8941269,movement,360,202,1709663299049
8941269,8941269,movement,357,199,1709663299091
8941269,8941269,movement,342,188,1709663299121
8941269,8941269,singleclick,342,188,1709663298730
8941269,8941269,movement,338,185,1709663299160
8941269,8941269,movement,338,184,1709663299167
8941269,8941269,movement,334,182,1709663299184
8941269,8941269,movement,330,181,1709663299203
8941269,8941269,movement,324,178,1709663299223
8941269,8941269,movement,321,178,1709663299234
8941269,8941269,movement,314,176,1709663299253
8941269,8941269,movement,296,172,1709663299281
8941269,8941269,movement,287,170,1709663299320
8941269,8941269,movement,284,169,1709663299362
8941269,8941269,movement,283,169,1709663299383
8941269,8941269,mousedown,283,169,1709663299475
8941269,8941269,mouseup,283,169,1709663299551
8941269,8941269,movement,313,182,1709663299654
8941269,8941269,movement,830,341,1709663299794
8941269,8941269,movement,914,358,1709663299895
8941269,8941269,movement,919,358,1709663299926
8941269,8941269,movement,922,358,1709663299932
8941269,8941269,movement,924,358,1709663299948
8941269,8941269,singleclick,926,358,1709663299553
8941269,8941269,movement,927,359,1709663299966
8941269,8941269,movement,931,359,1709663299983
8941269,8941269,movement,936,359,1709663300005
8941269,8941269,movement,949,358,1709663300032
8941269,8941269,movement,959,353,1709663300059
8941269,8941269,movement,966,348,1709663300080
8941269,8941269,movement,983,338,1709663300105
8941269,8941269,movement,994,334,1709663300124
8941269,8941269,movement,1006,327,1709663300136
8941269,8941269,movement,1017,322,1709663300155
8941269,8941269,movement,1029,318,1709663300166
8941269,8941269,movement,1040,316,1709663300186
8941269,8941269,movement,1053,313,1709663300203
8941269,8941269,movement,1072,311,1709663300224
8941269,8941269,movement,1097,310,1709663300283
8941269,8941269,movement,1107,308,1709663300330
8941269,8941269,movement,1125,300,1709663300376
8941269,8941269,movement,1150,291,1709663300407
8941269,8941269,movement,1186,290,1709663300429
8941269,8941269,movement,1196,289,1709663300435
8941269,8941269,movement,1207,288,1709663300448
8941269,8941269,movement,1231,283,1709663300465
8941269,8941269,movement,1259,274,1709663300486
8941269,8941269,movement,1300,252,1709663300503
8941269,8941269,movement,1322,245,1709663300520
8941269,8941269,movement,1340,241,1709663300532
8941269,8941269,movement,1349,238,1709663300550
8941269,8941269,movement,1352,236,1709663300567
8941269,8941269,movement,1355,234,1709663300583
8941269,8941269,movement,1360,230,1709663300599
8941269,8941269,movement,1364,226,1709663300615
8941269,8941269,movement,1373,215,1709663300633
8941269,8941269,movement,1378,207,1709663300649
8941269,8941269,movement,1383,199,1709663300666
8941269,8941269,movement,1386,191,1709663300685
8941269,8941269,movement,1387,186,1709663300699
8941269,8941269,movement,1387,182,1709663300716
8941269,8941269,movement,1388,179,1709663300733
8941269,8941269,movement,1388,178,1709663300749
8941269,8941269,movement,1390,176,1709663300767
8941269,8941269,movement,1390,175,1709663300784
8941269,8941269,movement,1394,173,1709663300800
8941269,8941269,movement,1397,171,1709663300816
8941269,8941269,movement,1400,170,1709663300833
8941269,8941269,movement,1406,168,1709663300850
8941269,8941269,movement,1407,168,1709663300869
8941269,8941269,movement,1409,168,1709663300883
8941269,8941269,movement,1410,169,1709663300903
8941269,8941269,movement,1410,169,1709663300917
8941269,8941269,movement,1413,169,1709663300942
8941269,8941269,movement,1414,170,1709663300966
8941269,8941269,movement,1415,170,1709663301005
8941269,8941269,mousedown,1415,170,1709663301054
8941269,8941269,mouseup,1415,170,1709663301164
8941269,8941269,movement,1414,173,1709663301240
8941269,8941269,movement,1410,179,1709663301255
8941269,8941269,movement,1408,184,1709663301265
8941269,8941269,movement,1404,190,1709663301274
8941269,8941269,movement,1381,218,1709663301298
8941269,8941269,movement,1353,247,1709663301311
8941269,8941269,movement,1336,265,1709663301322
8941269,8941269,movement,1273,320,1709663301349
8941269,8941269,movement,1180,382,1709663301380
8941269,8941269,movement,1110,422,1709663301409
8941269,8941269,movement,994,463,1709663301477
8941269,8941269,movement,898,477,1709663301985
8941269,8941269,singleclick,898,477,1709663301165
8941269,8941269,movement,897,477,1709663302175
8941269,8941269,movement,896,477,1709663302317
8941269,8941269,movement,892,477,1709663302357
8941269,8941269,movement,886,476,1709663302411
8941269,8941269,movement,882,476,1709663302451
8941269,8941269,movement,879,475,1709663302463
8941269,8941269,movement,875,474,1709663302480
8941269,8941269,movement,872,474,1709663302496
8941269,8941269,movement,871,474,1709663302514
8941269,8941269,movement,870,472,1709663302531
8941269,8941269,movement,867,470,1709663302546
8941269,8941269,movement,866,469,1709663302563
8941269,8941269,movement,865,466,1709663302580
8941269,8941269,movement,864,466,1709663302598
8941269,8941269,movement,864,465,1709663302616
8941269,8941269,movement,864,464,1709663302631
8941269,8941269,mousedown,864,464,1709663302650
8941269,8941269,movement,864,463,1709663302767
8941269,8941269,mouseup,864,463,1709663302789
8941269,8941269,movement,860,458,1709663302943
8941269,8941269,movement,853,452,1709663302965
8941269,8941269,movement,805,414,1709663302988
8941269,8941269,movement,779,394,1709663303003
8941269,8941269,movement,652,307,1709663303031
8941269,8941269,movement,590,270,1709663303052
8941269,8941269,movement,508,226,1709663303073
8941269,8941269,movement,452,192,1709663303101
8941269,8941269,movement,426,178,1709663303117
8941269,8941269,movement,416,174,1709663303131
8941269,8941269,movement,413,173,1709663303147
8941269,8941269,movement,411,173,1709663303164
8941269,8941269,movement,410,173,1709663303180
8941269,8941269,movement,406,173,1709663303195
8941269,8941269,singleclick,406,173,1709663302791
8941269,8941269,movement,405,173,1709663303223
8941269,8941269,movement,405,174,1709663303304
8941269,8941269,movement,405,174,1709663303312
8941269,8941269,movement,404,177,1709663303330
8941269,8941269,movement,403,181,1709663303346
8941269,8941269,movement,402,184,1709663303365
8941269,8941269,movement,402,189,1709663303379
8941269,8941269,movement,403,194,1709663303397
8941269,8941269,movement,409,210,1709663303417
8941269,8941269,movement,418,225,1709663303436
8941269,8941269,movement,428,241,1709663303449
8941269,8941269,movement,438,259,1709663303469
8941269,8941269,movement,450,278,1709663303487
8941269,8941269,movement,462,295,1709663303502
8941269,8941269,movement,478,318,1709663303520
8941269,8941269,movement,482,324,1709663303533
8941269,8941269,movement,487,334,1709663303552
8941269,8941269,movement,493,342,1709663303564
8941269,8941269,movement,497,348,1709663303583
8941269,8941269,movement,499,350,1709663303595
8941269,8941269,mousedown,499,350,1709663303657
8941269,8941269,mouseup,499,350,1709663303726
8941269,8941269,movement,498,348,1709663303958
8941269,8941269,movement,497,346,1709663303963
8941269,8941269,movement,415,274,1709663304072
8941269,8941269,singleclick,415,274,1709663303732
8941269,8941269,movement,338,210,1709663304193
8941269,8941269,movement,315,197,1709663304280
8941269,8941269,movement,308,190,1709663304281
8941269,8941269,movement,283,159,1709663304378
8941269,8941269,movement,282,157,1709663304432
8941269,8941269,movement,281,158,1709663304546
8941269,8941269,movement,281,163,1709663304564
8941269,8941269,movement,281,166,1709663304580
8941269,8941269,movement,282,170,1709663304595
8941269,8941269,movement,282,171,1709663304612
8941269,8941269,mousedown,282,171,1709663304692
8941269,8941269,mouseup,282,171,1709663304781
8941269,8941269,movement,294,181,1709663304846
8941269,8941269,movement,571,423,1709663304967
8941269,8941269,movement,638,536,1709663305085
8941269,8941269,movement,643,543,1709663305127
8941269,8941269,movement,643,544,1709663305136
8941269,8941269,movement,644,544,1709663305177
8941269,8941269,singleclick,644,544,1709663304783
8941269,8941269,mousedown,644,544,1709663305250
8941269,8941269,mouseup,644,544,1709663305329
8941269,8941269,movement,645,531,1709663305492
8941269,8941269,movement,631,478,1709663305518
8941269,8941269,movement,561,354,1709663305555
8941269,8941269,movement,490,290,1709663305588
8941269,8941269,movement,423,246,1709663305631
8941269,8941269,movement,395,229,1709663305669
8941269,8941269,movement,383,222,1709663305700
8941269,8941269,movement,372,217,1709663305752
8941269,8941269,singleclick,372,217,1709663305337
8941269,8941269,movement,350,206,1709663305874
8941269,8941269,movement,331,194,1709663305877
8941269,8941269,movement,304,182,1709663305986
8941269,8941269,movement,294,179,1709663306066
8941269,8941269,movement,281,177,1709663306152
8941269,8941269,movement,278,175,1709663306223
8941269,8941269,movement,278,174,1709663306274
8941269,8941269,mousedown,278,174,1709663306278
8941269,8941269,mouseup,278,174,1709663306341
8941269,8941269,movement,279,174,1709663306412
8941269,8941269,movement,649,186,1709663306541
8941269,8941269,movement,948,191,1709663306679
8941269,8941269,movement,1097,214,1709663306683
8941269,8941269,movement,1177,228,1709663306737
8941269,8941269,movement,1182,228,1709663306743
8941269,8941269,singleclick,1182,228,1709663306342
8941269,8941269,movement,1194,229,1709663306759
8941269,8941269,movement,1201,230,1709663306777
8941269,8941269,movement,1204,230,1709663306793
8941269,8941269,movement,1209,230,1709663306810
8941269,8941269,movement,1223,229,1709663306827
8941269,8941269,movement,1234,228,1709663306843
8941269,8941269,movement,1246,226,1709663306860
8941269,8941269,movement,1254,225,1709663306876
8941269,8941269,movement,1257,224,1709663306893
8941269,8941269,movement,1259,223,1709663306909
8941269,8941269,movement,1265,221,1709663306929
8941269,8941269,movement,1278,217,1709663306943
8941269,8941269,movement,1287,214,1709663306963
8941269,8941269,movement,1296,209,1709663306983
8941269,8941269,movement,1318,198,1709663307037
8941269,8941269,movement,1357,184,1709663307048
8941269,8941269,movement,1366,176,1709663307121
8941269,8941269,movement,1369,172,1709663307177
8941269,8941269,movement,1371,170,1709663307195
8941269,8941269,movement,1372,170,1709663307212
8941269,8941269,movement,1374,167,1709663307227
8941269,8941269,movement,1375,166,1709663307243
8941269,8941269,movement,1378,165,1709663307267
8941269,8941269,movement,1379,165,1709663307277
8941269,8941269,movement,1382,165,1709663307293
8941269,8941269,movement,1386,165,1709663307310
8941269,8941269,movement,1390,164,1709663307333
8941269,8941269,movement,1393,164,1709663307351
8941269,8941269,movement,1395,164,1709663307367
8941269,8941269,movement,1397,164,1709663307376
8941269,8941269,movement,1400,164,1709663307393
8941269,8941269,movement,1403,164,1709663307412
8941269,8941269,movement,1405,164,1709663307426
8941269,8941269,movement,1406,164,1709663307443
8941269,8941269,movement,1408,165,1709663307476
8941269,8941269,movement,1409,166,1709663307494
8941269,8941269,movement,1410,166,1709663307511
8941269,8941269,movement,1411,167,1709663307527
8941269,8941269,movement,1412,167,1709663307544
8941269,8941269,movement,1412,168,1709663307575
8941269,8941269,movement,1414,168,1709663307617
8941269,8941269,movement,1416,169,1709663307653
8941269,8941269,movement,1417,169,1709663307669
8941269,8941269,mousedown,1417,169,1709663307798
8941269,8941269,mouseup,1417,169,1709663307916
8941269,8941269,movement,1418,169,1709663307966
8941269,8941269,mousedown,1418,169,1709663307967
8941269,8941269,mouseup,1418,169,1709663308069
8941269,8941269,doubleclick,1418,169,1709663308070
8941269,8941269,movement,1410,178,1709663308459
8941269,8941269,movement,1409,178,1709663308476
8941269,8941269,movement,1408,178,1709663308482
8941269,8941269,movement,1407,179,1709663308534
8941269,8941269,movement,1406,179,1709663308548
8941269,8941269,movement,1026,447,1709663308971
8941269,8941269,movement,1026,450,1709663309066
8941269,8941269,mousedown,1026,450,1709663309068
8941269,8941269,movement,1025,450,1709663309144
8941269,8941269,movement,1025,449,1709663309163
8941269,8941269,mouseup,1025,449,1709663309164
8941269,8941269,movement,1024,449,1709663309190
8941269,8941269,movement,1023,449,1709663309306
8941269,8941269,movement,1022,448,1709663309330
8941269,8941269,movement,1022,448,1709663309338
8941269,8941269,movement,994,442,1709663309463
8941269,8941269,movement,980,438,1709663309495
8941269,8941269,movement,980,438,1709663309512
8941269,8941269,movement,973,436,1709663309554
8941269,8941269,movement,969,434,1709663309597
8941269,8941269,singleclick,969,434,1709663309173
8941269,8941269,movement,968,434,1709663309760
8941269,8941269,movement,966,433,1709663309791
8941269,8941269,movement,958,430,1709663309807
8941269,8941269,movement,945,423,1709663309827
8941269,8941269,movement,918,413,1709663309841
8941269,8941269,movement,864,388,1709663309857
8941269,8941269,movement,787,345,1709663309875
8941269,8941269,movement,647,276,1709663309891
8941269,8941269,movement,559,242,1709663309908
8941269,8941269,movement,478,210,1709663309923
8941269,8941269,movement,407,182,1709663309946
8941269,8941269,movement,347,164,1709663309966
8941269,8941269,movement,338,161,1709663309975
8941269,8941269,movement,327,158,1709663309991
8941269,8941269,movement,322,156,1709663310014
8941269,8941269,movement,319,157,1709663310207
8941269,8941269,movement,312,160,1709663310232
8941269,8941269,movement,309,161,1709663310240
8941269,8941269,movement,299,163,1709663310258
8941269,8941269,movement,292,165,1709663310273
8941269,8941269,movement,285,167,1709663310290
8941269,8941269,movement,277,170,1709663310307
8941269,8941269,movement,270,174,1709663310325
8941269,8941269,movement,266,175,1709663310341
8941269,8941269,movement,262,178,1709663310358
8941269,8941269,movement,261,178,1709663310373
8941269,8941269,movement,260,178,1709663310393
8941269,8941269,mousedown,260,178,1709663310466
8941269,8941269,mouseup,260,178,1709663310543
8941269,8941269,movement,261,178,1709663310690
8941269,8941269,movement,263,178,1709663310708
8941269,8941269,movement,266,178,1709663310723
8941269,8941269,movement,268,178,1709663310740
8941269,8941269,movement,270,177,1709663310756
8941269,8941269,movement,271,176,1709663310794
8941269,8941269,movement,272,176,1709663310816
8941269,8941269,movement,275,175,1709663310840
8941269,8941269,movement,276,174,1709663310856
8941269,8941269,movement,277,174,1709663310874
8941269,8941269,mousedown,277,174,1709663310922
8941269,8941269,singleclick,277,174,1709663310545
8941269,8941269,mouseup,277,174,1709663310997
8941269,8941269,movement,279,175,1709663311092
8941269,8941269,movement,301,194,1709663311136
8941269,8941269,movement,478,351,1709663311208
8941269,8941269,movement,574,451,1709663311234
8941269,8941269,movement,618,533,1709663311267
8941269,8941269,movement,623,542,1709663311283
8941269,8941269,movement,625,542,1709663311304
8941269,8941269,movement,626,542,1709663311328
8941269,8941269,movement,626,542,1709663311352
8941269,8941269,movement,626,541,1709663311368
8941269,8941269,movement,626,538,1709663311383
8941269,8941269,movement,627,536,1709663311389
8941269,8941269,movement,627,534,1709663311405
8941269,8941269,singleclick,627,534,1709663310998
8941269,8941269,movement,627,527,1709663311427
8941269,8941269,movement,627,511,1709663311444
8941269,8941269,movement,627,498,1709663311459
8941269,8941269,movement,629,481,1709663311493
8941269,8941269,movement,629,474,1709663311529
8941269,8941269,movement,629,473,1709663311578
8941269,8941269,movement,629,472,1709663311588
8941269,8941269,movement,629,471,1709663311605
8941269,8941269,movement,629,470,1709663311622
8941269,8941269,movement,629,469,1709663311668
8941269,8941269,mousedown,629,469,1709663311696
8941269,8941269,mouseup,629,469,1709663311773
8941269,8941269,movement,629,466,1709663311983
8941269,8941269,movement,593,430,1709663312006
8941269,8941269,movement,514,377,1709663312033
8941269,8941269,movement,400,302,1709663312076
8941269,8941269,movement,354,271,1709663312142
8941269,8941269,singleclick,354,271,1709663311779
8941269,8941269,movement,332,249,1709663312234
8941269,8941269,movement,330,246,1709663312260
8941269,8941269,movement,330,242,1709663312274
8941269,8941269,movement,329,237,1709663312289
8941269,8941269,movement,327,230,1709663312317
8941269,8941269,movement,324,226,1709663312325
8941269,8941269,movement,322,221,1709663312344
8941269,8941269,movement,317,214,1709663312367
8941269,8941269,movement,315,213,1709663312375
8941269,8941269,movement,312,209,1709663312389
8941269,8941269,movement,309,206,1709663312404
8941269,8941269,movement,307,205,1709663312421
8941269,8941269,movement,306,204,1709663312437
8941269,8941269,movement,306,204,1709663312455
8941269,8941269,movement,302,202,1709663312472
8941269,8941269,movement,299,202,1709663312488
8941269,8941269,movement,295,199,1709663312506
8941269,8941269,movement,290,196,1709663312530
8941269,8941269,movement,284,191,1709663312563
8941269,8941269,movement,282,190,1709663312571
8941269,8941269,movement,281,189,1709663312589
8941269,8941269,movement,278,188,1709663312606
8941269,8941269,movement,278,187,1709663312622
8941269,8941269,movement,277,187,1709663312639
8941269,8941269,movement,277,186,1709663312655
8941269,8941269,movement,276,186,1709663312699
8941269,8941269,movement,275,185,1709663312722
8941269,8941269,movement,274,185,1709663312740
8941269,8941269,movement,274,184,1709663312775
8941269,8941269,mousedown,274,184,1709663312794
8941269,8941269,mouseup,274,184,1709663312882
8941269,8941269,movement,281,184,1709663312980
8941269,8941269,movement,380,190,1709663313068
8941269,8941269,movement,850,205,1709663313098
8941269,8941269,movement,1167,203,1709663313194
8941269,8941269,movement,1196,202,1709663313291
8941269,8941269,singleclick,1196,202,1709663312883
8941269,8941269,movement,1197,202,1709663313331
8941269,8941269,movement,1197,202,1709663313343
8941269,8941269,movement,1198,202,1709663313382
8941269,8941269,movement,1198,201,1709663313390
8941269,8941269,movement,1199,200,1709663313396
8941269,8941269,movement,1202,199,1709663313430
8941269,8941269,movement,1208,198,1709663313454
8941269,8941269,movement,1226,194,1709663313470
8941269,8941269,movement,1233,193,1709663313477
8941269,8941269,movement,1242,193,1709663313487
8941269,8941269,movement,1270,190,1709663313508
8941269,8941269,movement,1311,188,1709663313521
8941269,8941269,movement,1343,187,1709663313541
8941269,8941269,movement,1349,186,1709663313585
8941269,8941269,movement,1350,186,1709663313607
8941269,8941269,movement,1355,186,1709663313641
8941269,8941269,movement,1363,186,1709663313667
8941269,8941269,movement,1381,183,1709663313710
8941269,8941269,movement,1384,183,1709663313722
8941269,8941269,movement,1388,182,1709663313738
8941269,8941269,movement,1392,182,1709663313755
8941269,8941269,movement,1402,179,1709663313770
8941269,8941269,movement,1406,178,1709663313790
8941269,8941269,movement,1410,177,1709663313807
8941269,8941269,movement,1410,176,1709663313822
8941269,8941269,movement,1411,176,1709663313842
8941269,8941269,movement,1412,175,1709663313874
8941269,8941269,movement,1414,174,1709663313907
8941269,8941269,movement,1414,174,1709663313930
8941269,8941269,movement,1418,173,1709663313977
8941269,8941269,movement,1419,172,1709663314033
8941269,8941269,movement,1420,172,1709663314042
8941269,8941269,mousedown,1420,172,1709663314110
8941269,8941269,mouseup,1420,172,1709663314224
8941269,8941269,mousedown,1420,172,1709663314937
8941269,8941269,mouseup,1420,172,1709663314995
8941269,8941269,singleclick,1420,172,1709663314226
8941269,8941269,movement,1419,172,1709663315264
8941269,8941269,movement,1027,309,1709663315633
8941269,8941269,movement,1000,308,1709663315720
8941269,8941269,singleclick,1000,308,1709663314996
8941269,8941269,movement,992,309,1709663315749
8941269,8941269,movement,983,312,1709663315769
8941269,8941269,movement,977,314,1709663315785
8941269,8941269,movement,970,318,1709663315802
8941269,8941269,movement,964,320,1709663315819
8941269,8941269,movement,958,323,1709663315838
8941269,8941269,movement,954,325,1709663315851
8941269,8941269,movement,950,327,1709663315867
8941269,8941269,movement,949,330,1709663315885
8941269,8941269,movement,946,332,1709663315901
8941269,8941269,movement,946,333,1709663315922
8941269,8941269,movement,946,334,1709663315934
8941269,8941269,movement,945,334,1709663315951
8941269,8941269,movement,945,336,1709663315967
8941269,8941269,movement,944,337,1709663315984
8941269,8941269,movement,944,338,1709663316000
8941269,8941269,movement,943,338,1709663316018
8941269,8941269,movement,943,340,1709663316034
8941269,8941269,movement,942,340,1709663316088
8941269,8941269,movement,942,341,1709663316110
8941269,8941269,movement,942,342,1709663316118
8941269,8941269,movement,942,342,1709663316134
8941269,8941269,movement,942,343,1709663316145
8941269,8941269,movement,942,344,1709663316155
8941269,8941269,movement,941,346,1709663316167
8941269,8941269,movement,941,346,1709663316184
8941269,8941269,movement,940,348,1709663316200
8941269,8941269,mousedown,940,348,1709663316276
8941269,8941269,mouseup,940,348,1709663316361
8941269,8941269,movement,939,350,1709663316691
8941269,8941269,singleclick,939,350,1709663316368
8941269,8941269,movement,936,354,1709663316796
8941269,8941269,movement,934,354,1709663316892
8941269,8941269,movement,861,341,1709663316961
8941269,8941269,movement,829,334,1709663316970
8941269,8941269,movement,738,314,1709663316988
8941269,8941269,movement,648,285,1709663317004
8941269,8941269,movement,554,250,1709663317020
8941269,8941269,movement,471,214,1709663317035
8941269,8941269,movement,410,179,1709663317056
8941269,8941269,movement,383,169,1709663317070
8941269,8941269,movement,373,167,1709663317084
8941269,8941269,movement,372,167,1709663317101
8941269,8941269,movement,371,167,1709663317117
8941269,8941269,movement,370,167,1709663317234
8941269,8941269,movement,370,170,1709663317251
8941269,8941269,movement,370,171,1709663317267
8941269,8941269,movement,369,173,1709663317283
8941269,8941269,movement,369,175,1709663317300
8941269,8941269,movement,367,177,1709663317317
8941269,8941269,movement,366,178,1709663317335
8941269,8941269,movement,365,178,1709663317350
8941269,8941269,movement,365,179,1709663317367
8941269,8941269,movement,362,182,1709663317383
8941269,8941269,movement,359,186,1709663317404
8941269,8941269,movement,354,190,1709663317421
8941269,8941269,movement,345,195,1709663317437
8941269,8941269,movement,338,198,1709663317452
8941269,8941269,movement,334,199,1709663317468
8941269,8941269,movement,331,200,1709663317484
8941269,8941269,movement,330,200,1709663317501
8941269,8941269,movement,328,200,1709663317518
8941269,8941269,movement,326,198,1709663317536
8941269,8941269,movement,325,197,1709663317542
8941269,8941269,movement,323,194,1709663317551
8941269,8941269,movement,322,193,1709663317567
8941269,8941269,movement,319,192,1709663317585
8941269,8941269,movement,318,190,1709663317602
8941269,8941269,movement,317,190,1709663317616
8941269,8941269,movement,314,188,1709663317635
8941269,8941269,movement,314,187,1709663317650
8941269,8941269,movement,311,186,1709663317679
8941269,8941269,movement,310,186,1709663317697
8941269,8941269,movement,304,185,1709663317720
8941269,8941269,movement,297,184,1709663317756
8941269,8941269,movement,294,184,1709663317795
8941269,8941269,movement,290,184,1709663317822
8941269,8941269,movement,289,184,1709663317833
8941269,8941269,movement,288,183,1709663317853
8941269,8941269,movement,287,183,1709663317901
8941269,8941269,movement,287,182,1709663317971
8941269,8941269,mousedown,287,182,1709663317975
8941269,8941269,mouseup,287,182,1709663318068
8941269,8941269,movement,291,184,1709663318281
8941269,8941269,movement,302,193,1709663318353
8941269,8941269,movement,321,210,1709663318375
8941269,8941269,movement,334,238,1709663318450
8941269,8941269,singleclick,334,238,1709663318070
8941269,8941269,movement,341,251,1709663318474
8941269,8941269,movement,344,256,1709663318493
8941269,8941269,movement,354,272,1709663318512
8941269,8941269,movement,361,280,1709663318526
8941269,8941269,movement,370,294,1709663318571
8941269,8941269,movement,378,302,1709663318571
8941269,8941269,movement,404,330,1709663318619
8941269,8941269,movement,429,350,1709663318695
8941269,8941269,movement,433,352,1709663318806
8941269,8941269,movement,435,355,1709663318875
8941269,8941269,movement,437,358,1709663318881
8941269,8941269,movement,438,360,1709663318898
8941269,8941269,movement,440,363,1709663318918
8941269,8941269,movement,441,365,1709663318931
8941269,8941269,movement,443,369,1709663318948
8941269,8941269,movement,445,371,1709663318964
8941269,8941269,movement,446,373,1709663318987
8941269,8941269,movement,446,374,1709663319000
8941269,8941269,movement,446,376,1709663319015
8941269,8941269,movement,447,377,1709663319031
8941269,8941269,movement,448,378,1709663319050
8941269,8941269,movement,448,378,1709663319115
8941269,8941269,movement,448,379,1709663319125
8941269,8941269,movement,448,380,1709663319133
8941269,8941269,movement,449,381,1709663319150
8941269,8941269,movement,450,382,1709663319167
8941269,8941269,movement,450,383,1709663319185
8941269,8941269,movement,450,385,1709663319207
8941269,8941269,movement,450,386,1709663319225
8941269,8941269,movement,451,386,1709663319241
8941269,8941269,mousedown,451,386,1709663319319
8941269,8941269,mouseup,451,386,1709663319432
8941269,8941269,movement,450,386,1709663319778
8941269,8941269,movement,377,318,1709663319878
8941269,8941269,singleclick,377,318,1709663319440
8941269,8941269,movement,291,246,1709663319961
8941269,8941269,movement,289,243,1709663319965
8941269,8941269,movement,288,241,1709663319984
8941269,8941269,movement,287,238,1709663319997
8941269,8941269,movement,287,237,1709663320014
8941269,8941269,movement,287,236,1709663320031
8941269,8941269,movement,288,234,1709663320055
8941269,8941269,movement,288,230,1709663320065
8941269,8941269,movement,290,227,1709663320081
8941269,8941269,movement,292,223,1709663320097
8941269,8941269,movement,295,220,1709663320116
8941269,8941269,movement,298,215,1709663320132
8941269,8941269,movement,298,213,1709663320149
8941269,8941269,movement,300,206,1709663320164
8941269,8941269,movement,300,202,1709663320182
8941269,8941269,movement,300,199,1709663320198
8941269,8941269,movement,300,198,1709663320216
8941269,8941269,movement,300,198,1709663320233
8941269,8941269,movement,300,197,1709663320248
8941269,8941269,movement,300,196,1709663320267
8941269,8941269,movement,299,195,1709663320281
8941269,8941269,movement,298,193,1709663320297
8941269,8941269,movement,298,192,1709663320322
8941269,8941269,movement,296,190,1709663320339
8941269,8941269,movement,295,188,1709663320352
8941269,8941269,movement,292,186,1709663320365
8941269,8941269,movement,290,184,1709663320394
8941269,8941269,movement,286,180,1709663320449
8941269,8941269,movement,285,180,1709663320471
8941269,8941269,mousedown,285,180,1709663320550
8941269,8941269,movement,285,179,1709663320566
8941269,8941269,mouseup,285,179,1709663320627
8941269,8941269,movement,286,179,1709663320751
8941269,8941269,movement,289,179,1709663320774
8941269,8941269,movement,301,180,1709663320806
8941269,8941269,movement,345,177,1709663320848
8941269,8941269,movement,424,169,1709663320894
8941269,8941269,movement,550,169,1709663320944
8941269,8941269,movement,818,170,1709663321006
8941269,8941269,movement,853,170,1709663321012
8941269,8941269,movement,923,170,1709663321030
8941269,8941269,singleclick,923,170,1709663320629
8941269,8941269,movement,981,170,1709663321047
8941269,8941269,movement,1032,170,1709663321064
8941269,8941269,movement,1077,169,1709663321081
8941269,8941269,movement,1124,169,1709663321097
8941269,8941269,movement,1152,169,1709663321113
8941269,8941269,movement,1176,169,1709663321130
8941269,8941269,movement,1198,169,1709663321147
8941269,8941269,movement,1233,171,1709663321164
8941269,8941269,movement,1257,174,1709663321186
8941269,8941269,movement,1334,182,1709663321237
8941269,8941269,movement,1371,186,1709663321264
8941269,8941269,movement,1385,186,1709663321277
8941269,8941269,movement,1390,186,1709663321283
8941269,8941269,movement,1393,186,1709663321314
8941269,8941269,movement,1404,186,1709663321339
8941269,8941269,movement,1410,186,1709663321359
8941269,8941269,movement,1411,186,1709663321365
8941269,8941269,movement,1414,186,1709663321382
8941269,8941269,movement,1416,186,1709663321399
8941269,8941269,movement,1418,184,1709663321581
8941269,8941269,movement,1421,182,1709663321616
8941269,8941269,movement,1426,177,1709663321654
8941269,8941269,movement,1432,174,1709663321707
8941269,8941269,movement,1433,173,1709663321740
8941269,8941269,mousedown,1433,173,1709663321761
8941269,8941269,mouseup,1433,173,1709663321870
8941269,8941269,singleclick,1433,173,1709663321871
8941269,8941269,movement,1432,173,1709663322577
8941269,8941269,movement,1431,174,1709663322837
8941269,8941269,movement,1422,181,1709663322856
8941269,8941269,movement,1415,186,1709663322862
8941269,8941269,movement,1399,196,1709663322882
8941269,8941269,movement,1378,208,1709663322899
8941269,8941269,movement,1344,227,1709663322914
8941269,8941269,movement,1314,239,1709663322930
8941269,8941269,movement,1285,251,1709663322947
8941269,8941269,movement,1254,266,1709663322968
8941269,8941269,movement,1225,279,1709663322982
8941269,8941269,movement,1194,293,1709663323002
8941269,8941269,movement,1171,303,1709663323017
8941269,8941269,movement,1150,314,1709663323027
8941269,8941269,movement,1132,323,1709663323049
8941269,8941269,movement,1122,331,1709663323062
8941269,8941269,movement,1114,337,1709663323085
8941269,8941269,movement,1109,341,1709663323101
8941269,8941269,movement,1107,343,1709663323118
8941269,8941269,movement,1106,344,1709663323128
8941269,8941269,mousedown,1106,344,1709663323358
8941269,8941269,mouseup,1106,344,1709663323471
8941269,8941269,movement,1104,344,1709663323849
8941269,8941269,singleclick,1104,344,1709663323481
8941269,8941269,movement,1043,338,1709663323942
8941269,8941269,movement,902,313,1709663324022
8941269,8941269,movement,786,286,1709663324060
8941269,8941269,movement,737,274,1709663324077
8941269,8941269,movement,689,262,1709663324096
8941269,8941269,movement,640,250,1709663324113
8941269,8941269,movement,590,238,1709663324132
8941269,8941269,movement,578,236,1709663324144
8941269,8941269,movement,535,229,1709663324161
8941269,8941269,movement,507,227,1709663324177
8941269,8941269,movement,482,226,1709663324194
8941269,8941269,movement,465,224,1709663324210
8941269,8941269,movement,452,222,1709663324228
8941269,8941269,movement,443,221,1709663324243
8941269,8941269,movement,436,219,1709663324261
8941269,8941269,movement,430,219,1709663324277
8941269,8941269,movement,419,217,1709663324297
8941269,8941269,movement,411,215,1709663324312
8941269,8941269,movement,400,211,1709663324329
8941269,8941269,movement,368,202,1709663324356
8941269,8941269,movement,350,199,1709663324369
8941269,8941269,movement,342,198,1709663324378
8941269,8941269,movement,335,197,1709663324394
8941269,8941269,movement,330,197,1709663324403
8941269,8941269,movement,322,196,1709663324412
8941269,8941269,movement,318,196,1709663324427
8941269,8941269,movement,315,196,1709663324444
8941269,8941269,movement,314,196,1709663324461
8941269,8941269,movement,313,196,1709663324478
8941269,8941269,movement,310,196,1709663324495
8941269,8941269,movement,302,196,1709663324510
8941269,8941269,movement,298,196,1709663324527
8941269,8941269,movement,295,194,1709663324543
8941269,8941269,movement,293,194,1709663324561
8941269,8941269,movement,291,193,1709663324578
8941269,8941269,movement,288,191,1709663324599
8941269,8941269,movement,282,188,1709663324610
8941269,8941269,movement,278,186,1709663324629
8941269,8941269,movement,275,184,1709663324650
8941269,8941269,movement,274,183,1709663324669
8941269,8941269,movement,273,182,1709663324713
8941269,8941269,movement,273,182,1709663324739
8941269,8941269,movement,272,181,1709663324762
8941269,8941269,mousedown,272,181,1709663324858
8941269,8941269,mouseup,272,181,1709663324978
8941269,8941269,movement,277,181,1709663325063
8941269,8941269,movement,285,183,1709663325156
8941269,8941269,movement,349,208,1709663325182
8941269,8941269,movement,465,244,1709663325276
8941269,8941269,movement,517,262,1709663325365
8941269,8941269,movement,527,266,1709663325380
8941269,8941269,singleclick,527,266,1709663324981
8941269,8941269,movement,537,268,1709663325396
8941269,8941269,movement,543,270,1709663325409
8941269,8941269,movement,550,272,1709663325437
8941269,8941269,movement,552,273,1709663325471
8941269,8941269,movement,557,279,1709663325516
8941269,8941269,movement,558,281,1709663325525
8941269,8941269,movement,561,285,1709663325544
8941269,8941269,movement,564,290,1709663325558
8941269,8941269,movement,565,294,1709663325583
8941269,8941269,movement,565,301,1709663325597
8941269,8941269,movement,566,302,1709663325609
8941269,8941269,movement,566,306,1709663325630
8941269,8941269,movement,566,309,1709663325656
8941269,8941269,movement,567,311,1709663325668
8941269,8941269,mousedown,567,311,1709663325836
8941269,8941269,mouseup,567,311,1709663325920
8941269,8941269,movement,466,241,1709663326308
8941269,8941269,movement,451,233,1709663326317
8941269,8941269,movement,438,226,1709663326326
8941269,8941269,singleclick,438,226,1709663325928
8941269,8941269,movement,416,214,1709663326343
8941269,8941269,movement,397,205,1709663326358
8941269,8941269,movement,374,197,1709663326377
8941269,8941269,movement,365,193,1709663326392
8941269,8941269,movement,357,190,1709663326416
8941269,8941269,movement,350,186,1709663326425
8941269,8941269,movement,346,185,1709663326444
8941269,8941269,movement,339,182,1709663326461
8941269,8941269,movement,333,180,1709663326477
8941269,8941269,movement,327,178,1709663326495
8941269,8941269,movement,322,177,1709663326509
8941269,8941269,movement,319,175,1709663326526
8941269,8941269,movement,317,174,1709663326548
8941269,8941269,movement,314,173,1709663326564
8941269,8941269,movement,305,170,1709663326588
8941269,8941269,movement,295,169,1709663326618
8941269,8941269,movement,289,167,1709663326656
8941269,8941269,movement,287,167,1709663326692
8941269,8941269,movement,286,167,1709663326700
8941269,8941269,movement,286,166,1709663326745
8941269,8941269,movement,286,166,1709663326807
8941269,8941269,mousedown,286,166,1709663326832
8941269,8941269,mouseup,286,166,1709663326936
8941269,8941269,movement,288,166,1709663327017
8941269,8941269,movement,427,174,1709663327144
8941269,8941269,movement,494,174,1709663327188
8941269,8941269,movement,526,174,1709663327202
8941269,8941269,movement,550,174,1709663327207
8941269,8941269,movement,605,174,1709663327223
8941269,8941269,movement,660,178,1709663327241
8941269,8941269,movement,700,181,1709663327257
8941269,8941269,movement,738,181,1709663327274
8941269,8941269,movement,779,181,1709663327296
8941269,8941269,movement,816,180,1709663327310
8941269,8941269,movement,862,180,1709663327326
8941269,8941269,movement,907,176,1709663327355
8941269,8941269,singleclick,907,176,1709663326938
8941269,8941269,movement,951,170,1709663327383
8941269,8941269,movement,997,168,1709663327402
8941269,8941269,movement,1013,166,1709663327408
8941269,8941269,movement,1039,166,1709663327423
8941269,8941269,movement,1066,166,1709663327441
8941269,8941269,movement,1094,166,1709663327457
8941269,8941269,movement,1125,166,1709663327475
8941269,8941269,movement,1164,166,1709663327491
8941269,8941269,movement,1213,171,1709663327508
8941269,8941269,movement,1328,182,1709663327539
8941269,8941269,movement,1422,191,1709663327567
8941269,8941269,movement,1457,192,1709663327611
8941269,8941269,movement,1466,186,1709663327654
8941269,8941269,movement,1466,185,1709663327672
8941269,8941269,movement,1466,183,1709663327684
8941269,8941269,movement,1465,182,1709663327691
8941269,8941269,movement,1464,181,1709663327708
8941269,8941269,movement,1462,180,1709663327730
8941269,8941269,movement,1454,177,1709663327775
8941269,8941269,movement,1442,177,1709663327819
8941269,8941269,movement,1434,177,1709663327850
8941269,8941269,movement,1430,177,1709663327861
8941269,8941269,movement,1426,177,1709663327877
8941269,8941269,movement,1424,177,1709663327890
8941269,8941269,movement,1423,177,1709663327928
8941269,8941269,movement,1422,177,1709663327941
8941269,8941269,mousedown,1422,177,1709663328068
8941269,8941269,movement,1422,176,1709663328093
8941269,8941269,mouseup,1422,176,1709663328170
8941269,8941269,movement,1406,197,1709663328873
8941269,8941269,movement,1398,206,1709663328947
8941269,8941269,movement,1398,209,1709663328968
8941269,8941269,singleclick,1398,209,1709663328172
8941269,8941269,movement,1398,211,1709663328999
8941269,8941269,movement,1400,235,1709663329073
8941269,8941269,movement,1401,254,1709663329126
8941269,8941269,movement,1402,273,1709663329147
8941269,8941269,movement,1402,277,1709663329156
8941269,8941269,movement,1402,284,1709663329173
8941269,8941269,movement,1402,290,1709663329192
8941269,8941269,movement,1402,300,1709663329215
8941269,8941269,movement,1402,313,1709663329243
8941269,8941269,movement,1402,317,1709663329256
8941269,8941269,movement,1400,321,1709663329274
8941269,8941269,movement,1397,328,1709663329299
8941269,8941269,movement,1394,333,1709663329323
8941269,8941269,movement,1381,345,1709663329352
8941269,8941269,movement,1366,350,1709663329367
8941269,8941269,movement,1355,352,1709663329372
8941269,8941269,movement,1322,354,1709663329394
8941269,8941269,movement,1265,354,1709663329405
8941269,8941269,movement,1170,354,1709663329422
8941269,8941269,movement,1117,354,1709663329439
8941269,8941269,movement,1082,354,1709663329456
8941269,8941269,movement,1054,354,1709663329472
8941269,8941269,movement,1031,354,1709663329490
8941269,8941269,movement,1010,356,1709663329505
8941269,8941269,movement,992,358,1709663329524
8941269,8941269,movement,978,359,1709663329541
8941269,8941269,movement,963,364,1709663329560
8941269,8941269,movement,961,365,1709663329573
8941269,8941269,movement,958,366,1709663329589
8941269,8941269,movement,957,366,1709663329612
8941269,8941269,movement,956,366,1709663329627
8941269,8941269,movement,956,367,1709663329719
8941269,8941269,movement,956,368,1709663329727
8941269,8941269,movement,956,369,1709663329745
8941269,8941269,movement,956,370,1709663329756
8941269,8941269,movement,957,370,1709663329774
8941269,8941269,movement,958,372,1709663329791
8941269,8941269,movement,958,374,1709663329823
8941269,8941269,movement,959,377,1709663329841
8941269,8941269,movement,961,378,1709663329855
8941269,8941269,movement,962,378,1709663329884
8941269,8941269,movement,962,379,1709663329892
8941269,8941269,movement,963,380,1709663329905
8941269,8941269,movement,964,380,1709663329922
8941269,8941269,mousedown,964,380,1709663330027
8941269,8941269,mouseup,964,380,1709663330143
8941269,8941269,movement,962,380,1709663330229
8941269,8941269,movement,961,380,1709663330233
8941269,8941269,movement,961,379,1709663330240
8941269,8941269,movement,959,379,1709663330254
8941269,8941269,movement,955,377,1709663330271
8941269,8941269,movement,942,372,1709663330295
8941269,8941269,movement,912,363,1709663330312
8941269,8941269,movement,900,358,1709663330327
8941269,8941269,movement,860,346,1709663330338
8941269,8941269,movement,792,327,1709663330363
8941269,8941269,movement,679,300,1709663330383
8941269,8941269,movement,665,295,1709663330389
8941269,8941269,movement,653,290,1709663330414
8941269,8941269,movement,591,270,1709663330457
8941269,8941269,movement,476,198,1709663330630
8941269,8941269,singleclick,476,198,1709663330161
8941269,8941269,movement,370,150,1709663330727
8941269,8941269,movement,358,146,1709663330856
8941269,8941269,movement,336,142,1709663330942
8941269,8941269,movement,323,142,1709663330983
8941269,8941269,movement,320,144,1709663330986
8941269,8941269,movement,313,147,1709663331005
8941269,8941269,movement,304,152,1709663331023
8941269,8941269,movement,294,157,1709663331046
8941269,8941269,movement,286,162,1709663331056
8941269,8941269,movement,278,166,1709663331072
8941269,8941269,movement,275,168,1709663331089
8941269,8941269,movement,271,171,1709663331107
8941269,8941269,movement,271,172,1709663331123
8941269,8941269,movement,270,172,1709663331141
8941269,8941269,movement,270,173,1709663331157
8941269,8941269,movement,270,174,1709663331173
8941269,8941269,mousedown,270,174,1709663331351
8941269,8941269,mouseup,270,174,1709663331443
8941269,8941269,movement,271,174,1709663331515
8941269,8941269,movement,293,178,1709663331597
8941269,8941269,movement,359,194,1709663331650
8941269,8941269,movement,440,236,1709663331717
8941269,8941269,movement,442,241,1709663331735
8941269,8941269,movement,445,244,1709663331748
8941269,8941269,movement,446,246,1709663331759
8941269,8941269,movement,450,251,1709663331771
8941269,8941269,movement,458,259,1709663331796
8941269,8941269,movement,475,274,1709663331821
8941269,8941269,movement,488,290,1709663331840
8941269,8941269,movement,490,296,1709663331847
8941269,8941269,singleclick,490,296,1709663331445
8941269,8941269,movement,498,306,1709663331863
8941269,8941269,movement,503,320,1709663331887
8941269,8941269,movement,510,339,1709663331922
8941269,8941269,movement,526,390,1709663332009
8941269,8941269,movement,534,426,1709663332136
8941269,8941269,movement,534,427,1709663332263
8941269,8941269,movement,535,428,1709663332270
8941269,8941269,movement,535,430,1709663332286
8941269,8941269,movement,536,432,1709663332302
8941269,8941269,movement,537,432,1709663332319
8941269,8941269,movement,537,433,1709663332336
8941269,8941269,movement,537,434,1709663332352
8941269,8941269,mousedown,537,434,1709663332421
8941269,8941269,mouseup,537,434,1709663332506
8941269,8941269,movement,537,428,1709663332691
8941269,8941269,movement,503,368,1709663332785
8941269,8941269,movement,365,238,1709663332861
8941269,8941269,movement,349,226,1709663332880
8941269,8941269,movement,347,223,1709663332885
8941269,8941269,movement,345,222,1709663332903
8941269,8941269,movement,344,220,1709663332920
8941269,8941269,singleclick,344,220,1709663332519
8941269,8941269,movement,342,218,1709663332936
8941269,8941269,movement,338,214,1709663332955
8941269,8941269,movement,331,210,1709663332969
8941269,8941269,movement,325,204,1709663332985
8941269,8941269,movement,321,198,1709663333002
8941269,8941269,movement,316,194,1709663333019
8941269,8941269,movement,310,189,1709663333035
8941269,8941269,movement,304,184,1709663333052
8941269,8941269,movement,302,182,1709663333076
8941269,8941269,movement,300,181,1709663333087
8941269,8941269,movement,297,178,1709663333120
8941269,8941269,movement,294,176,1709663333136
8941269,8941269,movement,290,174,1709663333152
8941269,8941269,movement,286,170,1709663333171
8941269,8941269,movement,285,170,1709663333187
8941269,8941269,movement,283,169,1709663333205
8941269,8941269,movement,283,168,1709663333220
8941269,8941269,mousedown,283,168,1709663333362
8941269,8941269,mouseup,283,168,1709663333446
8941269,8941269,movement,333,194,1709663333661
8941269,8941269,movement,361,205,1709663333682
8941269,8941269,movement,457,205,1709663333784
8941269,8941269,movement,489,191,1709663333785
8941269,8941269,movement,513,166,1709663333812
8941269,8941269,movement,517,158,1709663333817
8941269,8941269,movement,531,132,1709663333836
8941269,8941269,movement,538,110,1709663333852
8941269,8941269,singleclick,538,110,1709663333448
8941269,8941269,movement,541,90,1709663333870
8941269,8941269,movement,499,87,1709663334419
8941269,8941269,movement,466,111,1709663334436
8941269,8941269,movement,426,133,1709663334452
8941269,8941269,movement,386,155,1709663334471
8941269,8941269,movement,342,178,1709663334490
8941269,8941269,movement,322,186,1709663334507
8941269,8941269,movement,305,190,1709663334520
8941269,8941269,movement,291,192,1709663334538
8941269,8941269,movement,282,193,1709663334555
8941269,8941269,movement,270,193,1709663334575
8941269,8941269,movement,266,192,1709663334589
8941269,8941269,movement,261,191,1709663334605
8941269,8941269,movement,254,189,1709663334623
8941269,8941269,movement,250,187,1709663334633
8941269,8941269,movement,250,187,1709663334651
8941269,8941269,movement,250,189,1709663334750
8941269,8941269,movement,250,190,1709663334759
8941269,8941269,movement,253,198,1709663334781
8941269,8941269,movement,259,205,1709663334803
8941269,8941269,movement,289,231,1709663334842
8941269,8941269,movement,410,318,1709663334883
8941269,8941269,movement,490,385,1709663334938
8941269,8941269,movement,514,400,1709663335002
8941269,8941269,movement,518,401,1709663335036
8941269,8941269,movement,518,401,1709663335068
8941269,8941269,movement,519,400,1709663335085
8941269,8941269,movement,520,396,1709663335100
8941269,8941269,movement,520,393,1709663335118
8941269,8941269,movement,519,388,1709663335134
8941269,8941269,movement,518,386,1709663335151
8941269,8941269,movement,517,382,1709663335174
8941269,8941269,movement,514,380,1709663335185
8941269,8941269,movement,510,377,1709663335201
8941269,8941269,movement,499,369,1709663335227
8941269,8941269,movement,484,342,1709663335248
8941269,8941269,movement,479,326,1709663335258
8941269,8941269,movement,468,269,1709663335280
8941269,8941269,movement,462,99,1709663335329
8941269,8941269,movement,485,95,1709663338415
8941269,8941269,movement,504,145,1709663338434
8941269,8941269,movement,510,160,1709663338448
8941269,8941269,movement,518,180,1709663338454
8941269,8941269,movement,566,267,1709663338484
8941269,8941269,movement,599,341,1709663338516
8941269,8941269,movement,613,376,1709663338539
8941269,8941269,movement,618,397,1709663338560
8941269,8941269,movement,621,402,1709663338567
8941269,8941269,movement,624,413,1709663338585
8941269,8941269,movement,626,425,1709663338603
8941269,8941269,movement,626,428,1709663338614
8941269,8941269,movement,629,436,1709663338630
8941269,8941269,movement,631,444,1709663338650
8941269,8941269,movement,634,451,1709663338664
8941269,8941269,movement,636,460,1709663338686
8941269,8941269,movement,638,466,1709663338707
8941269,8941269,movement,638,466,1709663338715
8941269,8941269,movement,638,467,1709663338730
8941269,8941269,mousedown,638,467,1709663338951
8941269,8941269,mouseup,638,467,1709663339046
8941269,8941269,movement,639,467,1709663339235
8941269,8941269,movement,645,467,1709663339268
8941269,8941269,movement,662,468,1709663339297
8941269,8941269,movement,702,473,1709663339330
8941269,8941269,movement,747,474,1709663339372
8941269,8941269,movement,785,474,1709663339422
8941269,8941269,movement,829,474,1709663339484
8941269,8941269,singleclick,829,474,1709663339059
8941269,8941269,movement,888,466,1709663339537
8941269,8941269,movement,897,464,1709663339547
8941269,8941269,movement,915,461,1709663339566
8941269,8941269,movement,950,454,1709663339579
8941269,8941269,movement,977,446,1709663339598
8941269,8941269,movement,1005,436,1709663339613
8941269,8941269,movement,1034,430,1709663339630
8941269,8941269,movement,1058,424,1709663339646
8941269,8941269,movement,1085,416,1709663339663
8941269,8941269,movement,1111,406,1709663339680
8941269,8941269,movement,1133,397,1709663339696
8941269,8941269,movement,1154,385,1709663339713
8941269,8941269,movement,1199,358,1709663339732
8941269,8941269,movement,1236,336,1709663339749
8941269,8941269,movement,1297,301,1709663339775
8941269,8941269,movement,1311,291,1709663339784
8941269,8941269,movement,1322,283,1709663339796
8941269,8941269,movement,1364,260,1709663339821
8941269,8941269,movement,1376,253,1709663339839
8941269,8941269,movement,1381,250,1709663339847
8941269,8941269,movement,1391,244,1709663339863
8941269,8941269,movement,1401,239,1709663339880
8941269,8941269,movement,1411,236,1709663339897
8941269,8941269,movement,1421,234,1709663339913
8941269,8941269,movement,1430,234,1709663339930
8941269,8941269,movement,1438,234,1709663339956
8941269,8941269,movement,1441,237,1709663339975
8941269,8941269,movement,1444,241,1709663339993
8941269,8941269,movement,1447,247,1709663340008
8941269,8941269,movement,1449,251,1709663340024
8941269,8941269,movement,1453,259,1709663340039
8941269,8941269,movement,1457,269,1709663340054
8941269,8941269,movement,1460,278,1709663340074
8941269,8941269,movement,1462,285,1709663340095
8941269,8941269,movement,1463,288,1709663340119
8941269,8941269,movement,1463,290,1709663340141
8941269,8941269,movement,1463,292,1709663340168
8941269,8941269,movement,1463,293,1709663340196
8941269,8941269,mousedown,1463,293,1709663340300
8941269,8941269,mouseup,1463,293,1709663340389
8941269,8941269,movement,1462,293,1709663340724
8941269,8941269,movement,1462,291,1709663340903
8941269,8941269,movement,1462,290,1709663340913
8941269,8941269,movement,1463,287,1709663340929
8941269,8941269,movement,1463,285,1709663340946
8941269,8941269,movement,1463,282,1709663340964
8941269,8941269,movement,1462,279,1709663340981
8941269,8941269,movement,1459,278,1709663341004
8941269,8941269,movement,1450,276,1709663341011
8941269,8941269,movement,1428,273,1709663341029
8941269,8941269,movement,1358,267,1709663341047
8941269,8941269,movement,1276,266,1709663341074
8941269,8941269,movement,1186,258,1709663341101
8941269,8941269,movement,1127,255,1709663341143
8941269,8941269,movement,1101,255,1709663341202
8941269,8941269,movement,1071,258,1709663341223
8941269,8941269,movement,1059,258,1709663341230
8941269,8941269,movement,1033,261,1709663341244
8941269,8941269,movement,1001,264,1709663341261
8941269,8941269,movement,963,268,1709663341278
8941269,8941269,movement,930,272,1709663341296
8941269,8941269,movement,880,281,1709663341313
8941269,8941269,movement,806,294,1709663341330
8941269,8941269,movement,770,301,1709663341346
8941269,8941269,movement,744,309,1709663341363
8941269,8941269,movement,721,318,1709663341379
8941269,8941269,movement,698,328,1709663341394
8941269,8941269,movement,678,340,1709663341413
8941269,8941269,movement,659,353,1709663341431
8941269,8941269,movement,648,366,1709663341445
8941269,8941269,movement,634,387,1709663341462
8941269,8941269,movement,630,400,1709663341478
8941269,8941269,movement,627,411,1709663341494
8941269,8941269,movement,626,418,1709663341510
8941269,8941269,movement,626,424,1709663341529
8941269,8941269,movement,626,428,1709663341544
8941269,8941269,movement,626,435,1709663341561
8941269,8941269,movement,626,439,1709663341577
8941269,8941269,movement,626,445,1709663341594
8941269,8941269,movement,625,450,1709663341610
8941269,8941269,movement,622,460,1709663341629
8941269,8941269,movement,618,470,1709663341646
8941269,8941269,movement,614,481,1709663341665
8941269,8941269,movement,610,497,1709663341692
8941269,8941269,movement,606,503,1709663341707
8941269,8941269,movement,600,514,1709663341730
8941269,8941269,movement,596,525,1709663341749
8941269,8941269,movement,595,530,1709663341770
8941269,8941269,movement,594,539,1709663341788
8941269,8941269,movement,594,548,1709663341814
8941269,8941269,movement,594,558,1709663341849
8941269,8941269,movement,594,568,1709663341888
8941269,8941269,movement,593,578,1709663341924
8941269,8941269,movement,592,579,1709663341931
8941269,8941269,movement,592,581,1709663341943
8941269,8941269,movement,592,582,1709663341960
8941269,8941269,movement,592,583,1709663341980
8941269,8941269,movement,592,584,1709663342028
8941269,8941269,movement,594,585,1709663342043
8941269,8941269,movement,598,585,1709663342060
8941269,8941269,movement,606,586,1709663342076
8941269,8941269,movement,612,587,1709663342093
8941269,8941269,movement,617,588,1709663342110
8941269,8941269,movement,620,588,1709663342127
8941269,8941269,movement,622,588,1709663342143
8941269,8941269,movement,622,588,1709663342160
8941269,8941269,movement,625,586,1709663342186
8941269,8941269,movement,629,584,1709663342204
8941269,8941269,movement,630,582,1709663342223
8941269,8941269,movement,632,581,1709663342245
8941269,8941269,movement,634,578,1709663342266
8941269,8941269,movement,634,577,1709663342291
8941269,8941269,movement,634,576,1709663342295
8941269,8941269,movement,636,575,1709663342310
8941269,8941269,movement,636,574,1709663342327
8941269,8941269,movement,636,574,1709663342343
8941269,8941269,movement,636,573,1709663342360
8941269,8941269,movement,637,572,1709663342394
8941269,8941269,movement,638,571,1709663342410
8941269,8941269,movement,638,571,1709663342443
8941269,8941269,movement,640,570,1709663342501
8941269,8941269,movement,643,569,1709663342520
8941269,8941269,movement,657,568,1709663342555
8941269,8941269,movement,674,567,1709663342598
8941269,8941269,movement,674,567,1709663342622
8941269,8941269,movement,674,567,1709663342693
8941269,8941269,movement,666,567,1709663342710
8941269,8941269,movement,641,569,1709663342727
8941269,8941269,movement,550,565,1709663342743
8941269,8941269,movement,469,558,1709663342762
8941269,8941269,movement,404,550,1709663342777
8941269,8941269,movement,366,544,1709663342794
8941269,8941269,movement,340,543,1709663342810
8941269,8941269,movement,328,543,1709663342827
8941269,8941269,movement,327,543,1709663342843
8941269,8941269,movement,329,543,1709663342992
8941269,8941269,movement,330,544,1709663343010
8941269,8941269,movement,333,546,1709663343027
8941269,8941269,movement,336,548,1709663343044
8941269,8941269,movement,339,550,1709663343059
8941269,8941269,movement,340,552,1709663343076
8941269,8941269,movement,342,552,1709663343092
8941269,8941269,movement,344,555,1709663343126
8941269,8941269,movement,346,558,1709663343149
8941269,8941269,movement,346,558,1709663343156
8941269,8941269,movement,346,560,1709663343176
8941269,8941269,movement,347,561,1709663343194
8941269,8941269,movement,348,561,1709663343228
8941269,8941269,movement,348,562,1709663343259
8941269,8941269,movement,349,562,1709663343278
8941269,8941269,movement,350,563,1709663343300
8941269,8941269,movement,350,565,1709663343312
8941269,8941269,mousedown,350,565,1709663343393
8941269,8941269,mouseup,350,565,1709663343473
8941269,8941269,movement,351,566,1709663343626
8941269,8941269,movement,352,567,1709663343645
8941269,8941269,movement,353,569,1709663343661
8941269,8941269,movement,354,571,1709663343677
8941269,8941269,movement,355,574,1709663343693
8941269,8941269,movement,357,577,1709663343712
8941269,8941269,movement,359,582,1709663343726
8941269,8941269,movement,362,589,1709663343742
8941269,8941269,movement,365,594,1709663343764
8941269,8941269,movement,366,598,1709663343781
8941269,8941269,movement,369,602,1709663343794
8941269,8941269,movement,372,610,1709663343808
8941269,8941269,movement,374,615,1709663343825
8941269,8941269,movement,376,621,1709663343843
8941269,8941269,movement,378,627,1709663343860
8941269,8941269,movement,381,634,1709663343880
8941269,8941269,singleclick,381,634,1709663343479
8941269,8941269,movement,385,644,1709663343895
8941269,8941269,movement,386,650,1709663343909
8941269,8941269,movement,388,654,1709663343925
8941269,8941269,movement,390,658,1709663343943
8941269,8941269,movement,391,661,1709663343958
8941269,8941269,movement,391,662,1709663343977
8941269,8941269,movement,392,663,1709663343991
8941269,8941269,movement,392,664,1709663344008
8941269,8941269,movement,392,665,1709663344025
8941269,8941269,movement,392,666,1709663344042
8941269,8941269,movement,393,666,1709663344058
8941269,8941269,movement,394,667,1709663344092
8941269,8941269,movement,394,669,1709663344110
8941269,8941269,mousedown,394,669,1709663344271
8941269,8941269,mouseup,394,669,1709663344460
8941269,8941269,movement,395,670,1709663344469
8941269,8941269,movement,482,638,1709663344560
8941269,8941269,movement,521,613,1709663344614
8941269,8941269,movement,522,610,1709663344628
8941269,8941269,movement,523,608,1709663344645
8941269,8941269,movement,523,606,1709663344659
8941269,8941269,movement,523,605,1709663344675
8941269,8941269,movement,522,598,1709663344717
8941269,8941269,movement,522,598,1709663344724
8941269,8941269,movement,522,595,1709663344742
8941269,8941269,movement,521,594,1709663344757
8941269,8941269,movement,520,592,1709663344776
8941269,8941269,movement,518,589,1709663344793
8941269,8941269,movement,518,588,1709663344808
8941269,8941269,movement,517,587,1709663344827
8941269,8941269,movement,516,586,1709663344842
8941269,8941269,movement,515,584,1709663344858
8941269,8941269,singleclick,515,584,1709663344462
8941269,8941269,movement,514,583,1709663344875
8941269,8941269,movement,513,581,1709663344892
8941269,8941269,movement,511,577,1709663344908
8941269,8941269,movement,509,574,1709663344925
8941269,8941269,movement,508,573,1709663344942
8941269,8941269,movement,508,572,1709663344958
8941269,8941269,movement,507,572,1709663344977
8941269,8941269,movement,507,571,1709663344992
8941269,8941269,movement,507,570,1709663345041
8941269,8941269,movement,506,570,1709663345057
8941269,8941269,movement,506,570,1709663345074
8941269,8941269,movement,506,569,1709663345090
8941269,8941269,movement,505,569,1709663345108
8941269,8941269,movement,551,555,1709663348352
8941269,8941269,movement,618,535,1709663348396
8941269,8941269,movement,649,536,1709663348403
8941269,8941269,movement,677,540,1709663348421
8941269,8941269,movement,723,549,1709663348448
8941269,8941269,movement,735,550,1709663348455
8941269,8941269,movement,758,551,1709663348471
8941269,8941269,movement,781,549,1709663348488
8941269,8941269,movement,814,546,1709663348516
8941269,8941269,movement,838,546,1709663348521
8941269,8941269,movement,865,544,1709663348537
8941269,8941269,movement,893,541,1709663348555
8941269,8941269,movement,931,535,1709663348572
8941269,8941269,movement,966,528,1709663348591
8941269,8941269,movement,991,521,1709663348605
8941269,8941269,movement,1017,514,1709663348623
8941269,8941269,movement,1079,499,1709663348644
8941269,8941269,movement,1138,488,1709663348656
8941269,8941269,movement,1198,470,1709663348671
8941269,8941269,movement,1242,459,1709663348688
8941269,8941269,movement,1272,453,1709663348709
8941269,8941269,movement,1298,449,1709663348722
8941269,8941269,movement,1330,445,1709663348739
8941269,8941269,movement,1386,446,1709663348758
8941269,8941269,movement,1412,449,1709663348771
8941269,8941269,movement,1430,452,1709663348789
8941269,8941269,movement,1440,457,1709663348804
8941269,8941269,movement,1451,464,1709663348821
8941269,8941269,movement,1465,475,1709663348839
8941269,8941269,movement,1475,490,1709663348856
8941269,8941269,movement,1482,507,1709663348873
8941269,8941269,movement,1482,519,1709663348891
8941269,8941269,movement,1483,534,1709663348908
8941269,8941269,movement,1480,549,1709663348932
8941269,8941269,movement,1473,562,1709663348942
8941269,8941269,movement,1462,574,1709663348954
8941269,8941269,movement,1455,586,1709663348971
8941269,8941269,movement,1453,589,1709663348988
8941269,8941269,movement,1451,590,1709663349005
8941269,8941269,movement,1449,592,1709663349021
8941269,8941269,movement,1448,593,1709663349041
8941269,8941269,movement,1447,595,1709663349057
8941269,8941269,movement,1446,598,1709663349072
8941269,8941269,movement,1446,598,1709663349089
8941269,8941269,movement,1445,599,1709663349105
8941269,8941269,movement,1440,600,1709663349121
8941269,8941269,movement,1438,601,1709663349137
8941269,8941269,movement,1437,601,1709663349154
8941269,8941269,movement,1434,600,1709663349170
8941269,8941269,movement,1432,598,1709663349189
8941269,8941269,movement,1429,597,1709663349204
8941269,8941269,movement,1428,596,1709663349222
8941269,8941269,movement,1427,596,1709663349238
8941269,8941269,movement,1426,595,1709663349262
8941269,8941269,movement,1426,594,1709663349307
8941269,8941269,movement,1425,594,1709663349323
8941269,8941269,movement,1425,594,1709663349355
8941269,8941269,movement,1424,594,1709663349388
8941269,8941269,movement,1423,594,1709663349404
8941269,8941269,movement,1422,594,1709663349439
8941269,8941269,movement,1421,593,1709663349453
8941269,8941269,movement,1420,593,1709663349474
8941269,8941269,movement,1419,593,1709663349502
8941269,8941269,movement,1418,593,1709663349538
8941269,8941269,movement,1418,593,1709663349553
8941269,8941269,movement,1417,593,1709663349572
8941269,8941269,movement,1415,593,1709663349588
8941269,8941269,movement,1414,594,1709663349603
8941269,8941269,movement,1414,594,1709663349620
8941269,8941269,movement,1413,594,1709663349638
8941269,8941269,mouseup,1413,594,1709663349863
8941269,8941269,movement,1414,595,1709663350270
8941269,8941269,movement,1414,596,1709663350320
8941269,8941269,movement,1413,596,1709663350356
8941269,8941269,movement,1409,598,1709663350406
8941269,8941269,movement,1376,601,1709663350448
8941269,8941269,movement,1354,602,1709663350462
8941269,8941269,movement,1337,602,1709663350474
8941269,8941269,movement,1294,605,1709663350487
8941269,8941269,movement,1193,605,1709663350502
8941269,8941269,movement,1111,604,1709663350521
8941269,8941269,movement,1030,602,1709663350536
8941269,8941269,movement,948,600,1709663350553
8941269,8941269,movement,874,597,1709663350570
8941269,8941269,movement,818,595,1709663350588
8941269,8941269,movement,764,595,1709663350604
8941269,8941269,movement,703,595,1709663350627
8941269,8941269,movement,672,595,1709663350638
8941269,8941269,movement,641,595,1709663350652
8941269,8941269,movement,608,595,1709663350670
8941269,8941269,movement,570,595,1709663350686
8941269,8941269,movement,534,595,1709663350705
8941269,8941269,movement,510,593,1709663350729
8941269,8941269,movement,493,589,1709663350737
8941269,8941269,movement,480,582,1709663350753
8941269,8941269,movement,462,570,1709663350769
8941269,8941269,movement,450,562,1709663350789
8941269,8941269,movement,435,554,1709663350802
8941269,8941269,movement,419,544,1709663350823
8941269,8941269,movement,413,540,1709663350833
8941269,8941269,movement,406,534,1709663350840
8941269,8941269,movement,396,526,1709663350853
8941269,8941269,movement,386,514,1709663350868
8941269,8941269,movement,386,508,1709663350888
8941269,8941269,movement,386,503,1709663350906
8941269,8941269,movement,387,497,1709663350919
8941269,8941269,movement,393,490,1709663350939
8941269,8941269,movement,402,482,1709663350955
8941269,8941269,movement,406,477,1709663350963
8941269,8941269,movement,412,471,1709663350972
8941269,8941269,movement,433,457,1709663350991
8941269,8941269,movement,449,449,1709663351003
8941269,8941269,movement,460,441,1709663351024
8941269,8941269,movement,468,434,1709663351037
8941269,8941269,movement,478,429,1709663351055
8941269,8941269,movement,489,424,1709663351071
8941269,8941269,movement,499,420,1709663351090
8941269,8941269,movement,506,418,1709663351103
8941269,8941269,movement,511,417,1709663351119
8941269,8941269,movement,518,414,1709663351136
8941269,8941269,movement,523,414,1709663351152
8941269,8941269,movement,526,413,1709663351169
8941269,8941269,movement,529,412,1709663351186
8941269,8941269,movement,530,411,1709663351203
8941269,8941269,movement,531,411,1709663351221
8941269,8941269,movement,531,410,1709663351237
8941269,8941269,mouseup,531,410,1709663351432
8941269,8941269,movement,517,446,1709663351591
8941269,8941269,movement,499,489,1709663351614
8941269,8941269,movement,489,517,1709663351636
8941269,8941269,movement,482,549,1709663351659
8941269,8941269,movement,474,583,1709663351673
8941269,8941269,movement,467,612,1709663351691
8941269,8941269,movement,457,650,1709663351707
8941269,8941269,movement,454,660,1709663351720
8941269,8941269,movement,445,685,1709663351736
8941269,8941269,movement,439,702,1709663351754
8941269,8941269,movement,436,718,1709663351769
8941269,8941269,movement,432,734,1709663351788
8941269,8941269,movement,429,743,1709663351804
8941269,8941269,movement,426,752,1709663351818
8941269,8941269,movement,423,761,1709663351840
8941269,8941269,movement,419,771,1709663351855
8941269,8941269,singleclick,419,771,1709663351443
8941269,8941269,movement,418,774,1709663351869
8941269,8941269,movement,418,778,1709663351888
8941269,8941269,movement,417,778,1709663351904
8941269,8941269,movement,417,779,1709663351919
8941269,8941269,movement,416,779,1709663351991
8941269,8941269,movement,414,782,1709663352012
8941269,8941269,movement,410,784,1709663352036
8941269,8941269,movement,408,785,1709663352055
8941269,8941269,movement,407,785,1709663352084
8941269,8941269,movement,406,785,1709663352119
8941269,8941269,movement,406,785,1709663352136
8941269,8941269,movement,405,784,1709663352152
8941269,8941269,movement,403,782,1709663352168
8941269,8941269,movement,402,782,1709663352185
8941269,8941269,movement,402,782,1709663352201
8941269,8941269,movement,402,782,1709663352218
8941269,8941269,movement,401,782,1709663352235
8941269,8941269,movement,400,781,1709663352302
8941269,8941269,movement,398,781,1709663352349
8941269,8941269,movement,398,781,1709663352370
8941269,8941269,movement,397,781,1709663352384
8941269,8941269,movement,395,781,1709663352400
8941269,8941269,movement,394,781,1709663352418
8941269,8941269,mousedown,394,781,1709663352535
8941269,8941269,mouseup,394,781,1709663352635
8941269,8941269,singleclick,394,781,1709663352820
8941269,8941269,movement,383,752,1709663353387
8941269,8941269,movement,372,730,1709663353409
8941269,8941269,movement,369,724,1709663353417
8941269,8941269,movement,362,711,1709663353436
8941269,8941269,movement,349,690,1709663353450
8941269,8941269,movement,338,672,1709663353468
8941269,8941269,movement,325,651,1709663353485
8941269,8941269,movement,308,624,1709663353499
8941269,8941269,movement,286,589,1709663353519
8941269,8941269,movement,259,550,1709663353538
8941269,8941269,movement,217,492,1709663353551
8941269,8941269,movement,193,461,1709663353574
8941269,8941269,movement,135,405,1709663353615
8941269,8941269,movement,119,390,1709663353641
8941269,8941269,movement,117,387,1709663353655
8941269,8941269,movement,114,382,1709663353675
8941269,8941269,movement,114,381,1709663353683
8941269,8941269,movement,114,380,1709663353699
8941269,8941269,movement,113,380,1709663353750
8941269,8941269,movement,113,378,1709663353768
8941269,8941269,movement,113,377,1709663353785
8941269,8941269,movement,113,373,1709663353801
8941269,8941269,movement,113,370,1709663353822
8941269,8941269,movement,112,358,1709663353842
8941269,8941269,movement,110,337,1709663353870
8941269,8941269,movement,108,291,1709663353910
8941269,8941269,movement,108,252,1709663353963
8941269,8941269,movement,108,246,1709663353993
8941269,8941269,movement,108,246,1709663353998
8941269,8941269,movement,108,244,1709663354015
8941269,8941269,movement,108,243,1709663354033
8941269,8941269,movement,108,242,1709663354050
8941269,8941269,movement,109,242,1709663354066
8941269,8941269,movement,110,241,1709663354084
8941269,8941269,movement,110,240,1709663354100
8941269,8941269,movement,111,237,1709663354165
8941269,8941269,movement,114,218,1709663354211
8941269,8941269,movement,115,213,1709663354217
8941269,8941269,movement,115,202,1709663354233
8941269,8941269,movement,115,190,1709663354249
8941269,8941269,movement,111,173,1709663354267
8941269,8941269,movement,106,162,1709663354285
8941269,8941269,movement,98,150,1709663354305
8941269,8941269,movement,86,140,1709663354320
8941269,8941269,movement,74,132,1709663354336
8941269,8941269,movement,64,126,1709663354352
8941269,8941269,movement,56,122,1709663354371
8941269,8941269,movement,54,121,1709663354385
8941269,8941269,movement,53,120,1709663354422
8941269,8941269,movement,48,114,1709663354462
8941269,8941269,movement,42,102,1709663354501
8941269,8941269,movement,31,89,1709663354551
8941269,8941269,movement,28,85,1709663354577
8941269,8941269,movement,66,87,1709663356088
8941269,8941269,movement,70,89,1709663356098
8941269,8941269,movement,82,94,1709663356117
8941269,8941269,movement,97,101,1709663356133
8941269,8941269,movement,115,107,1709663356151
8941269,8941269,movement,132,117,1709663356165
8941269,8941269,movement,159,130,1709663356181
8941269,8941269,movement,177,138,1709663356201
8941269,8941269,movement,195,148,1709663356215
8941269,8941269,movement,215,158,1709663356234
8941269,8941269,movement,234,167,1709663356248
8941269,8941269,movement,252,178,1709663356264
8941269,8941269,movement,272,191,1709663356284
8941269,8941269,movement,309,214,1709663356305
8941269,8941269,movement,333,233,1709663356320
8941269,8941269,movement,356,253,1709663356337
8941269,8941269,movement,380,272,1709663356357
8941269,8941269,movement,386,277,1709663356364
8941269,8941269,movement,397,285,1709663356386
8941269,8941269,movement,418,299,1709663356400
8941269,8941269,movement,437,310,1709663356423
8941269,8941269,movement,453,318,1709663356432
8941269,8941269,movement,469,326,1709663356449
8941269,8941269,movement,480,330,1709663356463
8941269,8941269,movement,490,332,1709663356499
8941269,8941269,movement,511,333,1709663356522
8941269,8941269,movement,519,330,1709663356548
8941269,8941269,movement,527,321,1709663356571
8941269,8941269,movement,530,318,1709663356579
8941269,8941269,movement,532,311,1709663356600
8941269,8941269,movement,534,305,1709663356614
8941269,8941269,movement,534,302,1709663356637
8941269,8941269,movement,534,295,1709663356646
8941269,8941269,movement,534,292,1709663356671
8941269,8941269,movement,534,289,1709663356688
8941269,8941269,movement,534,288,1709663356700
8941269,8941269,movement,534,287,1709663356713
8941269,8941269,movement,534,286,1709663356741
8941269,8941269,movement,534,286,1709663356764
8941269,8941269,movement,533,285,1709663356788
8941269,8941269,movement,532,285,1709663356812
8941269,8941269,movement,532,284,1709663356819
8941269,8941269,movement,532,283,1709663356833
8941269,8941269,movement,531,283,1709663356848
8941269,8941269,movement,531,282,1709663356868
8941269,8941269,movement,531,281,1709663356889
8941269,8941269,mousedown,531,281,1709663356993
8941269,8941269,mouseup,531,281,1709663357140
8941269,8941269,movement,531,279,1709663357399
8941269,8941269,movement,532,274,1709663357449
8941269,8941269,movement,533,281,1709663357579
8941269,8941269,singleclick,533,281,1709663357149
8941269,8941269,movement,525,308,1709663357686
8941269,8941269,movement,526,305,1709663357864
8941269,8941269,movement,526,300,1709663357880
8941269,8941269,movement,526,298,1709663357896
8941269,8941269,movement,527,296,1709663357913
8941269,8941269,movement,530,290,1709663357933
8941269,8941269,movement,533,287,1709663357946
8941269,8941269,movement,535,285,1709663357963
8941269,8941269,movement,542,279,1709663357981
8941269,8941269,movement,568,265,1709663358017
8941269,8941269,movement,601,256,1709663358045
8941269,8941269,movement,646,249,1709663358064
8941269,8941269,movement,745,238,1709663358078
8941269,8941269,movement,820,230,1709663358095
8941269,8941269,movement,903,222,1709663358112
8941269,8941269,movement,984,212,1709663358129
8941269,8941269,movement,1054,206,1709663358147
8941269,8941269,movement,1124,197,1709663358163
8941269,8941269,movement,1180,194,1709663358181
8941269,8941269,movement,1223,190,1709663358195
8941269,8941269,movement,1263,187,1709663358213
8941269,8941269,movement,1286,186,1709663358232
8941269,8941269,movement,1314,186,1709663358254
8941269,8941269,movement,1337,188,1709663358287
8941269,8941269,movement,1339,190,1709663358311
8941269,8941269,movement,1342,192,1709663358328
8941269,8941269,movement,1346,195,1709663358343
8941269,8941269,movement,1348,198,1709663358347
8941269,8941269,movement,1354,205,1709663358362
8941269,8941269,movement,1359,214,1709663358380
8941269,8941269,movement,1365,225,1709663358396
8941269,8941269,movement,1369,234,1709663358413
8941269,8941269,movement,1380,255,1709663358430
8941269,8941269,movement,1391,269,1709663358446
8941269,8941269,movement,1401,277,1709663358466
8941269,8941269,movement,1408,282,1709663358479
8941269,8941269,movement,1413,285,1709663358496
8941269,8941269,movement,1417,286,1709663358513
8941269,8941269,movement,1427,286,1709663358543
8941269,8941269,movement,1439,286,1709663358559
8941269,8941269,movement,1446,286,1709663358563
8941269,8941269,movement,1458,286,1709663358579
8941269,8941269,movement,1463,286,1709663358600
8941269,8941269,movement,1467,285,1709663358620
8941269,8941269,movement,1470,284,1709663358630
8941269,8941269,movement,1472,282,1709663358646
8941269,8941269,movement,1473,282,1709663358665
8941269,8941269,movement,1475,282,1709663358686
8941269,8941269,movement,1481,282,1709663358698
8941269,8941269,movement,1489,282,1709663358716
8941269,8941269,movement,1490,282,1709663358732
8941269,8941269,movement,1492,282,1709663358747
8941269,8941269,mousedown,1492,282,1709663358918
8941269,8941269,mouseup,1492,282,1709663358982
8941269,8941269,movement,1490,282,1709663359128
8941269,8941269,movement,1489,282,1709663359145
8941269,8941269,movement,1486,282,1709663359162
8941269,8941269,movement,1480,284,1709663359179
8941269,8941269,movement,1474,286,1709663359199
8941269,8941269,movement,1463,290,1709663359215
8941269,8941269,movement,1457,294,1709663359236
8941269,8941269,movement,1435,305,1709663359249
8941269,8941269,movement,1419,314,1709663359267
8941269,8941269,movement,1405,321,1709663359282
8941269,8941269,movement,1393,327,1709663359300
8941269,8941269,movement,1382,334,1709663359316
8941269,8941269,movement,1374,338,1709663359338
8941269,8941269,movement,1370,342,1709663359345
8941269,8941269,movement,1365,346,1709663359361
8941269,8941269,movement,1358,350,1709663359377
8941269,8941269,movement,1354,353,1709663359394
8941269,8941269,movement,1352,354,1709663359410
8941269,8941269,movement,1350,354,1709663359430
8941269,8941269,movement,1350,355,1709663359445
8941269,8941269,movement,1350,356,1709663359461
8941269,8941269,movement,1349,357,1709663359480
8941269,8941269,movement,1348,357,1709663359495
8941269,8941269,movement,1348,358,1709663359512
8941269,8941269,movement,1346,359,1709663359528
8941269,8941269,movement,1346,360,1709663359546
8941269,8941269,movement,1346,361,1709663359563
8941269,8941269,movement,1344,363,1709663359581
8941269,8941269,movement,1343,366,1709663359599
8941269,8941269,movement,1343,368,1709663359615
8941269,8941269,movement,1343,370,1709663359630
8941269,8941269,movement,1343,371,1709663359644
8941269,8941269,movement,1343,372,1709663359660
8941269,8941269,movement,1343,373,1709663359676
8941269,8941269,mousedown,1343,373,1709663359822
8941269,8941269,mouseup,1343,373,1709663359912
8941269,8941269,movement,1308,379,1709663360117
8941269,8941269,movement,1206,374,1709663360235
8941269,8941269,movement,1174,368,1709663360279
8941269,8941269,movement,1155,365,1709663360286
8941269,8941269,movement,1146,362,1709663360296
8941269,8941269,movement,1126,359,1709663360311
8941269,8941269,movement,1103,353,1709663360331
8941269,8941269,singleclick,1103,353,1709663359916
8941269,8941269,movement,1081,350,1709663360345
8941269,8941269,movement,1056,346,1709663360361
8941269,8941269,movement,1034,343,1709663360379
8941269,8941269,movement,1008,338,1709663360393
8941269,8941269,movement,981,334,1709663360412
8941269,8941269,movement,938,330,1709663360426
8941269,8941269,movement,909,326,1709663360448
8941269,8941269,movement,882,326,1709663360464
8941269,8941269,movement,861,326,1709663360476
8941269,8941269,movement,837,330,1709663360494
8941269,8941269,movement,814,334,1709663360513
8941269,8941269,movement,794,338,1709663360528
8941269,8941269,movement,771,345,1709663360544
8941269,8941269,movement,741,354,1709663360562
8941269,8941269,movement,726,358,1709663360577
8941269,8941269,movement,713,366,1709663360593
8941269,8941269,movement,703,373,1709663360613
8941269,8941269,movement,695,379,1709663360628
8941269,8941269,movement,686,386,1709663360643
8941269,8941269,movement,678,393,1709663360660
8941269,8941269,movement,669,399,1709663360676
8941269,8941269,movement,663,404,1709663360693
8941269,8941269,movement,658,410,1709663360713
8941269,8941269,movement,653,413,1709663360730
8941269,8941269,movement,649,417,1709663360745
8941269,8941269,movement,645,420,1709663360760
8941269,8941269,movement,638,424,1709663360776
8941269,8941269,movement,634,427,1709663360793
8941269,8941269,movement,628,430,1709663360810
8941269,8941269,movement,622,434,1709663360828
8941269,8941269,movement,614,438,1709663360845
8941269,8941269,movement,606,442,1709663360861
8941269,8941269,movement,602,446,1709663360877
8941269,8941269,movement,597,448,1709663360893
8941269,8941269,movement,597,449,1709663360910
8941269,8941269,movement,595,450,1709663360928
8941269,8941269,movement,594,450,1709663360960
8941269,8941269,movement,595,450,1709663361277
8941269,8941269,movement,596,451,1709663361308
8941269,8941269,movement,597,451,1709663361367
8941269,8941269,movement,598,451,1709663361375
8941269,8941269,movement,598,452,1709663361494
8941269,8941269,movement,599,453,1709663361578
8941269,8941269,movement,600,453,1709663361632
8941269,8941269,movement,600,454,1709663361642
8941269,8941269,movement,590,474,1709663361705
8941269,8941269,movement,585,482,1709663361723
8941269,8941269,movement,579,491,1709663361732
8941269,8941269,movement,575,497,1709663361744
8941269,8941269,movement,567,506,1709663361759
8941269,8941269,movement,558,519,1709663361779
8941269,8941269,movement,550,530,1709663361797
8941269,8941269,movement,542,541,1709663361810
8941269,8941269,movement,534,551,1709663361827
8941269,8941269,movement,528,561,1709663361844
8941269,8941269,movement,521,570,1709663361860
8941269,8941269,movement,518,572,1709663361876
8941269,8941269,movement,518,573,1709663361893
8941269,8941269,movement,518,571,1709663361927
8941269,8941269,movement,518,566,1709663361943
8941269,8941269,movement,518,554,1709663361964
8941269,8941269,movement,516,516,1709663361978
8941269,8941269,movement,514,495,1709663361998
8941269,8941269,movement,514,484,1709663362020
8941269,8941269,movement,514,476,1709663362026
8941269,8941269,movement,514,468,1709663362044
8941269,8941269,movement,514,460,1709663362060
8941269,8941269,movement,514,450,1709663362077
8941269,8941269,movement,516,434,1709663362096
8941269,8941269,movement,518,425,1709663362109
8941269,8941269,movement,520,417,1709663362131
8941269,8941269,movement,522,413,1709663362142
8941269,8941269,movement,523,406,1709663362161
8941269,8941269,movement,526,398,1709663362180
8941269,8941269,movement,529,382,1709663362195
8941269,8941269,movement,529,369,1709663362211
8941269,8941269,movement,529,362,1709663362225
8941269,8941269,movement,529,344,1709663362244
8941269,8941269,movement,529,338,1709663362261
8941269,8941269,movement,529,334,1709663362279
8941269,8941269,movement,529,332,1709663362294
8941269,8941269,movement,529,330,1709663362309
8941269,8941269,movement,529,328,1709663362325
8941269,8941269,movement,529,326,1709663362359
8941269,8941269,movement,529,326,1709663362409
8941269,8941269,movement,529,325,1709663362443
8941269,8941269,movement,529,324,1709663362461
8941269,8941269,mouseup,529,324,1709663362598
8941269,8941269,movement,520,348,1709663362796
8941269,8941269,movement,514,364,1709663362808
8941269,8941269,movement,507,381,1709663362825
8941269,8941269,movement,503,401,1709663362841
8941269,8941269,movement,500,424,1709663362859
8941269,8941269,movement,497,447,1709663362875
8941269,8941269,movement,493,475,1709663362894
8941269,8941269,movement,490,502,1709663362912
8941269,8941269,movement,483,542,1709663362926
8941269,8941269,movement,478,567,1709663362943
8941269,8941269,movement,474,586,1709663362960
8941269,8941269,movement,474,598,1709663362977
8941269,8941269,movement,474,605,1709663363006
8941269,8941269,singleclick,474,605,1709663362607
8941269,8941269,movement,477,614,1709663363015
8941269,8941269,movement,478,618,1709663363030
8941269,8941269,movement,479,622,1709663363046
8941269,8941269,movement,480,624,1709663363058
8941269,8941269,movement,480,626,1709663363076
8941269,8941269,movement,481,628,1709663363094
8941269,8941269,movement,481,630,1709663363109
8941269,8941269,movement,480,633,1709663363125
8941269,8941269,movement,479,635,1709663363141
8941269,8941269,movement,479,637,1709663363159
8941269,8941269,movement,478,638,1709663363210
8941269,8941269,movement,477,638,1709663363225
8941269,8941269,movement,474,639,1709663363242
8941269,8941269,movement,467,642,1709663363259
8941269,8941269,movement,458,643,1709663363274
8941269,8941269,movement,430,646,1709663363301
8941269,8941269,movement,388,646,1709663363337
8941269,8941269,movement,385,648,1709663363358
8941269,8941269,movement,388,650,1709663363376
8941269,8941269,movement,398,650,1709663363391
8941269,8941269,movement,420,650,1709663363407
8941269,8941269,movement,458,650,1709663363424
8941269,8941269,movement,573,654,1709663363442
8941269,8941269,movement,667,663,1709663363463
8941269,8941269,movement,712,669,1709663363474
8941269,8941269,movement,794,672,1709663363492
8941269,8941269,movement,824,673,1709663363506
8941269,8941269,movement,846,673,1709663363523
8941269,8941269,movement,858,673,1709663363539
8941269,8941269,movement,868,674,1709663363559
8941269,8941269,movement,876,675,1709663363579
8941269,8941269,movement,907,676,1709663363591
8941269,8941269,movement,932,676,1709663363610
8941269,8941269,movement,958,675,1709663363625
8941269,8941269,movement,978,674,1709663363646
8941269,8941269,movement,1050,666,1709663363677
8941269,8941269,movement,1170,661,1709663363717
8941269,8941269,movement,1187,661,1709663363723
8941269,8941269,movement,1214,661,1709663363740
8941269,8941269,movement,1242,661,1709663363757
8941269,8941269,movement,1268,661,1709663363773
8941269,8941269,movement,1286,661,1709663363792
8941269,8941269,movement,1303,658,1709663363809
8941269,8941269,movement,1318,658,1709663363825
8941269,8941269,movement,1338,658,1709663363841
8941269,8941269,movement,1346,658,1709663363857
8941269,8941269,movement,1352,657,1709663363873
8941269,8941269,movement,1358,656,1709663363889
8941269,8941269,movement,1374,654,1709663363908
8941269,8941269,movement,1387,652,1709663363927
8941269,8941269,movement,1394,651,1709663363949
8941269,8941269,movement,1397,650,1709663363970
8941269,8941269,movement,1397,650,1709663363973
8941269,8941269,movement,1398,650,1709663363989
8941269,8941269,movement,1402,648,1709663364036
8941269,8941269,movement,1403,648,1709663364045
8941269,8941269,movement,1406,648,1709663364058
8941269,8941269,movement,1406,648,1709663364073
8941269,8941269,movement,1409,650,1709663364126
8941269,8941269,movement,1410,651,1709663364143
8941269,8941269,movement,1412,653,1709663364180
8941269,8941269,movement,1414,654,1709663364326
8941269,8941269,mouseup,1414,654,1709663364466
8941269,8941269,movement,1414,655,1709663364611
8941269,8941269,movement,1413,655,1709663364623
8941269,8941269,movement,1408,657,1709663364638
8941269,8941269,movement,1405,658,1709663364656
8941269,8941269,movement,1398,658,1709663364674
8941269,8941269,movement,1390,661,1709663364689
8941269,8941269,movement,1382,661,1709663364707
8941269,8941269,movement,1375,662,1709663364722
8941269,8941269,movement,1367,663,1709663364741
8941269,8941269,movement,1356,663,1709663364756
8941269,8941269,movement,1342,662,1709663364777
8941269,8941269,movement,1321,662,1709663364789
8941269,8941269,movement,1238,653,1709663364819
8941269,8941269,movement,1146,645,1709663364847
8941269,8941269,movement,1006,630,1709663364872
8941269,8941269,movement,903,614,1709663364904
8941269,8941269,movement,776,590,1709663364948
8941269,8941269,movement,728,579,1709663364969
8941269,8941269,movement,711,577,1709663364989
8941269,8941269,movement,702,574,1709663365006
8941269,8941269,movement,694,573,1709663365027
8941269,8941269,movement,691,573,1709663365039
8941269,8941269,movement,690,573,1709663365056
8941269,8941269,movement,690,573,1709663365123
8941269,8941269,movement,689,573,1709663365240
8941269,8941269,movement,688,573,1709663365256
8941269,8941269,movement,687,573,1709663365289
8941269,8941269,movement,686,573,1709663365308
8941269,8941269,movement,685,573,1709663365324
8941269,8941269,movement,679,573,1709663365367
8941269,8941269,movement,646,578,1709663365410
8941269,8941269,movement,630,586,1709663365425
8941269,8941269,movement,624,587,1709663365438
8941269,8941269,movement,611,592,1709663365456
8941269,8941269,movement,594,602,1709663365473
8941269,8941269,movement,588,607,1709663365488
8941269,8941269,movement,582,613,1709663365506
8941269,8941269,movement,576,618,1709663365521
8941269,8941269,movement,570,622,1709663365541
8941269,8941269,movement,564,627,1709663365556
8941269,8941269,movement,559,631,1709663365573
8941269,8941269,movement,556,634,1709663365589
8941269,8941269,movement,554,639,1709663365607
8941269,8941269,movement,552,641,1709663365621
8941269,8941269,movement,552,642,1709663365638
8941269,8941269,movement,552,637,1709663365706
8941269,8941269,movement,550,626,1709663365724
8941269,8941269,movement,549,607,1709663365741
8941269,8941269,movement,548,582,1709663365759
8941269,8941269,movement,546,558,1709663365779
8941269,8941269,movement,546,535,1709663365794
8941269,8941269,movement,546,498,1709663365836
8941269,8941269,movement,546,494,1709663365847
8941269,8941269,movement,547,490,1709663365855
8941269,8941269,movement,548,488,1709663365871
8941269,8941269,movement,548,487,1709663365888
8941269,8941269,movement,549,486,1709663365908
8941269,8941269,movement,550,484,1709663365925
8941269,8941269,movement,550,483,1709663365939
8941269,8941269,movement,551,482,1709663365955
8941269,8941269,movement,552,481,1709663365972
8941269,8941269,movement,552,478,1709663365990
8941269,8941269,movement,553,478,1709663366005
8941269,8941269,movement,554,477,1709663366022
8941269,8941269,movement,554,475,1709663366040
8941269,8941269,movement,554,474,1709663366055
8941269,8941269,movement,554,471,1709663366072
8941269,8941269,movement,554,470,1709663366105
8941269,8941269,mouseup,554,470,1709663366259
8941269,8941269,movement,554,471,1709663366348
8941269,8941269,movement,554,472,1709663366376
8941269,8941269,movement,555,475,1709663366377
8941269,8941269,movement,567,490,1709663366403
8941269,8941269,movement,588,508,1709663366433
8941269,8941269,movement,598,517,1709663366455
8941269,8941269,movement,605,522,1709663366458
8941269,8941269,movement,613,528,1709663366471
8941269,8941269,movement,619,534,1709663366489
8941269,8941269,movement,626,539,1709663366506
8941269,8941269,movement,632,545,1709663366525
8941269,8941269,movement,643,551,1709663366540
8941269,8941269,movement,649,554,1709663366554
8941269,8941269,movement,654,554,1709663366571
8941269,8941269,movement,657,555,1709663366588
8941269,8941269,movement,658,556,1709663366605
8941269,8941269,singleclick,658,556,1709663366268
8941269,8941269,movement,658,556,1709663366734
8941269,8941269,movement,658,558,1709663366814
8941269,8941269,movement,658,560,1709663366847
8941269,8941269,movement,658,561,1709663366873
8941269,8941269,movement,656,566,1709663366912
8941269,8941269,movement,639,588,1709663366959
8941269,8941269,movement,607,625,1709663367008
8941269,8941269,movement,595,635,1709663367014
8941269,8941269,movement,589,640,1709663367027
8941269,8941269,movement,576,648,1709663367040
8941269,8941269,movement,562,655,1709663367057
8941269,8941269,movement,546,659,1709663367076
8941269,8941269,movement,515,660,1709663367093
8941269,8941269,movement,492,657,1709663367111
8941269,8941269,movement,470,650,1709663367123
8941269,8941269,movement,449,642,1709663367142
8941269,8941269,movement,434,637,1709663367161
8941269,8941269,movement,417,625,1709663367200
8941269,8941269,movement,414,616,1709663367225
8941269,8941269,movement,414,610,1709663367241
8941269,8941269,movement,414,605,1709663367255
8941269,8941269,movement,417,600,1709663367270
8941269,8941269,movement,418,598,1709663367287
8941269,8941269,movement,419,597,1709663367304
8941269,8941269,movement,420,597,1709663367322
8941269,8941269,movement,421,599,1709663367338
8941269,8941269,movement,433,642,1709663367370
8941269,8941269,movement,433,661,1709663367390
8941269,8941269,movement,429,680,1709663367403
8941269,8941269,movement,424,697,1709663367420
8941269,8941269,movement,420,710,1709663367438
8941269,8941269,movement,417,718,1709663367448
8941269,8941269,movement,412,730,1709663367457
8941269,8941269,movement,410,733,1709663367474
8941269,8941269,movement,409,743,1709663367487
8941269,8941269,movement,409,747,1709663367505
8941269,8941269,movement,410,749,1709663367520
8941269,8941269,movement,410,750,1709663367537
8941269,8941269,movement,408,749,1709663367639
8941269,8941269,movement,406,747,1709663367727
8941269,8941269,movement,403,746,1709663367751
8941269,8941269,movement,402,746,1709663367769
8941269,8941269,movement,400,746,1709663367793
8941269,8941269,movement,398,746,1709663367809
8941269,8941269,movement,398,746,1709663367827
8941269,8941269,movement,396,745,1709663367869
8941269,8941269,movement,395,745,1709663367887
8941269,8941269,movement,394,745,1709663367909
8941269,8941269,movement,393,745,1709663367947
8941269,8941269,movement,392,745,1709663367952
8941269,8941269,movement,392,744,1709663367987
8941269,8941269,mousedown,392,744,1709663368068
8941269,8941269,mouseup,392,744,1709663368147
8941269,8941269,movement,402,734,1709663368638
8941269,8941269,movement,518,429,1709663368641
8941269,8941269,movement,525,389,1709663368673
8941269,8941269,movement,526,368,1709663368711
8941269,8941269,movement,526,361,1709663368766
8941269,8941269,movement,526,359,1709663368829
8941269,8941269,singleclick,526,359,1709663368632
8941269,8941269,movement,532,355,1709663369326
8941269,8941269,movement,549,344,1709663369338
8941269,8941269,movement,572,327,1709663369355
8941269,8941269,movement,597,298,1709663369375
8941269,8941269,movement,623,250,1709663369388
8941269,8941269,movement,640,217,1709663369416
8941269,8941269,movement,653,189,1709663369441
8941269,8941269,movement,660,175,1709663369466
8941269,8941269,movement,664,168,1709663369489
8941269,8941269,movement,667,163,1709663369509
8941269,8941269,movement,670,161,1709663369536
8941269,8941269,movement,670,159,1709663369566
8941269,8941269,movement,667,158,1709663369589
8941269,8941269,movement,648,154,1709663369605
8941269,8941269,movement,626,148,1709663369620
8941269,8941269,movement,607,145,1709663369635
8941269,8941269,movement,595,142,1709663369652
8941269,8941269,movement,584,141,1709663369668
8941269,8941269,movement,570,137,1709663369689
8941269,8941269,movement,550,128,1709663369702
8941269,8941269,movement,516,117,1709663369721
8941269,8941269,movement,494,114,1709663369735
8941269,8941269,movement,479,110,1709663369752
8941269,8941269,movement,470,110,1709663369769
8941269,8941269,movement,462,110,1709663369787
8941269,8941269,movement,448,110,1709663369807
8941269,8941269,movement,425,110,1709663369830
8941269,8941269,movement,397,116,1709663369874
8941269,8941269,movement,374,125,1709663369938
8941269,8941269,movement,347,146,1709663370007
8941269,8941269,movement,332,158,1709663370036
8941269,8941269,movement,327,161,1709663370040
8941269,8941269,movement,321,166,1709663370051
8941269,8941269,movement,307,174,1709663370072
8941269,8941269,movement,291,184,1709663370087
8941269,8941269,movement,284,187,1709663370101
8941269,8941269,movement,281,190,1709663370118
8941269,8941269,movement,277,191,1709663370138
8941269,8941269,movement,276,192,1709663370170
8941269,8941269,movement,275,192,1709663370186
8941269,8941269,movement,273,191,1709663370256
8941269,8941269,movement,273,190,1709663370270
8941269,8941269,movement,270,186,1709663370299
8941269,8941269,movement,270,183,1709663370327
8941269,8941269,movement,270,182,1709663370333
8941269,8941269,movement,270,182,1709663370350
8941269,8941269,movement,270,181,1709663370367
8941269,8941269,movement,270,179,1709663370384
8941269,8941269,movement,270,178,1709663370402
8941269,8941269,movement,270,178,1709663370417
8941269,8941269,movement,270,177,1709663370436
8941269,8941269,mousedown,270,177,1709663370507
8941269,8941269,mouseup,270,177,1709663370618
8941269,8941269,movement,307,194,1709663370796
8941269,8941269,movement,358,221,1709663370799
8941269,8941269,movement,526,318,1709663370938
8941269,8941269,movement,602,358,1709663371044
8941269,8941269,singleclick,602,358,1709663370621
8941269,8941269,movement,602,359,1709663371229
8941269,8941269,movement,603,359,1709663371253
8941269,8941269,movement,604,360,1709663371276
8941269,8941269,movement,606,360,1709663371296
8941269,8941269,movement,610,360,1709663371316
8941269,8941269,movement,630,365,1709663371368
8941269,8941269,movement,646,370,1709663371448
8941269,8941269,movement,650,375,1709663371533
8941269,8941269,movement,650,377,1709663371626
8941269,8941269,movement,654,388,1709663371731
8941269,8941269,movement,659,402,1709663371825
8941269,8941269,movement,665,420,1709663371922
8941269,8941269,movement,666,423,1709663371961
8941269,8941269,movement,667,424,1709663371993
8941269,8941269,movement,668,426,1709663372027
8941269,8941269,movement,669,426,1709663372051
8941269,8941269,movement,670,423,1709663372209
8941269,8941269,movement,670,422,1709663372215
8941269,8941269,movement,670,418,1709663372268
8941269,8941269,movement,670,417,1709663372275
8941269,8941269,movement,670,415,1709663372342
8941269,8941269,movement,670,412,1709663372409
8941269,8941269,movement,670,410,1709663372426
8941269,8941269,movement,670,402,1709663372466
8941269,8941269,movement,670,401,1709663372472
8941269,8941269,movement,670,386,1709663372639
8941269,8941269,mousedown,670,386,1709663372669
8941269,8941269,movement,670,386,1709663372699
8941269,8941269,mouseup,670,386,1709663372786
8941269,8941269,movement,673,386,1709663373016
8941269,8941269,movement,722,378,1709663373112
8941269,8941269,movement,856,373,1709663373225
8941269,8941269,singleclick,856,373,1709663372798
8941269,8941269,movement,940,362,1709663373256
8941269,8941269,movement,956,361,1709663373265
8941269,8941269,movement,990,354,1709663373286
8941269,8941269,movement,1030,343,1709663373299
8941269,8941269,movement,1076,333,1709663373316
8941269,8941269,movement,1119,321,1709663373334
8941269,8941269,movement,1152,312,1709663373350
8941269,8941269,movement,1181,305,1709663373365
8941269,8941269,movement,1222,293,1709663373382
8941269,8941269,movement,1245,287,1709663373399
8941269,8941269,movement,1266,282,1709663373414
8941269,8941269,movement,1289,278,1709663373431
8941269,8941269,movement,1334,266,1709663373462
8941269,8941269,movement,1344,265,1709663373464
8941269,8941269,movement,1361,262,1709663373482
8941269,8941269,movement,1376,258,1709663373501
8941269,8941269,movement,1394,253,1709663373521
8941269,8941269,movement,1415,247,1709663373533
8941269,8941269,movement,1436,242,1709663373553
8941269,8941269,movement,1457,237,1709663373565
8941269,8941269,movement,1470,234,1709663373588
8941269,8941269,movement,1484,229,1709663373597
8941269,8941269,movement,1492,228,1709663373615
8941269,8941269,movement,1501,228,1709663373632
8941269,8941269,movement,1505,228,1709663373644
8941269,8941269,movement,1509,228,1709663373652
8941269,8941269,movement,1516,231,1709663373665
8941269,8941269,movement,1518,234,1709663373683
8941269,8941269,movement,1522,238,1709663373703
8941269,8941269,movement,1522,254,1709663373732
8941269,8941269,movement,1510,274,1709663373773
8941269,8941269,movement,1494,290,1709663373818
8941269,8941269,movement,1483,293,1709663373841
8941269,8941269,movement,1478,294,1709663373849
8941269,8941269,movement,1469,295,1709663373869
8941269,8941269,movement,1462,297,1709663373881
8941269,8941269,movement,1458,297,1709663373898
8941269,8941269,movement,1457,298,1709663373916
8941269,8941269,movement,1455,298,1709663373934
8941269,8941269,movement,1452,298,1709663373949
8941269,8941269,movement,1450,298,1709663373967
8941269,8941269,movement,1449,298,1709663373982
8941269,8941269,movement,1449,297,1709663374007
8941269,8941269,movement,1447,296,1709663374019
8941269,8941269,movement,1446,294,1709663374060
8941269,8941269,movement,1446,292,1709663374081
8941269,8941269,movement,1446,290,1709663374110
8941269,8941269,movement,1446,289,1709663374113
8941269,8941269,movement,1449,286,1709663374130
8941269,8941269,movement,1451,283,1709663374147
8941269,8941269,movement,1452,281,1709663374165
8941269,8941269,movement,1453,281,1709663374180
8941269,8941269,movement,1454,280,1709663374198
8941269,8941269,mousedown,1454,280,1709663374391
8941269,8941269,mouseup,1454,280,1709663374500
8941269,8941269,movement,1454,281,1709663374644
8941269,8941269,movement,1453,284,1709663374731
8941269,8941269,movement,1453,285,1709663374780
8941269,8941269,movement,1453,286,1709663374816
8941269,8941269,movement,1453,286,1709663374831
8941269,8941269,movement,1454,287,1709663374884
8941269,8941269,movement,1454,288,1709663374897
8941269,8941269,movement,1454,290,1709663374933
8941269,8941269,movement,1454,290,1709663374980
8941269,8941269,movement,1454,290,1709663374996
8941269,8941269,movement,1454,291,1709663375012
8941269,8941269,movement,1455,291,1709663375046
8941269,8941269,movement,1455,292,1709663375064
8941269,8941269,movement,1456,292,1709663375079
8941269,8941269,movement,1456,293,1709663375113
8941269,8941269,movement,1457,294,1709663375130
8941269,8941269,movement,1458,294,1709663375146
8941269,8941269,movement,1458,295,1709663375163
8941269,8941269,movement,1458,296,1709663375181
8941269,8941269,movement,1459,298,1709663375203
8941269,8941269,movement,1459,298,1709663375234
8941269,8941269,movement,1459,299,1709663375247
8941269,8941269,movement,1460,300,1709663375263
8941269,8941269,movement,1461,300,1709663375280
8941269,8941269,movement,1461,301,1709663375300
8941269,8941269,movement,1462,302,1709663375313
8941269,8941269,movement,1462,303,1709663375331
8941269,8941269,movement,1462,304,1709663375346
8941269,8941269,movement,1462,305,1709663375362
8941269,8941269,movement,1462,306,1709663375380
8941269,8941269,movement,1462,306,1709663375412
8941269,8941269,movement,1462,307,1709663375429
8941269,8941269,movement,1462,308,1709663375445
8941269,8941269,movement,1462,309,1709663375463
8941269,8941269,movement,1462,310,1709663375481
8941269,8941269,movement,1462,311,1709663375497
8941269,8941269,movement,1462,312,1709663375513
8941269,8941269,movement,1462,313,1709663375546
8941269,8941269,movement,1462,314,1709663375562
8941269,8941269,movement,1462,315,1709663375597
8941269,8941269,movement,1461,315,1709663375614
8941269,8941269,movement,1460,316,1709663375630
8941269,8941269,movement,1460,317,1709663375647
8941269,8941269,movement,1459,317,1709663375663
8941269,8941269,movement,1458,318,1709663375683
8941269,8941269,movement,1456,318,1709663375698
8941269,8941269,movement,1454,318,1709663375714
8941269,8941269,movement,1452,319,1709663375736
8941269,8941269,movement,1443,322,1709663375746
8941269,8941269,movement,1428,327,1709663375763
8941269,8941269,movement,1398,338,1709663375779
8941269,8941269,movement,1353,354,1709663375798
8941269,8941269,movement,1295,374,1709663375815
8941269,8941269,movement,1224,396,1709663375830
8941269,8941269,movement,1141,418,1709663375850
8941269,8941269,movement,1058,438,1709663375865
8941269,8941269,movement,941,470,1709663375890
8941269,8941269,movement,898,484,1709663375909
8941269,8941269,movement,881,494,1709663375931
8941269,8941269,movement,869,504,1709663375953
8941269,8941269,movement,851,516,1709663375980
8941269,8941269,movement,842,520,1709663375995
8941269,8941269,movement,810,532,1709663376015
8941269,8941269,movement,787,539,1709663376030
8941269,8941269,movement,770,544,1709663376047
8941269,8941269,movement,755,548,1709663376067
8941269,8941269,movement,743,551,1709663376080
8941269,8941269,movement,731,554,1709663376099
8941269,8941269,movement,710,559,1709663376112
8941269,8941269,movement,695,562,1709663376130
8941269,8941269,movement,686,564,1709663376150
8941269,8941269,movement,680,564,1709663376163
8941269,8941269,movement,679,564,1709663376183
8941269,8941269,movement,678,564,1709663376246
8941269,8941269,movement,678,564,1709663376268
8941269,8941269,movement,677,563,1709663376297
8941269,8941269,movement,677,564,1709663376430
8941269,8941269,movement,677,567,1709663376446
8941269,8941269,movement,678,570,1709663376464
8941269,8941269,movement,678,572,1709663376478
8941269,8941269,mousedown,678,572,1709663376566
8941269,8941269,mouseup,678,572,1709663376688
8941269,8941269,movement,676,573,1709663376803
8941269,8941269,movement,672,574,1709663376818
8941269,8941269,movement,669,574,1709663376830
8941269,8941269,movement,662,575,1709663376848
8941269,8941269,movement,647,577,1709663376865
8941269,8941269,movement,633,578,1709663376879
8941269,8941269,movement,615,578,1709663376896
8941269,8941269,movement,597,578,1709663376916
8941269,8941269,movement,574,578,1709663376929
8941269,8941269,movement,554,575,1709663376945
8941269,8941269,movement,529,575,1709663376962
8941269,8941269,movement,506,574,1709663376980
8941269,8941269,movement,483,574,1709663376995
8941269,8941269,movement,454,572,1709663377011
8941269,8941269,movement,442,571,1709663377030
8941269,8941269,movement,430,570,1709663377052
8941269,8941269,movement,417,570,1709663377062
8941269,8941269,movement,406,570,1709663377084
8941269,8941269,movement,398,570,1709663377097
8941269,8941269,singleclick,398,570,1709663376692
8941269,8941269,movement,388,570,1709663377115
8941269,8941269,movement,381,569,1709663377132
8941269,8941269,movement,370,569,1709663377145
8941269,8941269,movement,360,567,1709663377161
8941269,8941269,movement,352,567,1709663377184
8941269,8941269,movement,347,567,1709663377198
8941269,8941269,movement,343,566,1709663377214
8941269,8941269,movement,341,566,1709663377231
8941269,8941269,movement,340,566,1709663377249
8941269,8941269,movement,340,565,1709663377265
8941269,8941269,movement,340,566,1709663377440
8941269,8941269,movement,341,566,1709663377447
8941269,8941269,movement,342,566,1709663377461
8941269,8941269,movement,342,566,1709663377478
8941269,8941269,movement,344,569,1709663377495
8941269,8941269,movement,345,570,1709663377512
8941269,8941269,movement,346,571,1709663377534
8941269,8941269,movement,346,572,1709663377547
8941269,8941269,mousedown,346,572,1709663377621
8941269,8941269,mouseup,346,572,1709663377683
8941269,8941269,movement,347,572,1709663377878
8941269,8941269,movement,349,574,1709663377895
8941269,8941269,movement,350,575,1709663377912
8941269,8941269,movement,352,577,1709663377929
8941269,8941269,movement,354,578,1709663377946
8941269,8941269,movement,356,582,1709663377961
8941269,8941269,movement,359,586,1709663377981
8941269,8941269,movement,362,591,1709663378000
8941269,8941269,movement,365,598,1709663378015
8941269,8941269,movement,371,612,1709663378040
8941269,8941269,movement,374,614,1709663378045
8941269,8941269,movement,377,620,1709663378063
8941269,8941269,movement,380,623,1709663378078
8941269,8941269,movement,382,627,1709663378093
8941269,8941269,singleclick,382,627,1709663377685
8941269,8941269,movement,384,630,1709663378111
8941269,8941269,movement,386,634,1709663378132
8941269,8941269,movement,388,634,1709663378146
8941269,8941269,movement,388,636,1709663378163
8941269,8941269,movement,389,637,1709663378177
8941269,8941269,movement,390,638,1709663378193
8941269,8941269,movement,390,638,1709663378209
8941269,8941269,movement,391,639,1709663378228
8941269,8941269,movement,392,642,1709663378246
8941269,8941269,movement,394,644,1709663378262
8941269,8941269,movement,396,648,1709663378279
8941269,8941269,movement,398,650,1709663378295
8941269,8941269,movement,401,656,1709663378312
8941269,8941269,movement,401,659,1709663378327
8941269,8941269,movement,402,661,1709663378344
8941269,8941269,movement,403,663,1709663378365
8941269,8941269,movement,404,668,1709663378397
8941269,8941269,movement,405,670,1709663378411
8941269,8941269,movement,405,670,1709663378427
8941269,8941269,movement,406,670,1709663378443
8941269,8941269,movement,406,671,1709663378460
8941269,8941269,movement,406,673,1709663378476
8941269,8941269,movement,406,674,1709663378492
8941269,8941269,movement,407,674,1709663378510
8941269,8941269,mousedown,407,674,1709663378602
8941269,8941269,mouseup,407,674,1709663378763
8941269,8941269,movement,412,670,1709663378771
8941269,8941269,movement,418,667,1709663378786
8941269,8941269,movement,446,653,1709663378820
8941269,8941269,movement,485,635,1709663378853
8941269,8941269,movement,493,632,1709663378862
8941269,8941269,movement,507,626,1709663378877
8941269,8941269,movement,523,618,1709663378893
8941269,8941269,movement,530,615,1709663378909
8941269,8941269,movement,539,610,1709663378931
8941269,8941269,movement,547,606,1709663378943
8941269,8941269,movement,553,604,1709663378961
8941269,8941269,movement,558,602,1709663378975
8941269,8941269,movement,563,600,1709663378992
8941269,8941269,movement,573,598,1709663379010
8941269,8941269,movement,580,596,1709663379025
8941269,8941269,movement,586,594,1709663379041
8941269,8941269,movement,591,594,1709663379059
8941269,8941269,movement,598,592,1709663379076
8941269,8941269,movement,606,591,1709663379092
8941269,8941269,movement,611,590,1709663379111
8941269,8941269,movement,615,589,1709663379125
8941269,8941269,movement,618,588,1709663379142
8941269,8941269,movement,621,587,1709663379159
8941269,8941269,singleclick,621,587,1709663378765
8941269,8941269,movement,624,585,1709663379175
8941269,8941269,movement,626,584,1709663379193
8941269,8941269,movement,626,582,1709663379210
8941269,8941269,movement,627,579,1709663379227
8941269,8941269,movement,627,577,1709663379243
8941269,8941269,movement,627,573,1709663379259
8941269,8941269,movement,627,572,1709663379276
8941269,8941269,movement,627,570,1709663379293
8941269,8941269,movement,626,570,1709663379610
8941269,8941269,movement,622,570,1709663379632
8941269,8941269,movement,617,570,1709663379643
8941269,8941269,movement,606,570,1709663379659
8941269,8941269,movement,594,569,1709663379675
8941269,8941269,movement,582,567,1709663379692
8941269,8941269,movement,567,564,1709663379709
8941269,8941269,movement,556,560,1709663379725
8941269,8941269,movement,546,555,1709663379742
8941269,8941269,movement,538,546,1709663379767
8941269,8941269,movement,534,538,1709663379780
8941269,8941269,movement,527,525,1709663379794
8941269,8941269,movement,521,508,1709663379814
8941269,8941269,movement,516,489,1709663379831
8941269,8941269,movement,513,469,1709663379845
8941269,8941269,movement,513,451,1709663379860
8941269,8941269,movement,513,442,1709663379879
8941269,8941269,movement,514,433,1709663379897
8941269,8941269,movement,514,426,1709663379911
8941269,8941269,movement,515,421,1709663379927
8941269,8941269,movement,517,412,1709663379946
8941269,8941269,movement,518,408,1709663379959
8941269,8941269,movement,520,401,1709663379976
8941269,8941269,movement,525,390,1709663379998
8941269,8941269,movement,528,383,1709663380009
8941269,8941269,movement,532,374,1709663380030
8941269,8941269,movement,534,365,1709663380046
8941269,8941269,movement,535,355,1709663380059
8941269,8941269,movement,536,344,1709663380079
8941269,8941269,movement,536,336,1709663380093
8941269,8941269,movement,536,330,1709663380112
8941269,8941269,movement,537,323,1709663380127
8941269,8941269,movement,537,320,1709663380142
8941269,8941269,movement,537,317,1709663380160
8941269,8941269,movement,538,311,1709663380179
8941269,8941269,movement,539,307,1709663380192
8941269,8941269,movement,541,302,1709663380209
8941269,8941269,movement,542,298,1709663380226
8941269,8941269,movement,542,297,1709663380242
8941269,8941269,movement,542,294,1709663380263
8941269,8941269,movement,542,293,1709663380276
8941269,8941269,movement,542,290,1709663380293
8941269,8941269,movement,543,290,1709663380309
8941269,8941269,movement,543,288,1709663380325
8941269,8941269,movement,543,286,1709663380343
8941269,8941269,movement,544,286,1709663380359
8941269,8941269,movement,544,285,1709663380376
8941269,8941269,movement,544,284,1709663380392
8941269,8941269,movement,544,283,1709663380427
8941269,8941269,movement,544,282,1709663380442
8941269,8941269,movement,544,282,1709663380458
8941269,8941269,movement,544,280,1709663380476
8941269,8941269,movement,545,279,1709663380492
8941269,8941269,movement,546,278,1709663380512
8941269,8941269,movement,546,276,1709663380526
8941269,8941269,movement,549,273,1709663380553
8941269,8941269,movement,549,272,1709663380564
8941269,8941269,movement,549,271,1709663380593
8941269,8941269,mouseup,549,271,1709663380733
8941269,8941269,movement,548,271,1709663380814
8941269,8941269,movement,544,272,1709663380879
8941269,8941269,movement,518,292,1709663380951
8941269,8941269,movement,510,302,1709663380961
8941269,8941269,movement,506,306,1709663380974
8941269,8941269,movement,498,318,1709663380991
8941269,8941269,movement,490,330,1709663381008
8941269,8941269,movement,473,359,1709663381026
8941269,8941269,movement,463,382,1709663381041
8941269,8941269,movement,455,405,1709663381057
8941269,8941269,movement,449,429,1709663381074
8941269,8941269,movement,446,446,1709663381093
8941269,8941269,movement,442,463,1709663381107
8941269,8941269,movement,441,476,1709663381125
8941269,8941269,movement,441,489,1709663381142
8941269,8941269,singleclick,441,489,1709663380742
8941269,8941269,movement,441,502,1709663381157
8941269,8941269,movement,442,526,1709663381188
8941269,8941269,movement,444,542,1709663381207
8941269,8941269,movement,446,545,1709663381212
8941269,8941269,movement,446,547,1709663381228
8941269,8941269,movement,450,554,1709663381241
8941269,8941269,movement,451,559,1709663381259
8941269,8941269,movement,454,564,1709663381283
8941269,8941269,movement,454,566,1709663381304
8941269,8941269,movement,454,567,1709663381311
8941269,8941269,movement,455,568,1709663381324
8941269,8941269,movement,455,569,1709663381340
8941269,8941269,movement,456,570,1709663381358
8941269,8941269,movement,457,572,1709663381375
8941269,8941269,movement,457,574,1709663381390
8941269,8941269,movement,457,577,1709663381407
8941269,8941269,movement,454,579,1709663381424
8941269,8941269,movement,443,584,1709663381448
8941269,8941269,movement,430,586,1709663381470
8941269,8941269,movement,379,583,1709663381517
8941269,8941269,movement,374,582,1709663381531
8941269,8941269,movement,373,582,1709663381540
8941269,8941269,movement,372,582,1709663381557
8941269,8941269,movement,377,582,1709663381663
8941269,8941269,movement,419,577,1709663381709
8941269,8941269,movement,519,571,1709663381749
8941269,8941269,movement,601,571,1709663381775
8941269,8941269,movement,629,571,1709663381779
8941269,8941269,movement,648,571,1709663381790
8941269,8941269,movement,684,570,1709663381809
8941269,8941269,movement,717,570,1709663381827
8941269,8941269,movement,758,570,1709663381841
8941269,8941269,movement,810,570,1709663381858
8941269,8941269,movement,883,574,1709663381873
8941269,8941269,movement,930,578,1709663381891
8941269,8941269,movement,980,579,1709663381908
8941269,8941269,movement,1033,582,1709663381925
8941269,8941269,movement,1076,586,1709663381941
8941269,8941269,movement,1110,586,1709663381958
8941269,8941269,movement,1151,587,1709663381974
8941269,8941269,movement,1207,590,1709663381994
8941269,8941269,movement,1231,590,1709663382007
8941269,8941269,movement,1253,590,1709663382026
8941269,8941269,movement,1273,590,1709663382041
8941269,8941269,movement,1294,590,1709663382060
8941269,8941269,movement,1314,590,1709663382073
8941269,8941269,movement,1338,594,1709663382090
8941269,8941269,movement,1362,597,1709663382107
8941269,8941269,movement,1397,598,1709663382125
8941269,8941269,movement,1410,598,1709663382143
8941269,8941269,movement,1418,598,1709663382159
8941269,8941269,movement,1424,598,1709663382176
8941269,8941269,movement,1426,598,1709663382192
8941269,8941269,movement,1425,598,1709663382488
8941269,8941269,movement,1424,598,1709663382509
8941269,8941269,movement,1423,598,1709663382525
8941269,8941269,movement,1422,598,1709663382541
8941269,8941269,movement,1421,598,1709663382556
8941269,8941269,movement,1420,598,1709663382578
8941269,8941269,movement,1418,598,1709663382594
8941269,8941269,movement,1418,598,1709663382649
8941269,8941269,movement,1417,598,1709663382696
8941269,8941269,mouseup,1417,598,1709663382843
8941269,8941269,movement,1416,598,1709663383016
8941269,8941269,movement,1415,598,1709663383056
8941269,8941269,movement,1414,598,1709663383072
8941269,8941269,movement,1413,598,1709663383089
8941269,8941269,movement,1412,598,1709663383107
8941269,8941269,movement,1411,598,1709663383124
8941269,8941269,movement,1410,598,1709663383144
8941269,8941269,movement,1406,598,1709663383157
8941269,8941269,movement,1393,599,1709663383198
8941269,8941269,movement,1371,600,1709663383226
8941269,8941269,movement,1351,600,1709663383247
8941269,8941269,movement,1344,600,1709663383256
8941269,8941269,movement,1328,601,1709663383272
8941269,8941269,movement,1310,601,1709663383288
8941269,8941269,movement,1286,602,1709663383305
8941269,8941269,movement,1250,605,1709663383322
8941269,8941269,movement,1198,605,1709663383339
8941269,8941269,movement,1082,614,1709663383357
8941269,8941269,movement,1009,624,1709663383373
8941269,8941269,movement,949,632,1709663383390
8941269,8941269,movement,899,641,1709663383405
8941269,8941269,movement,854,651,1709663383427
8941269,8941269,movement,808,662,1709663383443
8941269,8941269,movement,765,673,1709663383456
8941269,8941269,movement,736,682,1709663383474
8941269,8941269,movement,719,691,1709663383491
8941269,8941269,movement,701,706,1709663383508
8941269,8941269,movement,687,718,1709663383522
8941269,8941269,movement,674,727,1709663383542
8941269,8941269,movement,660,738,1709663383558
8941269,8941269,movement,646,746,1709663383573
8941269,8941269,movement,629,755,1709663383589
8941269,8941269,movement,591,766,1709663383608
8941269,8941269,movement,559,769,1709663383623
8941269,8941269,movement,529,770,1709663383638
8941269,8941269,movement,501,770,1709663383655
8941269,8941269,movement,480,770,1709663383672
8941269,8941269,movement,461,766,1709663383690
8941269,8941269,movement,440,763,1709663383706
8941269,8941269,movement,420,759,1709663383722
8941269,8941269,movement,405,755,1709663383740
8941269,8941269,movement,400,755,1709663383755
8941269,8941269,movement,400,756,1709663383878
8941269,8941269,movement,398,761,1709663383907
8941269,8941269,movement,398,763,1709663383908
8941269,8941269,movement,396,766,1709663383920
8941269,8941269,movement,394,773,1709663383942
8941269,8941269,movement,393,777,1709663383954
8941269,8941269,movement,390,781,1709663383972
8941269,8941269,movement,390,785,1709663383989
8941269,8941269,movement,389,786,1709663384005
8941269,8941269,movement,389,786,1709663384021
8941269,8941269,movement,389,787,1709663384039
8941269,8941269,movement,389,788,1709663384079
8941269,8941269,movement,388,786,1709663384307
8941269,8941269,movement,388,778,1709663384322
8941269,8941269,movement,388,762,1709663384339
8941269,8941269,movement,388,737,1709663384359
8941269,8941269,movement,389,702,1709663384371
8941269,8941269,movement,399,632,1709663384393
8941269,8941269,movement,409,589,1709663384407
8941269,8941269,movement,421,568,1709663384434
8941269,8941269,movement,446,535,1709663384443
8941269,8941269,movement,476,507,1709663384462
8941269,8941269,movement,490,492,1709663384479
8941269,8941269,movement,494,486,1709663384492
8941269,8941269,movement,502,477,1709663384505
8941269,8941269,movement,508,469,1709663384530
8941269,8941269,movement,510,466,1709663384543
8941269,8941269,movement,512,462,1709663384554
8941269,8941269,movement,514,458,1709663384571
8941269,8941269,movement,517,455,1709663384589
8941269,8941269,movement,518,451,1709663384605
8941269,8941269,movement,519,448,1709663384620
8941269,8941269,movement,522,440,1709663384638
8941269,8941269,movement,525,429,1709663384667
8941269,8941269,movement,526,398,1709663384680
8941269,8941269,movement,526,394,1709663384688
8941269,8941269,movement,528,387,1709663384705
8941269,8941269,movement,528,384,1709663384723
8941269,8941269,movement,528,382,1709663384738
8941269,8941269,movement,528,381,1709663384755
8941269,8941269,movement,528,379,1709663384770
8941269,8941269,movement,530,376,1709663384788
8941269,8941269,movement,530,373,1709663384804
8941269,8941269,movement,530,371,1709663384821
8941269,8941269,movement,530,370,1709663384845
8941269,8941269,movement,530,370,1709663384882
8941269,8941269,movement,531,370,1709663384900
8941269,8941269,movement,531,369,1709663384922
8941269,8941269,movement,532,369,1709663384938
8941269,8941269,movement,532,370,1709663385061
8941269,8941269,movement,533,370,1709663385075
8941269,8941269,movement,534,373,1709663385088
8941269,8941269,movement,535,375,1709663385106
8941269,8941269,movement,536,380,1709663385125
8941269,8941269,movement,538,389,1709663385146
8941269,8941269,movement,540,395,1709663385155
8941269,8941269,movement,540,399,1709663385170
8941269,8941269,movement,541,404,1709663385187
8941269,8941269,movement,541,406,1709663385209
8941269,8941269,movement,542,408,1709663385222
8941269,8941269,movement,542,410,1709663385240
8941269,8941269,movement,542,410,1709663385254
8941269,8941269,movement,542,411,1709663385270
8941269,8941269,mouseup,542,411,1709663385504
8941269,8941269,movement,542,414,1709663385621
8941269,8941269,movement,539,418,1709663385639
8941269,8941269,movement,536,422,1709663385655
8941269,8941269,movement,532,430,1709663385671
8941269,8941269,movement,524,442,1709663385687
8941269,8941269,movement,510,461,1709663385703
8941269,8941269,movement,498,481,1709663385721
8941269,8941269,movement,484,502,1709663385739
8941269,8941269,movement,464,540,1709663385757
8941269,8941269,movement,451,567,1709663385779
8941269,8941269,movement,440,594,1709663385789
8941269,8941269,movement,426,630,1709663385809
8941269,8941269,movement,422,642,1709663385820
8941269,8941269,movement,416,661,1709663385840
8941269,8941269,movement,411,678,1709663385854
8941269,8941269,movement,406,698,1709663385870
8941269,8941269,movement,403,706,1709663385888
8941269,8941269,movement,400,722,1709663385905
8941269,8941269,movement,395,740,1709663385940
8941269,8941269,singleclick,395,740,1709663385511
8941269,8941269,movement,394,749,1709663385955
8941269,8941269,movement,393,750,1709663385970
8941269,8941269,movement,393,757,1709663385986
8941269,8941269,movement,393,760,1709663386004
8941269,8941269,movement,393,764,1709663386019
8941269,8941269,movement,393,765,1709663386036
8941269,8941269,movement,393,766,1709663386079
8941269,8941269,movement,393,767,1709663386094
8941269,8941269,movement,393,770,1709663386128
8941269,8941269,movement,393,771,1709663386133
8941269,8941269,movement,394,774,1709663386151
8941269,8941269,movement,394,775,1709663386159
8941269,8941269,movement,394,777,1709663386169
8941269,8941269,movement,394,780,1709663386186
8941269,8941269,movement,394,785,1709663386204
8941269,8941269,movement,394,787,1709663386221
8941269,8941269,movement,394,788,1709663386236
8941269,8941269,movement,394,789,1709663386253
8941269,8941269,movement,394,790,1709663386271
8941269,8941269,movement,394,791,1709663386292
8941269,8941269,movement,395,791,1709663386310
8941269,8941269,mousedown,395,791,1709663386472
8941269,8941269,mouseup,395,791,1709663386565
8941269,8941269,movement,395,790,1709663386746
8941269,8941269,movement,395,790,1709663386777
8941269,8941269,movement,395,788,1709663386856
8941269,8941269,movement,394,786,1709663386925
8941269,8941269,movement,394,784,1709663387006
8941269,8941269,movement,394,783,1709663387066
8941269,8941269,singleclick,394,783,1709663386677
8941269,8941269,movement,394,782,1709663387101
8941269,8941269,movement,394,782,1709663387207
8941269,8941269,movement,394,781,1709663387254
8941269,8941269,movement,394,780,1709663387403
8941269,8941269,movement,394,779,1709663387440
8941269,8941269,movement,394,778,1709663387464
8941269,8941269,movement,394,777,1709663387492
8941269,8941269,movement,394,775,1709663387520
8941269,8941269,movement,394,774,1709663387529
8941269,8941269,movement,394,770,1709663387555
8941269,8941269,movement,394,769,1709663387577
8941269,8941269,movement,394,763,1709663387605
8941269,8941269,movement,394,762,1709663387617
8941269,8941269,movement,396,757,1709663387633
8941269,8941269,movement,396,754,1709663387655
8941269,8941269,movement,398,751,1709663387668
8941269,8941269,movement,398,748,1709663387687
8941269,8941269,movement,399,745,1709663387702
8941269,8941269,movement,399,741,1709663387719
8941269,8941269,movement,400,730,1709663387739
8941269,8941269,movement,401,710,1709663387754
8941269,8941269,movement,401,663,1709663387774
8941269,8941269,movement,401,613,1709663387790
8941269,8941269,movement,396,527,1709663387813
8941269,8941269,movement,377,394,1709663387839
8941269,8941269,movement,370,365,1709663387853
8941269,8941269,movement,361,334,1709663387869
8941269,8941269,movement,355,316,1709663387885
8941269,8941269,movement,342,290,1709663387902
8941269,8941269,movement,333,278,1709663387918
8941269,8941269,movement,322,270,1709663387936
8941269,8941269,movement,314,262,1709663387955
8941269,8941269,movement,309,258,1709663387980
8941269,8941269,movement,306,255,1709663387983
8941269,8941269,movement,302,252,1709663388000
8941269,8941269,movement,298,248,1709663388017
8941269,8941269,movement,294,246,1709663388035
8941269,8941269,movement,291,241,1709663388052
8941269,8941269,movement,287,234,1709663388070
8941269,8941269,movement,284,230,1709663388084
8941269,8941269,movement,282,223,1709663388101
8941269,8941269,movement,279,215,1709663388117
8941269,8941269,movement,279,205,1709663388142
8941269,8941269,movement,279,199,1709663388163
8941269,8941269,movement,279,190,1709663388190
8941269,8941269,movement,282,178,1709663388240
8941269,8941269,movement,283,174,1709663388306
8941269,8941269,mousedown,283,174,1709663388604
8941269,8941269,mouseup,283,174,1709663388728
8941269,8941269,movement,296,172,1709663389053
8941269,8941269,movement,307,171,1709663389073
8941269,8941269,movement,325,171,1709663389104
8941269,8941269,movement,334,171,1709663389113
8941269,8941269,movement,340,171,1709663389124
8941269,8941269,movement,345,172,1709663389134
8941269,8941269,singleclick,345,172,1709663388732
8941269,8941269,movement,358,174,1709663389150
8941269,8941269,movement,387,185,1709663389170
8941269,8941269,movement,442,210,1709663389202
8941269,8941269,movement,461,222,1709663389222
8941269,8941269,movement,484,236,1709663389240
8941269,8941269,movement,498,246,1709663389259
8941269,8941269,movement,511,257,1709663389274
8941269,8941269,movement,522,268,1709663389292
8941269,8941269,movement,531,279,1709663389313
8941269,8941269,movement,539,291,1709663389319
8941269,8941269,movement,547,303,1709663389337
8941269,8941269,movement,555,315,1709663389350
8941269,8941269,movement,562,325,1709663389369
8941269,8941269,movement,566,331,1709663389398
8941269,8941269,movement,567,334,1709663389418
8941269,8941269,movement,568,334,1709663389548
8941269,8941269,movement,568,334,1709663389600
8941269,8941269,movement,568,334,1709663389929
8941269,8941269,movement,568,335,1709663389935
8941269,8941269,movement,568,336,1709663389949
8941269,8941269,movement,568,337,1709663389968
8941269,8941269,movement,568,338,1709663389983
8941269,8941269,movement,568,338,1709663389999
8941269,8941269,movement,568,339,1709663390046
8941269,8941269,movement,568,340,1709663390178
8941269,8941269,mousedown,568,340,1709663390360
8941269,8941269,mouseup,568,340,1709663390460
8941269,8941269,movement,571,341,1709663390751
8941269,8941269,movement,585,337,1709663390800
8941269,8941269,movement,622,316,1709663390859
8941269,8941269,movement,706,278,1709663390920
8941269,8941269,movement,788,252,1709663390985
8941269,8941269,movement,856,234,1709663391091
8941269,8941269,movement,1058,192,1709663391095
8941269,8941269,singleclick,1058,192,1709663390472
8941269,8941269,movement,1194,189,1709663391173
8941269,8941269,movement,1262,205,1709663391196
8941269,8941269,movement,1314,214,1709663391270
8941269,8941269,movement,1316,214,1709663391281
8941269,8941269,movement,1326,217,1709663391301
8941269,8941269,movement,1334,219,1709663391315
8941269,8941269,movement,1342,222,1709663391343
8941269,8941269,movement,1351,227,1709663391348
8941269,8941269,movement,1364,234,1709663391365
8941269,8941269,movement,1382,242,1709663391381
8941269,8941269,movement,1399,250,1709663391398
8941269,8941269,movement,1416,255,1709663391416
8941269,8941269,movement,1434,263,1709663391436
8941269,8941269,movement,1441,268,1709663391456
8941269,8941269,movement,1443,270,1709663391467
8941269,8941269,movement,1450,278,1709663391500
8941269,8941269,movement,1456,284,1709663391521
8941269,8941269,movement,1458,286,1709663391546
8941269,8941269,movement,1459,287,1709663391582
8941269,8941269,movement,1461,288,1709663391600
8941269,8941269,movement,1466,289,1709663391616
8941269,8941269,movement,1470,290,1709663391633
8941269,8941269,movement,1474,290,1709663391654
8941269,8941269,movement,1476,290,1709663391669
8941269,8941269,movement,1478,290,1709663391681
8941269,8941269,movement,1478,290,1709663391707
8941269,8941269,movement,1478,288,1709663391728
8941269,8941269,movement,1479,286,1709663391734
8941269,8941269,movement,1480,283,1709663391757
8941269,8941269,movement,1480,282,1709663391785
8941269,8941269,mousedown,1480,282,1709663391941
8941269,8941269,mouseup,1480,282,1709663392021
8941269,8941269,movement,1478,283,1709663392147
8941269,8941269,movement,1476,286,1709663392165
8941269,8941269,movement,1472,289,1709663392189
8941269,8941269,movement,1464,295,1709663392211
8941269,8941269,movement,1449,305,1709663392221
8941269,8941269,movement,1442,310,1709663392233
8941269,8941269,movement,1422,318,1709663392248
8941269,8941269,movement,1402,323,1709663392263
8941269,8941269,movement,1383,330,1709663392282
8941269,8941269,movement,1368,334,1709663392301
8941269,8941269,movement,1342,340,1709663392318
8941269,8941269,movement,1325,342,1709663392333
8941269,8941269,movement,1310,344,1709663392346
8941269,8941269,movement,1294,347,1709663392363
8941269,8941269,movement,1283,349,1709663392380
8941269,8941269,movement,1276,350,1709663392396
8941269,8941269,movement,1270,352,1709663392413
8941269,8941269,movement,1266,354,1709663392431
8941269,8941269,movement,1259,356,1709663392447
8941269,8941269,movement,1256,357,1709663392464
8941269,8941269,movement,1254,357,1709663392480
8941269,8941269,movement,1251,358,1709663392497
8941269,8941269,movement,1250,358,1709663392514
8941269,8941269,movement,1248,360,1709663392532
8941269,8941269,movement,1245,362,1709663392549
8941269,8941269,movement,1241,364,1709663392569
8941269,8941269,movement,1238,366,1709663392598
8941269,8941269,movement,1238,366,1709663392613
8941269,8941269,movement,1238,367,1709663392662
8941269,8941269,movement,1238,368,1709663392730
8941269,8941269,mousedown,1238,368,1709663392824
8941269,8941269,mouseup,1238,368,1709663392904
8941269,8941269,movement,1237,368,1709663393279
8941269,8941269,movement,1232,368,1709663393297
8941269,8941269,movement,1219,366,1709663393313
8941269,8941269,singleclick,1219,366,1709663392908
8941269,8941269,movement,1199,364,1709663393333
8941269,8941269,movement,1175,361,1709663393350
8941269,8941269,movement,1149,358,1709663393364
8941269,8941269,movement,1115,356,1709663393381
8941269,8941269,movement,1062,354,1709663393397
8941269,8941269,movement,980,355,1709663393413
8941269,8941269,movement,922,365,1709663393431
8941269,8941269,movement,858,378,1709663393447
8941269,8941269,movement,786,400,1709663393465
8941269,8941269,movement,711,423,1709663393481
8941269,8941269,movement,655,448,1709663393498
8941269,8941269,movement,621,466,1709663393515
8941269,8941269,movement,598,480,1709663393531
8941269,8941269,movement,569,498,1709663393546
8941269,8941269,movement,545,515,1709663393578
8941269,8941269,movement,539,522,1709663393601
8941269,8941269,movement,538,527,1709663393625
8941269,8941269,movement,537,529,1709663393646
8941269,8941269,movement,536,529,1709663393746
8941269,8941269,movement,536,530,1709663393768
8941269,8941269,movement,535,530,1709663394057
8941269,8941269,movement,534,533,1709663394139
8941269,8941269,movement,531,535,1709663394155
8941269,8941269,movement,530,537,1709663394165
8941269,8941269,movement,527,540,1709663394184
8941269,8941269,movement,520,545,1709663394212
8941269,8941269,movement,506,552,1709663394247
8941269,8941269,movement,490,558,1709663394369
8941269,8941269,movement,491,547,1709663394433
8941269,8941269,movement,495,526,1709663394461
8941269,8941269,movement,496,517,1709663394476
8941269,8941269,movement,497,506,1709663394481
8941269,8941269,movement,500,470,1709663394511
8941269,8941269,movement,503,451,1709663394516
8941269,8941269,movement,506,442,1709663394529
8941269,8941269,movement,513,427,1709663394547
8941269,8941269,movement,522,411,1709663394565
8941269,8941269,movement,530,397,1709663394580
8941269,8941269,movement,536,382,1709663394597
8941269,8941269,movement,537,378,1709663394616
8941269,8941269,movement,538,378,1709663394628
8941269,8941269,movement,538,374,1709663394695
8941269,8941269,movement,540,370,1709663394714
8941269,8941269,movement,541,362,1709663394728
8941269,8941269,movement,542,355,1709663394745
8941269,8941269,movement,542,348,1709663394764
8941269,8941269,movement,542,340,1709663394780
8941269,8941269,movement,542,334,1709663394802
8941269,8941269,movement,542,332,1709663394812
8941269,8941269,movement,542,330,1709663394829
8941269,8941269,mouseup,542,330,1709663395103
8941269,8941269,movement,540,337,1709663395236
8941269,8941269,movement,537,350,1709663395263
8941269,8941269,movement,537,355,1709663395277
8941269,8941269,movement,535,375,1709663395293
8941269,8941269,movement,534,390,1709663395311
8941269,8941269,movement,533,406,1709663395328
8941269,8941269,movement,533,426,1709663395344
8941269,8941269,movement,531,444,1709663395366
8941269,8941269,movement,529,466,1709663395381
8941269,8941269,movement,528,477,1709663395396
8941269,8941269,movement,522,510,1709663395414
8941269,8941269,movement,517,538,1709663395427
8941269,8941269,movement,515,555,1709663395445
8941269,8941269,movement,513,569,1709663395463
8941269,8941269,movement,513,577,1709663395477
8941269,8941269,movement,513,587,1709663395498
8941269,8941269,movement,512,592,1709663395514
8941269,8941269,singleclick,512,592,1709663395113
8941269,8941269,movement,511,597,1709663395527
8941269,8941269,movement,511,600,1709663395544
8941269,8941269,movement,510,605,1709663395567
8941269,8941269,movement,509,608,1709663395578
8941269,8941269,movement,506,615,1709663395604
8941269,8941269,movement,505,617,1709663395613
8941269,8941269,movement,503,620,1709663395630
8941269,8941269,movement,502,622,1709663395645
8941269,8941269,movement,501,623,1709663395662
8941269,8941269,movement,502,623,1709663395774
8941269,8941269,movement,502,622,1709663395931
8941269,8941269,movement,502,622,1709663395961
8941269,8941269,movement,502,620,1709663395977
8941269,8941269,movement,511,618,1709663395995
8941269,8941269,movement,538,613,1709663396012
8941269,8941269,movement,563,609,1709663396030
8941269,8941269,movement,594,606,1709663396047
8941269,8941269,movement,635,604,1709663396066
8941269,8941269,movement,775,599,1709663396090
8941269,8941269,movement,888,596,1709663396117
8941269,8941269,movement,946,596,1709663396144
8941269,8941269,movement,985,596,1709663396170
8941269,8941269,movement,999,596,1709663396176
8941269,8941269,movement,1027,594,1709663396193
8941269,8941269,movement,1054,593,1709663396210
8941269,8941269,movement,1092,593,1709663396227
8941269,8941269,movement,1115,593,1709663396246
8941269,8941269,movement,1135,593,1709663396264
8941269,8941269,movement,1158,593,1709663396280
8941269,8941269,movement,1178,593,1709663396293
8941269,8941269,movement,1190,593,1709663396310
8941269,8941269,movement,1203,593,1709663396326
8941269,8941269,movement,1216,594,1709663396344
8941269,8941269,movement,1230,598,1709663396360
8941269,8941269,movement,1247,603,1709663396390
8941269,8941269,movement,1258,606,1709663396411
8941269,8941269,movement,1302,615,1709663396454
8941269,8941269,movement,1394,648,1709663396621
8941269,8941269,movement,1402,650,1709663396721
8941269,8941269,movement,1403,651,1709663396739
8941269,8941269,movement,1405,653,1709663396761
8941269,8941269,movement,1406,653,1709663396777
8941269,8941269,movement,1406,654,1709663396794
8941269,8941269,movement,1407,654,1709663396810
8941269,8941269,mouseup,1407,654,1709663397053
8941269,8941269,movement,1405,654,1709663397209
8941269,8941269,movement,1400,656,1709663397226
8941269,8941269,movement,1395,657,1709663397243
8941269,8941269,movement,1386,658,1709663397259
8941269,8941269,movement,1370,658,1709663397277
8941269,8941269,movement,1330,657,1709663397292
8941269,8941269,movement,1313,655,1709663397309
8941269,8941269,movement,1274,654,1709663397326
8941269,8941269,movement,1246,654,1709663397343
8941269,8941269,movement,1208,654,1709663397360
8941269,8941269,movement,1148,652,1709663397376
8941269,8941269,movement,1060,646,1709663397394
8941269,8941269,movement,925,635,1709663397419
8941269,8941269,movement,846,635,1709663397425
8941269,8941269,movement,778,635,1709663397443
8941269,8941269,movement,720,632,1709663397459
8941269,8941269,movement,667,630,1709663397475
8941269,8941269,movement,625,626,1709663397493
8941269,8941269,movement,589,626,1709663397509
8941269,8941269,movement,579,626,1709663397525
8941269,8941269,movement,576,626,1709663397542
8941269,8941269,movement,572,626,1709663397559
8941269,8941269,movement,570,626,1709663397576
8941269,8941269,movement,569,626,1709663397593
8941269,8941269,movement,567,626,1709663397610
8941269,8941269,movement,566,626,1709663397630
8941269,8941269,movement,565,626,1709663397668
8941269,8941269,movement,564,626,1709663397689
8941269,8941269,movement,563,626,1709663397704
8941269,8941269,movement,562,626,1709663397724
8941269,8941269,movement,561,626,1709663397742
8941269,8941269,movement,560,626,1709663397758
8941269,8941269,movement,558,627,1709663397775
8941269,8941269,movement,557,627,1709663397792
8941269,8941269,movement,554,627,1709663397808
8941269,8941269,movement,550,628,1709663397826
8941269,8941269,movement,546,629,1709663397844
8941269,8941269,movement,541,630,1709663397859
8941269,8941269,movement,533,630,1709663397875
8941269,8941269,movement,516,634,1709663397892
8941269,8941269,movement,507,634,1709663397910
8941269,8941269,movement,498,635,1709663397925
8941269,8941269,movement,491,637,1709663397942
8941269,8941269,movement,484,638,1709663397959
8941269,8941269,movement,478,638,1709663397976
8941269,8941269,movement,471,638,1709663397991
8941269,8941269,movement,471,637,1709663398060
8941269,8941269,movement,471,636,1709663398077
8941269,8941269,movement,471,634,1709663398096
8941269,8941269,movement,474,630,1709663398109
8941269,8941269,movement,480,622,1709663398126
8941269,8941269,movement,486,615,1709663398144
8941269,8941269,movement,490,606,1709663398159
8941269,8941269,movement,498,594,1709663398180
8941269,8941269,movement,505,581,1709663398196
8941269,8941269,movement,509,572,1709663398208
8941269,8941269,movement,512,563,1709663398228
8941269,8941269,movement,516,553,1709663398242
8941269,8941269,movement,518,544,1709663398262
8941269,8941269,movement,523,534,1709663398279
8941269,8941269,movement,526,524,1709663398297
8941269,8941269,movement,527,518,1709663398310
8941269,8941269,movement,527,503,1709663398347
8941269,8941269,movement,527,496,1709663398349
8941269,8941269,movement,528,492,1709663398359
8941269,8941269,movement,529,486,1709663398376
8941269,8941269,movement,530,482,1709663398391
8941269,8941269,movement,530,479,1709663398411
8941269,8941269,movement,530,476,1709663398428
8941269,8941269,movement,531,474,1709663398442
8941269,8941269,movement,532,471,1709663398459
8941269,8941269,movement,533,470,1709663398475
8941269,8941269,movement,534,470,1709663398545
8941269,8941269,mouseup,534,470,1709663398746
8941269,8941269,movement,537,473,1709663398819
8941269,8941269,movement,551,496,1709663398881
8941269,8941269,movement,558,506,1709663398908
8941269,8941269,movement,562,510,1709663398924
8941269,8941269,movement,566,514,1709663398943
8941269,8941269,movement,571,522,1709663398957
8941269,8941269,movement,580,530,1709663398975
8941269,8941269,movement,583,534,1709663398990
8941269,8941269,movement,590,541,1709663399023
8941269,8941269,movement,592,545,1709663399040
8941269,8941269,movement,592,546,1709663399042
8941269,8941269,movement,594,547,1709663399057
8941269,8941269,movement,595,551,1709663399076
8941269,8941269,movement,597,556,1709663399091
8941269,8941269,movement,598,558,1709663399108
8941269,8941269,movement,598,562,1709663399125
8941269,8941269,movement,598,563,1709663399152
8941269,8941269,movement,599,565,1709663399157
8941269,8941269,singleclick,599,565,1709663398751
8941269,8941269,movement,600,566,1709663399177
8941269,8941269,movement,600,566,1709663399193
8941269,8941269,movement,600,567,1709663399250
8941269,8941269,movement,600,568,1709663399288
8941269,8941269,movement,600,569,1709663399312
8941269,8941269,movement,600,570,1709663399349
8941269,8941269,movement,600,574,1709663399392
8941269,8941269,movement,594,586,1709663399445
8941269,8941269,movement,573,617,1709663399483
8941269,8941269,movement,569,622,1709663399493
8941269,8941269,movement,560,634,1709663399507
8941269,8941269,movement,542,646,1709663399526
8941269,8941269,movement,527,654,1709663399540
8941269,8941269,movement,510,658,1709663399557
8941269,8941269,movement,498,659,1709663399573
8941269,8941269,movement,466,661,1709663399590
8941269,8941269,movement,445,662,1709663399610
8941269,8941269,movement,437,663,1709663399629
8941269,8941269,movement,428,665,1709663399641
8941269,8941269,movement,422,667,1709663399656
8941269,8941269,movement,416,670,1709663399673
8941269,8941269,movement,410,676,1709663399689
8941269,8941269,movement,404,681,1709663399707
8941269,8941269,movement,391,690,1709663399726
8941269,8941269,movement,384,695,1709663399741
8941269,8941269,movement,376,702,1709663399768
8941269,8941269,movement,374,705,1709663399778
8941269,8941269,movement,370,710,1709663399789
8941269,8941269,movement,368,715,1709663399806
8941269,8941269,movement,366,719,1709663399824
8941269,8941269,movement,366,722,1709663399844
8941269,8941269,movement,366,726,1709663399858
8941269,8941269,movement,366,730,1709663399874
8941269,8941269,movement,366,733,1709663399893
8941269,8941269,movement,367,736,1709663399910
8941269,8941269,movement,369,739,1709663399934
8941269,8941269,movement,370,742,1709663399974
8941269,8941269,movement,370,743,1709663400003
8941269,8941269,movement,370,745,1709663400025
8941269,8941269,movement,371,746,1709663400039
8941269,8941269,movement,371,746,1709663400058
8941269,8941269,movement,372,747,1709663400076
8941269,8941269,mousedown,372,747,1709663400158
8941269,8941269,mouseup,372,747,1709663400253
8941269,8941269,movement,372,746,1709663400491
8941269,8941269,movement,371,743,1709663400534
8941269,8941269,movement,371,740,1709663400582
8941269,8941269,movement,371,736,1709663400668
8941269,8941269,movement,371,735,1709663400762
8941269,8941269,movement,372,734,1709663400786
8941269,8941269,movement,372,734,1709663400797
8941269,8941269,movement,373,732,1709663400818
8941269,8941269,movement,374,732,1709663400823
8941269,8941269,singleclick,374,732,1709663400419
8941269,8941269,movement,374,731,1709663400842
8941269,8941269,movement,374,730,1709663400872
8941269,8941269,movement,375,730,1709663400889
8941269,8941269,movement,377,726,1709663400915
8941269,8941269,movement,379,721,1709663400935
8941269,8941269,movement,385,698,1709663400964
8941269,8941269,movement,386,693,1709663400971
8941269,8941269,movement,388,680,1709663400988
8941269,8941269,movement,390,670,1709663401005
8941269,8941269,movement,391,662,1709663401023
8941269,8941269,movement,393,653,1709663401039
8941269,8941269,movement,395,643,1709663401055
8941269,8941269,movement,398,627,1709663401072
8941269,8941269,movement,399,619,1709663401089
8941269,8941269,movement,399,613,1709663401105
8941269,8941269,movement,400,608,1709663401124
8941269,8941269,movement,402,602,1709663401150
8941269,8941269,movement,403,601,1709663401163
8941269,8941269,movement,405,598,1709663401178
8941269,8941269,movement,410,589,1709663401203
8941269,8941269,movement,415,577,1709663401237
8941269,8941269,movement,421,565,1709663401285
8941269,8941269,movement,421,564,1709663401297
8941269,8941269,movement,421,563,1709663401305
8941269,8941269,movement,422,562,1709663401348
8941269,8941269,movement,422,561,1709663401366
8941269,8941269,movement,422,560,1709663401371
8941269,8941269,movement,426,557,1709663401388
8941269,8941269,movement,426,553,1709663401406
8941269,8941269,movement,429,548,1709663401422
8941269,8941269,movement,431,541,1709663401440
8941269,8941269,movement,434,526,1709663401463
8941269,8941269,movement,434,522,1709663401473
8941269,8941269,movement,434,510,1709663401488
8941269,8941269,movement,433,493,1709663401507
8941269,8941269,movement,432,477,1709663401524
8941269,8941269,movement,431,448,1709663401540
8941269,8941269,movement,431,428,1709663401556
8941269,8941269,movement,431,406,1709663401573
8941269,8941269,movement,428,384,1709663401588
8941269,8941269,movement,422,355,1709663401619
8941269,8941269,movement,422,350,1709663401628
8941269,8941269,movement,422,346,1709663401638
8941269,8941269,movement,420,335,1709663401655
8941269,8941269,movement,414,319,1709663401671
8941269,8941269,movement,408,302,1709663401689
8941269,8941269,movement,399,279,1709663401706
8941269,8941269,movement,388,254,1709663401722
8941269,8941269,movement,371,224,1709663401739
8941269,8941269,movement,360,207,1709663401747
8941269,8941269,movement,338,176,1709663401763
8941269,8941269,movement,323,157,1709663401775
8941269,8941269,movement,310,134,1709663401804
8941269,8941269,movement,306,126,1709663401831
8941269,8941269,movement,302,118,1709663401878
8941269,8941269,movement,293,117,1709663401931
8941269,8941269,movement,284,146,1709663401976
8941269,8941269,movement,283,151,1709663401989
8941269,8941269,movement,282,162,1709663402009
8941269,8941269,movement,281,169,1709663402020
8941269,8941269,movement,281,171,1709663402039
8941269,8941269,movement,281,172,1709663402059
8941269,8941269,mousedown,281,172,1709663402235
8941269,8941269,movement,280,172,1709663402353
8941269,8941269,mouseup,280,172,1709663402357
8941269,8941269,movement,282,173,1709663402463
8941269,8941269,movement,328,192,1709663402592
8941269,8941269,movement,347,202,1709663402601
8941269,8941269,movement,439,266,1709663402711
8941269,8941269,movement,459,286,1709663402751
8941269,8941269,singleclick,459,286,1709663402362
8941269,8941269,movement,474,302,1709663402773
8941269,8941269,movement,495,322,1709663402792
8941269,8941269,movement,517,341,1709663402810
8941269,8941269,movement,558,376,1709663402844
8941269,8941269,movement,568,386,1709663402865
8941269,8941269,movement,570,390,1709663402870
8941269,8941269,movement,573,394,1709663402887
8941269,8941269,movement,575,398,1709663402906
8941269,8941269,movement,578,405,1709663402928
8941269,8941269,movement,582,412,1709663402937
8941269,8941269,movement,584,418,1709663402962
8941269,8941269,movement,588,426,1709663402979
8941269,8941269,movement,590,426,1709663402987
8941269,8941269,movement,591,430,1709663403004
8941269,8941269,movement,592,430,1709663403021
8941269,8941269,movement,594,432,1709663403092
8941269,8941269,movement,596,433,1709663403102
8941269,8941269,movement,597,434,1709663403105
8941269,8941269,movement,599,435,1709663403119
8941269,8941269,movement,601,436,1709663403137
8941269,8941269,movement,602,437,1709663403153
8941269,8941269,movement,603,438,1709663403171
8941269,8941269,movement,604,439,1709663403187
8941269,8941269,movement,604,441,1709663403206
8941269,8941269,movement,606,442,1709663403224
8941269,8941269,movement,606,442,1709663403239
8941269,8941269,movement,606,443,1709663403275
8941269,8941269,mousedown,606,443,1709663403477
8941269,8941269,mouseup,606,443,1709663403602
8941269,8941269,movement,642,422,1709663404005
8941269,8941269,movement,762,375,1709663404071
8941269,8941269,movement,1026,314,1709663404155
8941269,8941269,movement,1198,264,1709663404239
8941269,8941269,movement,1272,244,1709663404320
8941269,8941269,movement,1330,238,1709663404391
8941269,8941269,movement,1374,238,1709663404469
8941269,8941269,movement,1398,243,1709663404539
8941269,8941269,movement,1425,267,1709663404620
8941269,8941269,movement,1431,275,1709663404702
8941269,8941269,movement,1432,276,1709663404792
8941269,8941269,movement,1458,278,1709663404877
8941269,8941269,movement,1465,278,1709663404955
8941269,8941269,singleclick,1465,278,1709663403615
8941269,8941269,movement,1473,278,1709663405114
8941269,8941269,movement,1475,278,1709663405214
8941269,8941269,movement,1475,278,1709663405323
8941269,8941269,movement,1476,278,1709663405337
8941269,8941269,movement,1477,278,1709663405371
8941269,8941269,movement,1478,278,1709663405404
8941269,8941269,movement,1479,278,1709663405420
8941269,8941269,movement,1481,278,1709663405437
8941269,8941269,movement,1482,278,1709663405459
8941269,8941269,movement,1483,277,1709663405503
8941269,8941269,mousedown,1483,277,1709663405598
8941269,8941269,mouseup,1483,277,1709663405659
8941269,8941269,movement,1482,277,1709663405786
8941269,8941269,movement,1478,278,1709663405801
8941269,8941269,movement,1475,281,1709663405817
8941269,8941269,movement,1470,282,1709663405852
8941269,8941269,movement,1446,298,1709663405885
8941269,8941269,movement,1394,314,1709663405927
8941269,8941269,movement,1358,326,1709663405968
8941269,8941269,movement,1314,338,1709663406012
8941269,8941269,movement,1283,354,1709663406075
8941269,8941269,movement,1277,357,1709663406089
8941269,8941269,movement,1274,358,1709663406101
8941269,8941269,movement,1257,367,1709663406143
8941269,8941269,movement,1254,369,1709663406154
8941269,8941269,movement,1250,372,1709663406167
8941269,8941269,movement,1246,376,1709663406184
8941269,8941269,movement,1242,380,1709663406200
8941269,8941269,movement,1239,383,1709663406219
8941269,8941269,movement,1232,390,1709663406250
8941269,8941269,movement,1230,391,1709663406265
8941269,8941269,movement,1229,392,1709663406283
8941269,8941269,movement,1228,392,1709663406300
8941269,8941269,movement,1227,392,1709663406400
8941269,8941269,movement,1226,391,1709663406420
8941269,8941269,movement,1226,390,1709663406436
8941269,8941269,movement,1224,387,1709663406452
8941269,8941269,movement,1224,386,1709663406467
8941269,8941269,movement,1224,385,1709663406484
8941269,8941269,mousedown,1224,385,1709663406871
8941269,8941269,mouseup,1224,385,1709663406951
8941269,8941269,movement,1130,379,1709663407286
8941269,8941269,movement,1051,371,1709663407363
8941269,8941269,singleclick,1051,371,1709663406954
8941269,8941269,movement,989,372,1709663407437
8941269,8941269,movement,978,374,1709663407454
8941269,8941269,movement,970,375,1709663407469
8941269,8941269,movement,960,378,1709663407486
8941269,8941269,movement,938,381,1709663407504
8941269,8941269,movement,919,382,1709663407522
8941269,8941269,movement,894,385,1709663407536
8941269,8941269,movement,867,388,1709663407552
8941269,8941269,movement,839,393,1709663407566
8941269,8941269,movement,766,410,1709663407598
8941269,8941269,movement,726,423,1709663407612
8941269,8941269,movement,700,433,1709663407619
8941269,8941269,movement,652,451,1709663407632
8941269,8941269,movement,612,468,1709663407653
8941269,8941269,movement,576,486,1709663407667
8941269,8941269,movement,549,503,1709663407683
8941269,8941269,movement,530,517,1709663407702
8941269,8941269,movement,519,526,1709663407719
8941269,8941269,movement,514,534,1709663407736
8941269,8941269,movement,511,539,1709663407750
8941269,8941269,movement,510,544,1709663407767
8941269,8941269,movement,507,552,1709663407783
8941269,8941269,movement,505,556,1709663407799
8941269,8941269,movement,504,561,1709663407816
8941269,8941269,movement,502,564,1709663407837
8941269,8941269,movement,502,566,1709663407851
8941269,8941269,movement,501,569,1709663407866
8941269,8941269,movement,500,570,1709663407884
8941269,8941269,movement,499,571,1709663407899
8941269,8941269,movement,498,572,1709663407916
8941269,8941269,movement,498,573,1709663407966
8941269,8941269,movement,497,573,1709663408173
8941269,8941269,movement,495,574,1709663408194
8941269,8941269,movement,495,574,1709663408215
8941269,8941269,movement,494,574,1709663408232
8941269,8941269,movement,494,574,1709663408249
8941269,8941269,movement,491,570,1709663408332
8941269,8941269,movement,490,541,1709663408369
8941269,8941269,movement,506,388,1709663408530
8941269,8941269,movement,513,376,1709663408646
8941269,8941269,movement,514,367,1709663408669
8941269,8941269,movement,514,363,1709663408673
8941269,8941269,movement,514,350,1709663408706
8941269,8941269,movement,514,346,1709663408714
8941269,8941269,movement,514,345,1709663408732
8941269,8941269,movement,514,343,1709663408768
8941269,8941269,movement,514,342,1709663408783
8941269,8941269,movement,514,341,1709663408817
8941269,8941269,movement,514,338,1709663408832
8941269,8941269,movement,514,338,1709663408900
8941269,8941269,movement,514,336,1709663408915
8941269,8941269,movement,514,334,1709663408951
8941269,8941269,movement,515,334,1709663408967
8941269,8941269,movement,515,333,1709663408981
8941269,8941269,movement,516,332,1709663409018
8941269,8941269,movement,517,331,1709663409035
8941269,8941269,movement,518,330,1709663409050
8941269,8941269,movement,518,329,1709663409065
8941269,8941269,movement,521,326,1709663409083
8941269,8941269,movement,522,325,1709663409099
8941269,8941269,movement,523,324,1709663409117
8941269,8941269,movement,524,323,1709663409133
8941269,8941269,movement,524,322,1709663409156
8941269,8941269,movement,527,326,1709663409183
8941269,8941269,movement,530,332,1709663409198
8941269,8941269,movement,533,338,1709663409217
8941269,8941269,movement,534,343,1709663409231
8941269,8941269,movement,536,350,1709663409252
8941269,8941269,movement,538,355,1709663409277
8941269,8941269,movement,539,359,1709663409284
8941269,8941269,movement,540,364,1709663409297
8941269,8941269,movement,540,367,1709663409314
8941269,8941269,movement,541,368,1709663409331
8941269,8941269,movement,541,370,1709663409348
8941269,8941269,movement,542,370,1709663409364
8941269,8941269,movement,542,371,1709663409381
8941269,8941269,movement,542,372,1709663409400
8941269,8941269,movement,542,373,1709663409416
8941269,8941269,movement,542,374,1709663409484
8941269,8941269,movement,542,374,1709663409515
8941269,8941269,movement,543,374,1709663409616
8941269,8941269,movement,544,375,1709663409631
8941269,8941269,movement,544,376,1709663409664
8941269,8941269,movement,545,376,1709663409749
8941269,8941269,movement,545,377,1709663409766
8941269,8941269,movement,546,377,1709663409781
8941269,8941269,movement,546,378,1709663409797
8941269,8941269,movement,548,378,1709663409827
8941269,8941269,movement,550,379,1709663409849
8941269,8941269,movement,552,380,1709663409866
8941269,8941269,movement,553,382,1709663409880
8941269,8941269,movement,554,382,1709663409896
8941269,8941269,movement,555,382,1709663409914
8941269,8941269,movement,557,383,1709663409931
8941269,8941269,movement,558,383,1709663409964
8941269,8941269,movement,558,384,1709663409997
8941269,8941269,movement,560,382,1709663410084
8941269,8941269,movement,566,368,1709663410103
8941269,8941269,movement,567,352,1709663410115
8941269,8941269,movement,570,339,1709663410133
8941269,8941269,movement,570,332,1709663410152
8941269,8941269,movement,571,328,1709663410164
8941269,8941269,movement,572,323,1709663410180
8941269,8941269,movement,572,319,1709663410201
8941269,8941269,movement,572,314,1709663410216
8941269,8941269,movement,572,313,1709663410232
8941269,8941269,movement,572,311,1709663410247
8941269,8941269,movement,572,310,1709663410263
8941269,8941269,mouseup,572,310,1709663410463
8941269,8941269,movement,577,328,1709663410603
8941269,8941269,movement,601,418,1709663410690
8941269,8941269,movement,651,490,1709663410775
8941269,8941269,movement,673,509,1709663410792
8941269,8941269,movement,691,516,1709663410815
8941269,8941269,movement,728,528,1709663410831
8941269,8941269,movement,764,536,1709663410847
8941269,8941269,movement,801,542,1709663410862
8941269,8941269,movement,834,547,1709663410882
8941269,8941269,singleclick,834,547,1709663410491
8941269,8941269,movement,864,552,1709663410898
8941269,8941269,movement,904,556,1709663410913
8941269,8941269,movement,975,563,1709663410933
8941269,8941269,movement,1016,569,1709663410953
8941269,8941269,movement,1055,574,1709663410972
8941269,8941269,movement,1079,578,1709663410985
8941269,8941269,movement,1089,579,1709663410995
8941269,8941269,movement,1110,582,1709663411013
8941269,8941269,movement,1134,586,1709663411033
8941269,8941269,movement,1160,591,1709663411049
8941269,8941269,movement,1186,595,1709663411073
8941269,8941269,movement,1204,598,1709663411082
8941269,8941269,movement,1224,604,1709663411107
8941269,8941269,movement,1242,606,1709663411114
8941269,8941269,movement,1256,608,1709663411130
8941269,8941269,movement,1267,610,1709663411148
8941269,8941269,movement,1278,610,1709663411167
8941269,8941269,movement,1298,615,1709663411189
8941269,8941269,movement,1359,633,1709663411232
8941269,8941269,movement,1374,639,1709663411246
8941269,8941269,movement,1390,645,1709663411265
8941269,8941269,movement,1403,650,1709663411282
8941269,8941269,movement,1411,654,1709663411299
8941269,8941269,movement,1417,657,1709663411314
8941269,8941269,movement,1422,658,1709663411331
8941269,8941269,movement,1425,659,1709663411347
8941269,8941269,movement,1427,660,1709663411364
8941269,8941269,movement,1430,660,1709663411379
8941269,8941269,movement,1430,661,1709663411395
8941269,8941269,movement,1429,661,1709663411581
8941269,8941269,movement,1426,661,1709663411597
8941269,8941269,movement,1424,660,1709663411616
8941269,8941269,movement,1422,659,1709663411632
8941269,8941269,movement,1420,659,1709663411649
8941269,8941269,movement,1418,659,1709663411663
8941269,8941269,movement,1416,658,1709663411719
8941269,8941269,movement,1415,658,1709663411737
8941269,8941269,movement,1414,658,1709663411756
8941269,8941269,mouseup,1414,658,1709663411990
8941269,8941269,movement,1411,658,1709663412145
8941269,8941269,movement,1378,651,1709663412226
8941269,8941269,movement,1330,640,1709663412302
8941269,8941269,movement,1270,629,1709663412383
8941269,8941269,movement,1212,618,1709663412411
8941269,8941269,movement,1196,614,1709663412422
8941269,8941269,movement,1180,610,1709663412431
8941269,8941269,movement,1155,607,1709663412447
8941269,8941269,movement,1139,604,1709663412461
8941269,8941269,movement,1123,602,1709663412484
8941269,8941269,movement,1082,594,1709663412508
8941269,8941269,movement,1069,591,1709663412511
8941269,8941269,movement,1028,585,1709663412532
8941269,8941269,movement,926,569,1709663412571
8941269,8941269,movement,900,563,1709663412608
8941269,8941269,movement,894,562,1709663412612
8941269,8941269,movement,879,557,1709663412628
8941269,8941269,movement,858,551,1709663412645
8941269,8941269,movement,833,545,1709663412666
8941269,8941269,movement,815,539,1709663412682
8941269,8941269,movement,801,535,1709663412697
8941269,8941269,movement,776,529,1709663412714
8941269,8941269,movement,758,522,1709663412728
8941269,8941269,movement,738,515,1709663412745
8941269,8941269,movement,722,508,1709663412763
8941269,8941269,movement,706,501,1709663412778
8941269,8941269,movement,691,492,1709663412799
8941269,8941269,movement,678,484,1709663412814
8941269,8941269,movement,663,478,1709663412834
8941269,8941269,movement,657,476,1709663412845
8941269,8941269,movement,654,475,1709663412863
8941269,8941269,movement,650,474,1709663412878
8941269,8941269,movement,649,472,1709663412896
8941269,8941269,movement,648,471,1709663412914
8941269,8941269,movement,646,470,1709663412929
8941269,8941269,movement,645,467,1709663412945
8941269,8941269,movement,642,462,1709663412969
8941269,8941269,movement,635,451,1709663412978
8941269,8941269,movement,632,444,1709663412995
8941269,8941269,movement,629,437,1709663413014
8941269,8941269,movement,626,432,1709663413030
8941269,8941269,movement,625,428,1709663413045
8941269,8941269,movement,624,426,1709663413063
8941269,8941269,movement,623,423,1709663413079
8941269,8941269,movement,622,421,1709663413095
8941269,8941269,movement,621,418,1709663413115
8941269,8941269,movement,620,418,1709663413128
8941269,8941269,movement,620,417,1709663413146
8941269,8941269,movement,619,416,1709663413179
8941269,8941269,movement,619,415,1709663413196
8941269,8941269,movement,618,415,1709663413245
8941269,8941269,mouseup,618,415,1709663413600
8941269,8941269,movement,619,416,1709663413730
8941269,8941269,movement,620,418,1709663413744
8941269,8941269,movement,621,422,1709663413760
8941269,8941269,movement,622,423,1709663413780
8941269,8941269,movement,622,425,1709663413793
8941269,8941269,movement,623,426,1709663413811
8941269,8941269,movement,625,430,1709663413827
8941269,8941269,movement,627,432,1709663413844
8941269,8941269,movement,630,435,1709663413862
8941269,8941269,movement,638,439,1709663413878
8941269,8941269,movement,646,442,1709663413893
8941269,8941269,movement,659,445,1709663413910
8941269,8941269,movement,677,446,1709663413927
8941269,8941269,movement,690,447,1709663413943
8941269,8941269,movement,704,447,1709663413961
8941269,8941269,movement,714,449,1709663413978
8941269,8941269,movement,726,449,1709663413995
8941269,8941269,movement,742,449,1709663414010
8941269,8941269,singleclick,742,449,1709663413609
8941269,8941269,movement,751,449,1709663414027
8941269,8941269,movement,760,449,1709663414043
8941269,8941269,movement,766,449,1709663414060
8941269,8941269,movement,771,449,1709663414078
8941269,8941269,movement,774,449,1709663414094
8941269,8941269,movement,776,449,1709663414111
8941269,8941269,movement,777,449,1709663414127
8941269,8941269,movement,778,449,1709663414144
8941269,8941269,movement,778,451,1709663414411
8941269,8941269,movement,775,455,1709663414430
8941269,8941269,movement,771,463,1709663414446
8941269,8941269,movement,760,478,1709663414463
8941269,8941269,movement,749,489,1709663414478
8941269,8941269,movement,733,502,1709663414493
8941269,8941269,movement,713,516,1709663414511
8941269,8941269,movement,694,529,1709663414529
8941269,8941269,movement,676,542,1709663414545
8941269,8941269,movement,661,554,1709663414564
8941269,8941269,movement,647,570,1709663414579
8941269,8941269,movement,642,578,1709663414593
8941269,8941269,movement,639,581,1709663414609
8941269,8941269,movement,638,582,1709663414626
8941269,8941269,movement,637,584,1709663414643
8941269,8941269,movement,636,586,1709663414660
8941269,8941269,movement,635,586,1709663414678
8941269,8941269,movement,635,586,1709663414760
8941269,8941269,movement,633,580,1709663414778
8941269,8941269,movement,625,559,1709663414797
8941269,8941269,movement,607,495,1709663414814
8941269,8941269,movement,606,489,1709663414827
8941269,8941269,movement,607,490,1709663416563
8941269,8941269,movement,608,490,1709663416593
8941269,8941269,movement,607,490,1709663416793
8941269,8941269,movement,608,490,1709663416877
8941269,8941269,movement,609,489,1709663416929
8941269,8941269,movement,609,486,1709663416945
8941269,8941269,movement,607,482,1709663416959
8941269,8941269,movement,606,478,1709663416978
8941269,8941269,movement,605,472,1709663416991
8941269,8941269,movement,603,470,1709663417008
8941269,8941269,movement,602,467,1709663417025
8941269,8941269,movement,602,466,1709663417041
8941269,8941269,movement,601,466,1709663417058
8941269,8941269,movement,600,466,1709663417076
8941269,8941269,mouseup,600,466,1709663417372
8941269,8941269,movement,599,471,1709663417693
8941269,8941269,movement,598,479,1709663417711
8941269,8941269,movement,598,486,1709663417724
8941269,8941269,movement,597,492,1709663417741
8941269,8941269,movement,596,498,1709663417757
8941269,8941269,movement,595,503,1709663417773
8941269,8941269,movement,595,508,1709663417790
8941269,8941269,singleclick,595,508,1709663417384
8941269,8941269,movement,595,515,1709663417810
8941269,8941269,movement,595,519,1709663417824
8941269,8941269,movement,595,523,1709663417842
8941269,8941269,movement,595,526,1709663417860
8941269,8941269,movement,595,528,1709663417875
8941269,8941269,movement,595,530,1709663417894
8941269,8941269,movement,595,531,1709663417926
8941269,8941269,movement,595,532,1709663417964
8941269,8941269,movement,595,534,1709663417983
8941269,8941269,movement,594,539,1709663418008
8941269,8941269,movement,594,544,1709663418030
8941269,8941269,movement,590,550,1709663418063
8941269,8941269,movement,586,558,1709663418095
8941269,8941269,movement,575,571,1709663418134
8941269,8941269,movement,558,591,1709663418180
8941269,8941269,movement,550,600,1709663418196
8941269,8941269,movement,543,605,1709663418205
8941269,8941269,movement,526,614,1709663418222
8941269,8941269,movement,507,620,1709663418239
8941269,8941269,movement,478,626,1709663418255
8941269,8941269,movement,458,629,1709663418272
8941269,8941269,movement,446,629,1709663418289
8941269,8941269,movement,440,629,1709663418305
8941269,8941269,movement,436,629,1709663418322
8941269,8941269,movement,434,629,1709663418339
8941269,8941269,movement,432,629,1709663418361
8941269,8941269,movement,429,632,1709663418383
8941269,8941269,movement,428,634,1709663418392
8941269,8941269,movement,426,640,1709663418406
8941269,8941269,movement,426,649,1709663418422
8941269,8941269,movement,424,660,1709663418439
8941269,8941269,movement,422,669,1709663418456
8941269,8941269,movement,418,678,1709663418472
8941269,8941269,movement,414,684,1709663418489
8941269,8941269,movement,410,690,1709663418506
8941269,8941269,movement,402,702,1709663418530
8941269,8941269,movement,398,710,1709663418542
8941269,8941269,movement,398,713,1709663418556
8941269,8941269,movement,395,717,1709663418573
8941269,8941269,movement,395,718,1709663418591
8941269,8941269,movement,395,720,1709663418606
8941269,8941269,movement,394,720,1709663418623
8941269,8941269,movement,394,721,1709663418639
8941269,8941269,movement,394,723,1709663418660
8941269,8941269,movement,394,725,1709663418674
8941269,8941269,movement,394,726,1709663418691
8941269,8941269,movement,394,730,1709663418707
8941269,8941269,movement,394,734,1709663418728
8941269,8941269,movement,394,739,1709663418742
8941269,8941269,movement,394,743,1709663418765
8941269,8941269,movement,394,749,1709663418795
8941269,8941269,movement,394,754,1709663418839
8941269,8941269,movement,394,754,1709663418864
8941269,8941269,mousedown,394,754,1709663419428
8941269,8941269,mouseup,394,754,1709663419501
8941269,8941269,movement,505,494,1709663420045
8941269,8941269,movement,518,460,1709663420074
8941269,8941269,movement,542,423,1709663420106
8941269,8941269,movement,581,385,1709663420161
8941269,8941269,movement,608,364,1709663420226
8941269,8941269,movement,613,361,1709663420336
8941269,8941269,movement,631,314,1709663420562
8941269,8941269,singleclick,631,314,1709663420037
8941269,8941269,movement,666,254,1709663420609
8941269,8941269,movement,679,238,1709663420622
8941269,8941269,movement,690,222,1709663420640
8941269,8941269,movement,700,208,1709663420655
8941269,8941269,movement,704,201,1709663420667
8941269,8941269,movement,710,194,1709663420672
8941269,8941269,movement,722,175,1709663420693
8941269,8941269,movement,729,159,1709663420704
8941269,8941269,movement,734,138,1709663420725
8941269,8941269,movement,735,127,1709663420737
8941269,8941269,movement,734,116,1709663420757
8941269,8941269,movement,734,106,1709663420771
8941269,8941269,movement,732,89,1709663420798
8941269,8941269,movement,79,105,1709663422022
8941269,8941269,movement,82,112,1709663422078
8941269,8941269,movement,83,114,1709663422136
8941269,8941269,movement,88,115,1709663422178
8941269,8941269,movement,89,116,1709663422185
8941269,8941269,movement,90,117,1709663422202
8941269,8941269,movement,90,118,1709663422219
8941269,8941269,movement,92,118,1709663422269
8941269,8941269,movement,93,118,1709663422335
8941269,8941269,mousedown,93,118,1709663422478
8941269,8941269,mouseup,93,118,1709663422581
8941269,8941269,movement,95,118,1709663422764
8941269,8941269,movement,98,118,1709663422794
8941269,8941269,movement,98,118,1709663422802
8941269,8941269,movement,100,118,1709663422819
8941269,8941269,movement,106,118,1709663422836
8941269,8941269,movement,119,117,1709663422853
8941269,8941269,movement,144,117,1709663422869
8941269,8941269,movement,210,118,1709663422888
8941269,8941269,movement,264,119,1709663422906
8941269,8941269,movement,333,118,1709663422923
8941269,8941269,movement,429,117,1709663422938
8941269,8941269,movement,456,117,1709663422953
8941269,8941269,movement,535,109,1709663422969
8941269,8941269,movement,594,96,1709663422986
8941269,8941269,movement,624,86,1709663423003
8941269,8941269,movement,447,85,1709663430946
8941269,8941269,movement,453,92,1709663430961
8941269,8941269,movement,458,98,1709663430980
8941269,8941269,movement,460,102,1709663430994
8941269,8941269,movement,463,106,1709663431011
8941269,8941269,movement,465,107,1709663431030
8941269,8941269,movement,465,109,1709663431045
8941269,8941269,movement,466,109,1709663431062
8941269,8941269,mousedown,466,109,1709663431199
8941269,8941269,mouseup,466,109,1709663431296
8941269,8941269,singleclick,466,109,1709663431298
8941269,8941269,movement,466,110,1709663431818
8941269,8941269,movement,466,111,1709663431838
8941269,8941269,movement,466,113,1709663431874
8941269,8941269,movement,466,114,1709663431902
8941269,8941269,movement,466,115,1709663431910
8941269,8941269,movement,466,117,1709663431944
8941269,8941269,movement,466,118,1709663431968
8941269,8941269,movement,466,118,1709663431977
8941269,8941269,movement,466,119,1709663431993
8941269,8941269,movement,466,122,1709663432027
8941269,8941269,movement,466,124,1709663432049
8941269,8941269,movement,466,128,1709663432088
8941269,8941269,movement,466,135,1709663432133
8941269,8941269,movement,466,138,1709663432156
8941269,8941269,movement,466,140,1709663432163
8941269,8941269,movement,466,142,1709663432183
8941269,8941269,movement,466,142,1709663432194
8941269,8941269,movement,465,145,1709663432212
8941269,8941269,movement,465,146,1709663432230
8941269,8941269,movement,465,146,1709663432243
8941269,8941269,movement,465,147,1709663432302
8941269,8941269,movement,465,148,1709663432322
8941269,8941269,movement,465,150,1709663432378
8941269,8941269,movement,465,156,1709663432409
8941269,8941269,movement,462,186,1709663432461
8941269,8941269,movement,457,219,1709663432538
8941269,8941269,movement,457,222,1709663432603
8941269,8941269,mouseup,457,222,1709663432782
8941269,8941269,singleclick,457,222,1709663432812
8941269,8941269,movement,460,222,1709663433247
8941269,8941269,movement,466,224,1709663433261
8941269,8941269,movement,471,226,1709663433279
8941269,8941269,movement,482,230,1709663433294
8941269,8941269,movement,490,232,1709663433312
8941269,8941269,movement,498,234,1709663433327
8941269,8941269,movement,510,238,1709663433344
8941269,8941269,movement,524,242,1709663433360
8941269,8941269,movement,542,246,1709663433385
8941269,8941269,movement,561,254,1709663433394
8941269,8941269,movement,625,282,1709663433451
8941269,8941269,movement,733,364,1709663433752
8941269,8941269,movement,733,367,1709663433868
8941269,8941269,movement,732,367,1709663433948
8941269,8941269,movement,733,367,1709663434060
8941269,8941269,movement,733,366,1709663434078
8941269,8941269,movement,733,367,1709663434244
8941269,8941269,movement,733,368,1709663434258
8941269,8941269,movement,733,370,1709663434285
8941269,8941269,movement,733,374,1709663434308
8941269,8941269,movement,733,376,1709663434317
8941269,8941269,movement,733,378,1709663434324
8941269,8941269,movement,733,382,1709663434345
8941269,8941269,movement,734,388,1709663434358
8941269,8941269,movement,734,398,1709663434380
8941269,8941269,movement,735,408,1709663434396
8941269,8941269,movement,736,414,1709663434416
8941269,8941269,movement,737,416,1709663434427
8941269,8941269,movement,737,417,1709663434509
8941269,8941269,movement,738,417,1709663434555
8941269,8941269,movement,738,417,1709663434568
8941269,8941269,movement,738,416,1709663434576
8941269,8941269,movement,739,416,1709663434592
8941269,8941269,movement,741,416,1709663434608
8941269,8941269,movement,742,415,1709663434625
8941269,8941269,movement,742,414,1709663434641
8941269,8941269,movement,743,414,1709663434657
8941269,8941269,movement,744,414,1709663434674
8941269,8941269,movement,745,414,1709663434690
8941269,8941269,movement,745,414,1709663434708
8941269,8941269,movement,746,414,1709663434725
8941269,8941269,movement,746,414,1709663434742
8941269,8941269,movement,746,413,1709663434758
8941269,8941269,movement,746,412,1709663434774
8941269,8941269,movement,747,412,1709663434790
8941269,8941269,movement,748,412,1709663434807
8941269,8941269,movement,748,411,1709663434840
8941269,8941269,movement,750,410,1709663434863
8941269,8941269,movement,753,409,1709663434902
8941269,8941269,movement,755,408,1709663434928
8941269,8941269,movement,757,408,1709663434947
8941269,8941269,movement,758,408,1709663434967
8941269,8941269,movement,758,408,1709663434991
8941269,8941269,movement,758,407,1709663435108
8941269,8941269,movement,758,408,1709663435612
8941269,8941269,movement,758,408,1709663435629
8941269,8941269,movement,758,409,1709663435673
8941269,8941269,movement,757,409,1709663435690
8941269,8941269,movement,756,410,1709663435729
8941269,8941269,movement,754,411,1709663435785
8941269,8941269,movement,754,413,1709663435832
8941269,8941269,movement,753,414,1709663435906
8941269,8941269,movement,753,414,1709663435955
8941269,8941269,movement,752,414,1709663435968
8941269,8941269,movement,752,415,1709663435977
8941269,8941269,movement,751,415,1709663435994
8941269,8941269,movement,750,417,1709663436007
8941269,8941269,movement,750,418,1709663436023
8941269,8941269,movement,750,422,1709663436044
8941269,8941269,movement,747,429,1709663436056
8941269,8941269,movement,745,435,1709663436073
8941269,8941269,movement,742,442,1709663436095
8941269,8941269,movement,738,452,1709663436115
8941269,8941269,movement,731,472,1709663436141
8941269,8941269,movement,730,475,1709663436145
8941269,8941269,movement,728,480,1709663436158
8941269,8941269,movement,727,483,1709663436172
8941269,8941269,movement,726,486,1709663436188
8941269,8941269,movement,726,490,1709663436212
8941269,8941269,movement,724,498,1709663436226
8941269,8941269,movement,723,506,1709663436245
8941269,8941269,movement,722,512,1709663436256
8941269,8941269,movement,718,533,1709663436284
8941269,8941269,movement,715,545,1709663436302
8941269,8941269,movement,713,550,1709663436305
8941269,8941269,movement,710,563,1709663436327
8941269,8941269,movement,709,575,1709663436346
8941269,8941269,movement,706,601,1709663436374
8941269,8941269,movement,706,605,1709663436396
8941269,8941269,movement,706,610,1709663436435
8941269,8941269,movement,706,612,1709663436449
8941269,8941269,movement,706,612,1709663436455
8941269,8941269,movement,707,614,1709663436495
8941269,8941269,movement,707,614,1709663436513
8941269,8941269,movement,707,616,1709663436522
8941269,8941269,movement,707,617,1709663436549
8941269,8941269,movement,708,618,1709663436569
8941269,8941269,mousedown,708,618,1709663436697
8941269,8941269,mouseup,708,618,1709663436796
8941269,8941269,movement,712,618,1709663437093
8941269,8941269,movement,714,618,1709663437113
8941269,8941269,movement,715,618,1709663437121
8941269,8941269,movement,717,618,1709663437139
8941269,8941269,movement,722,617,1709663437156
8941269,8941269,movement,734,612,1709663437173
8941269,8941269,movement,750,602,1709663437189
8941269,8941269,movement,772,588,1709663437206
8941269,8941269,singleclick,772,588,1709663436808
8941269,8941269,movement,795,570,1709663437223
8941269,8941269,movement,838,533,1709663437238
8941269,8941269,movement,858,518,1709663437256
8941269,8941269,movement,876,503,1709663437275
8941269,8941269,movement,897,489,1709663437293
8941269,8941269,movement,925,468,1709663437306
8941269,8941269,movement,956,446,1709663437323
8941269,8941269,movement,995,414,1709663437341
8941269,8941269,movement,1043,378,1709663437357
8941269,8941269,movement,1154,305,1709663437392
8941269,8941269,movement,1213,275,1709663437416
8941269,8941269,movement,1222,270,1709663437431
8941269,8941269,movement,1231,269,1709663437439
8941269,8941269,movement,1254,262,1709663437454
8941269,8941269,movement,1262,262,1709663437472
8941269,8941269,movement,1268,262,1709663437488
8941269,8941269,movement,1270,262,1709663437505
8941269,8941269,movement,1271,262,1709663437523
8941269,8941269,movement,1270,262,1709663437601
8941269,8941269,movement,1270,262,1709663437609
8941269,8941269,movement,1269,262,1709663437625
8941269,8941269,movement,1268,262,1709663437640
8941269,8941269,movement,1266,262,1709663437656
8941269,8941269,movement,1259,263,1709663437681
8941269,8941269,movement,1257,264,1709663437699
8941269,8941269,movement,1254,264,1709663437725
8941269,8941269,movement,1254,264,1709663437754
8941269,8941269,movement,1254,265,1709663437772
8941269,8941269,movement,1253,265,1709663437805
8941269,8941269,movement,1252,265,1709663437879
8941269,8941269,movement,1251,266,1709663437890
8941269,8941269,movement,1250,267,1709663437907
8941269,8941269,movement,1248,268,1709663437923
8941269,8941269,movement,1247,268,1709663437951
8941269,8941269,movement,1247,269,1709663438019
8941269,8941269,movement,1247,270,1709663438035
8941269,8941269,movement,1246,270,1709663438045
8941269,8941269,movement,1246,270,1709663438054
8941269,8941269,movement,1246,272,1709663438070
8941269,8941269,movement,1246,274,1709663438090
8941269,8941269,movement,1248,278,1709663438105
8941269,8941269,movement,1254,284,1709663438123
8941269,8941269,movement,1261,290,1709663438139
8941269,8941269,movement,1276,297,1709663438156
8941269,8941269,movement,1286,300,1709663438171
8941269,8941269,movement,1298,303,1709663438188
8941269,8941269,movement,1307,303,1709663438205
8941269,8941269,movement,1314,303,1709663438221
8941269,8941269,movement,1318,303,1709663438239
8941269,8941269,movement,1326,303,1709663438257
8941269,8941269,movement,1330,303,1709663438276
8941269,8941269,movement,1335,303,1709663438287
8941269,8941269,movement,1340,303,1709663438304
8941269,8941269,movement,1347,303,1709663438321
8941269,8941269,movement,1354,303,1709663438338
8941269,8941269,movement,1359,304,1709663438354
8941269,8941269,movement,1363,304,1709663438371
8941269,8941269,movement,1366,304,1709663438386
8941269,8941269,movement,1370,304,1709663438404
8941269,8941269,movement,1374,304,1709663438421
8941269,8941269,movement,1377,303,1709663438437
8941269,8941269,movement,1379,302,1709663438455
8941269,8941269,movement,1382,302,1709663438472
8941269,8941269,movement,1383,302,1709663438488
8941269,8941269,movement,1383,302,1709663438693
8941269,8941269,movement,1385,306,1709663438707
8941269,8941269,movement,1386,310,1709663438722
8941269,8941269,movement,1389,315,1709663438741
8941269,8941269,movement,1391,319,1709663438753
8941269,8941269,movement,1394,323,1709663438771
8941269,8941269,movement,1397,326,1709663438787
8941269,8941269,movement,1399,329,1709663438804
8941269,8941269,movement,1402,330,1709663438820
8941269,8941269,movement,1405,332,1709663438837
8941269,8941269,movement,1406,333,1709663438854
8941269,8941269,movement,1408,334,1709663438870
8941269,8941269,movement,1410,335,1709663438889
8941269,8941269,movement,1412,336,1709663438904
8941269,8941269,movement,1413,338,1709663438922
8941269,8941269,movement,1415,339,1709663438939
8941269,8941269,movement,1419,342,1709663438961
8941269,8941269,movement,1422,346,1709663438972
8941269,8941269,movement,1426,348,1709663438990
8941269,8941269,movement,1428,350,1709663439009
8941269,8941269,movement,1430,351,1709663439030
8941269,8941269,movement,1430,352,1709663439046
8941269,8941269,movement,1430,353,1709663439059
8941269,8941269,movement,1431,354,1709663439072
8941269,8941269,movement,1432,356,1709663439088
8941269,8941269,movement,1432,358,1709663439106
8941269,8941269,movement,1432,360,1709663439124
8941269,8941269,movement,1432,363,1709663439142
8941269,8941269,movement,1432,367,1709663439158
8941269,8941269,movement,1432,369,1709663439173
8941269,8941269,movement,1431,372,1709663439188
8941269,8941269,movement,1430,374,1709663439208
8941269,8941269,movement,1430,374,1709663439222
8941269,8941269,movement,1430,375,1709663439235
8941269,8941269,movement,1429,376,1709663439253
8941269,8941269,movement,1429,377,1709663439269
8941269,8941269,movement,1429,378,1709663439286
8941269,8941269,movement,1429,378,1709663439309
8941269,8941269,movement,1429,380,1709663439321
8941269,8941269,movement,1429,382,1709663439338
8941269,8941269,movement,1429,383,1709663439376
8941269,8941269,movement,1429,384,1709663439389
8941269,8941269,movement,1430,384,1709663439425
8941269,8941269,movement,1431,383,1709663439439
8941269,8941269,movement,1435,382,1709663439462
8941269,8941269,movement,1440,380,1709663439473
8941269,8941269,movement,1446,378,1709663439490
8941269,8941269,movement,1452,376,1709663439507
8941269,8941269,movement,1458,373,1709663439523
8941269,8941269,movement,1458,372,1709663439538
8941269,8941269,movement,1458,371,1709663439574
8941269,8941269,movement,1460,371,1709663439593
8941269,8941269,movement,1460,370,1709663439607
8941269,8941269,movement,1460,370,1709663439624
8941269,8941269,movement,1460,369,1709663439640
8941269,8941269,movement,1455,366,1709663439657
8941269,8941269,movement,1446,364,1709663439670
8941269,8941269,movement,1432,363,1709663439689
8941269,8941269,movement,1422,361,1709663439703
8941269,8941269,movement,1416,360,1709663439724
8941269,8941269,movement,1414,360,1709663439736
8941269,8941269,movement,1414,360,1709663439843
8941269,8941269,movement,1415,361,1709663439858
8941269,8941269,movement,1420,362,1709663439873
8941269,8941269,movement,1424,362,1709663439890
8941269,8941269,movement,1430,362,1709663439905
8941269,8941269,movement,1434,362,1709663439924
8941269,8941269,movement,1438,362,1709663439937
8941269,8941269,movement,1442,362,1709663439957
8941269,8941269,movement,1446,362,1709663439972
8941269,8941269,movement,1450,362,1709663439991
8941269,8941269,movement,1454,361,1709663440006
8941269,8941269,movement,1464,359,1709663440041
8941269,8941269,movement,1469,358,1709663440062
8941269,8941269,movement,1470,358,1709663440072
8941269,8941269,movement,1471,357,1709663440088
8941269,8941269,movement,1473,356,1709663440105
8941269,8941269,movement,1474,356,1709663440121
8941269,8941269,movement,1473,357,1709663440246
8941269,8941269,movement,1472,357,1709663440253
8941269,8941269,movement,1468,358,1709663440269
8941269,8941269,movement,1465,359,1709663440289
8941269,8941269,movement,1461,360,1709663440309
8941269,8941269,movement,1459,360,1709663440319
8941269,8941269,movement,1458,361,1709663440334
8941269,8941269,movement,1456,361,1709663440351
8941269,8941269,movement,1455,361,1709663440373
8941269,8941269,movement,1454,361,1709663440386
8941269,8941269,mousedown,1454,361,1709663440470
8941269,8941269,mouseup,1454,361,1709663440551
8941269,8941269,movement,1454,361,1709663440689
8941269,8941269,movement,1427,365,1709663440776
8941269,8941269,movement,1410,366,1709663440799
8941269,8941269,movement,1375,366,1709663440832
8941269,8941269,movement,1354,366,1709663440877
8941269,8941269,movement,1347,365,1709663440887
8941269,8941269,movement,1340,365,1709663440907
8941269,8941269,movement,1330,365,1709663440920
8941269,8941269,movement,1314,365,1709663440942
8941269,8941269,movement,1298,368,1709663440963
8941269,8941269,movement,1294,368,1709663440972
8941269,8941269,movement,1286,370,1709663440990
8941269,8941269,movement,1278,370,1709663441003
8941269,8941269,movement,1270,371,1709663441018
8941269,8941269,movement,1259,372,1709663441040
8941269,8941269,movement,1254,373,1709663441057
8941269,8941269,movement,1251,374,1709663441067
8941269,8941269,movement,1247,374,1709663441084
8941269,8941269,movement,1239,375,1709663441103
8941269,8941269,movement,1230,376,1709663441119
8941269,8941269,movement,1222,378,1709663441136
8941269,8941269,movement,1209,381,1709663441151
8941269,8941269,movement,1203,382,1709663441168
8941269,8941269,movement,1177,388,1709663441184
8941269,8941269,movement,1166,392,1709663441201
8941269,8941269,movement,1154,395,1709663441219
8941269,8941269,movement,1146,397,1709663441235
8941269,8941269,movement,1142,398,1709663441251
8941269,8941269,movement,1141,398,1709663441274
8941269,8941269,movement,1130,393,1709663443068
8941269,8941269,movement,1114,382,1709663443086
8941269,8941269,movement,1103,375,1709663443091
8941269,8941269,movement,1079,362,1709663443101
8941269,8941269,movement,1055,348,1709663443118
8941269,8941269,movement,1036,337,1709663443133
8941269,8941269,movement,1019,329,1709663443152
8941269,8941269,movement,1010,328,1709663443168
8941269,8941269,movement,1004,329,1709663443185
8941269,8941269,movement,986,339,1709663443203
8941269,8941269,movement,971,352,1709663443216
8941269,8941269,movement,952,374,1709663443237
8941269,8941269,movement,927,401,1709663443254
8941269,8941269,movement,896,430,1709663443271
8941269,8941269,movement,863,460,1709663443288
8941269,8941269,movement,802,508,1709663443307
8941269,8941269,movement,772,527,1709663443327
8941269,8941269,movement,675,573,1709663443332
8941269,8941269,movement,577,604,1709663443363
8941269,8941269,movement,555,614,1709663443389
8941269,8941269,movement,545,620,1709663443412
8941269,8941269,movement,540,622,1709663443432
8941269,8941269,movement,536,623,1709663443449
8941269,8941269,movement,536,624,1709663443466
8941269,8941269,movement,535,624,1709663443483
8941269,8941269,movement,534,624,1709663443500
8941269,8941269,movement,531,626,1709663443520
8941269,8941269,movement,522,628,1709663443533
8941269,8941269,movement,507,633,1709663443550
8941269,8941269,movement,493,639,1709663443568
8941269,8941269,movement,476,646,1709663443583
8941269,8941269,movement,451,653,1709663443600
8941269,8941269,movement,436,656,1709663443623
8941269,8941269,movement,423,658,1709663443637
8941269,8941269,movement,411,658,1709663443656
8941269,8941269,movement,386,659,1709663443672
8941269,8941269,movement,370,660,1709663443683
8941269,8941269,movement,366,661,1709663443702
8941269,8941269,movement,360,662,1709663443715
8941269,8941269,movement,359,662,1709663443766
8941269,8941269,movement,358,662,1709663443784
8941269,8941269,mousedown,358,662,1709663443929
8941269,8941269,mouseup,358,662,1709663444020
8941269,8941269,movement,360,662,1709663444113
8941269,8941269,movement,362,662,1709663444134
8941269,8941269,movement,365,658,1709663444161
8941269,8941269,movement,371,648,1709663444196
8941269,8941269,movement,375,597,1709663444235
8941269,8941269,movement,344,408,1709663444292
8941269,8941269,movement,286,266,1709663444362
8941269,8941269,movement,268,214,1709663444437
8941269,8941269,movement,258,191,1709663444438
8941269,8941269,movement,256,178,1709663444465
8941269,8941269,singleclick,256,178,1709663444067
8941269,8941269,movement,255,176,1709663444485
8941269,8941269,movement,255,175,1709663444498
8941269,8941269,movement,256,174,1709663444734
8941269,8941269,movement,258,174,1709663444755
8941269,8941269,movement,261,173,1709663444797
8941269,8941269,movement,265,172,1709663444835
8941269,8941269,movement,267,170,1709663444865
8941269,8941269,movement,268,170,1709663444880
8941269,8941269,movement,269,170,1709663444899
8941269,8941269,movement,270,170,1709663444935
8941269,8941269,movement,270,169,1709663444978
8941269,8941269,mousedown,270,169,1709663445219
8941269,8941269,mouseup,270,169,1709663445295
8941269,8941269,movement,531,110,1709663445453
8941269,8941269,movement,568,94,1709663445518
8941269,8941269,singleclick,568,94,1709663445297
8941269,8941269,movement,510,85,1709663454493
8941269,8941269,movement,510,86,1709663454508
8941269,8941269,movement,511,88,1709663454524
8941269,8941269,movement,512,90,1709663454543
8941269,8941269,movement,513,90,1709663454557
8941269,8941269,movement,513,90,1709663454624
8941269,8941269,movement,514,91,1709663454640
8941269,8941269,movement,518,96,1709663454663
8941269,8941269,movement,518,98,1709663454672
8941269,8941269,movement,518,101,1709663454689
8941269,8941269,movement,519,103,1709663454708
8941269,8941269,movement,519,104,1709663454724
8941269,8941269,movement,520,105,1709663454740
8941269,8941269,movement,520,107,1709663454760
8941269,8941269,movement,522,110,1709663454772
8941269,8941269,movement,522,113,1709663454792
8941269,8941269,movement,522,114,1709663454806
8941269,8941269,movement,522,115,1709663454840
8941269,8941269,movement,523,115,1709663455060
8941269,8941269,movement,526,121,1709663455074
8941269,8941269,movement,530,134,1709663455092
8941269,8941269,movement,539,153,1709663455107
8941269,8941269,movement,549,176,1709663455131
8941269,8941269,movement,557,200,1709663455158
8941269,8941269,movement,566,250,1709663455169
8941269,8941269,movement,568,262,1709663455174
8941269,8941269,movement,569,278,1709663455190
8941269,8941269,movement,572,304,1709663455206
8941269,8941269,movement,576,330,1709663455232
8941269,8941269,movement,577,359,1709663455252
8941269,8941269,movement,577,363,1709663455259
8941269,8941269,movement,578,366,1709663455271
8941269,8941269,movement,578,367,1709663455289
8941269,8941269,movement,578,368,1709663455305
8941269,8941269,movement,579,368,1709663455339
8941269,8941269,movement,579,369,1709663455355
8941269,8941269,movement,579,370,1709663455380
8941269,8941269,movement,580,370,1709663455397
8941269,8941269,movement,580,371,1709663455406
8941269,8941269,movement,580,372,1709663455422
8941269,8941269,movement,580,373,1709663455438
8941269,8941269,movement,581,373,1709663455468
8941269,8941269,movement,582,374,1709663455505
8941269,8941269,movement,582,376,1709663455553
8941269,8941269,movement,583,379,1709663455580
8941269,8941269,movement,583,380,1709663455606
8941269,8941269,movement,584,381,1709663455629
8941269,8941269,movement,583,381,1709663456234
8941269,8941269,movement,583,382,1709663456254
8941269,8941269,movement,582,383,1709663456281
8941269,8941269,movement,580,385,1709663456318
8941269,8941269,movement,576,390,1709663456372
8941269,8941269,movement,574,394,1709663456401
8941269,8941269,movement,574,395,1709663456403
8941269,8941269,movement,573,397,1709663456420
8941269,8941269,movement,573,399,1709663456443
8941269,8941269,movement,573,400,1709663456463
8941269,8941269,movement,573,401,1709663456476
8941269,8941269,movement,573,402,1709663456521
8941269,8941269,movement,573,402,1709663456538
8941269,8941269,movement,572,402,1709663456554
8941269,8941269,movement,572,403,1709663456571
8941269,8941269,movement,571,403,1709663456630
8941269,8941269,movement,571,402,1709663456745
8941269,8941269,movement,570,400,1709663456753
8941269,8941269,movement,566,393,1709663456773
8941269,8941269,movement,562,378,1709663456790
8941269,8941269,movement,555,356,1709663456817
8941269,8941269,movement,550,98,1709663456862
8941269,8941269,movement,478,106,1709663461288
8941269,8941269,movement,485,126,1709663461303
8941269,8941269,movement,497,160,1709663461318
8941269,8941269,movement,512,207,1709663461332
8941269,8941269,movement,519,233,1709663461350
8941269,8941269,movement,520,256,1709663461370
8941269,8941269,movement,521,274,1709663461384
8941269,8941269,movement,522,292,1709663461400
8941269,8941269,movement,523,304,1709663461416
8941269,8941269,movement,524,312,1709663461433
8941269,8941269,movement,525,321,1709663461451
8941269,8941269,movement,525,326,1709663461466
8941269,8941269,movement,526,329,1709663461481
8941269,8941269,movement,526,331,1709663461488
8941269,8941269,movement,526,339,1709663461514
8941269,8941269,movement,526,345,1709663461525
8941269,8941269,movement,526,348,1709663461532
8941269,8941269,movement,524,352,1709663461549
8941269,8941269,movement,522,358,1709663461566
8941269,8941269,movement,520,361,1709663461586
8941269,8941269,movement,515,366,1709663461598
8941269,8941269,movement,513,366,1709663461616
8941269,8941269,movement,511,366,1709663461633
8941269,8941269,movement,509,366,1709663461649
8941269,8941269,movement,508,366,1709663461666
8941269,8941269,movement,504,366,1709663461683
8941269,8941269,movement,500,366,1709663461699
8941269,8941269,movement,496,367,1709663461716
8941269,8941269,movement,490,367,1709663461733
8941269,8941269,movement,483,367,1709663461750
8941269,8941269,movement,472,369,1709663461766
8941269,8941269,movement,453,372,1709663461788
8941269,8941269,movement,380,394,1709663461833
8941269,8941269,movement,371,395,1709663461838
8941269,8941269,movement,370,394,1709663461849
8941269,8941269,movement,368,394,1709663461865
8941269,8941269,movement,368,393,1709663461910
8941269,8941269,movement,367,393,1709663461924
8941269,8941269,movement,366,393,1709663461978
8941269,8941269,movement,366,394,1709663462040
8941269,8941269,movement,366,395,1709663462049
8941269,8941269,movement,366,398,1709663462066
8941269,8941269,movement,366,398,1709663462087
8941269,8941269,movement,365,400,1709663462102
8941269,8941269,movement,365,401,1709663462115
8941269,8941269,movement,364,404,1709663462135
8941269,8941269,movement,363,406,1709663462147
8941269,8941269,movement,363,409,1709663462165
8941269,8941269,movement,363,410,1709663462189
8941269,8941269,movement,363,413,1709663462217
8941269,8941269,movement,363,414,1709663462231
8941269,8941269,movement,363,414,1709663462249
8941269,8941269,movement,363,417,1709663462265
8941269,8941269,movement,363,418,1709663462281
8941269,8941269,movement,363,420,1709663462303
8941269,8941269,movement,363,422,1709663462321
8941269,8941269,movement,362,426,1709663462332
8941269,8941269,movement,362,431,1709663462354
8941269,8941269,movement,360,440,1709663462368
8941269,8941269,movement,358,445,1709663462381
8941269,8941269,movement,357,450,1709663462405
8941269,8941269,movement,356,454,1709663462420
8941269,8941269,movement,355,458,1709663462433
8941269,8941269,movement,355,463,1709663462453
8941269,8941269,movement,355,470,1709663462467
8941269,8941269,movement,355,478,1709663462483
8941269,8941269,movement,354,490,1709663462504
8941269,8941269,movement,354,499,1709663462518
8941269,8941269,movement,354,507,1709663462538
8941269,8941269,movement,354,514,1709663462548
8941269,8941269,movement,354,518,1709663462564
8941269,8941269,movement,354,521,1709663462584
8941269,8941269,movement,354,521,1709663462607
8941269,8941269,movement,355,521,1709663462623
8941269,8941269,movement,357,520,1709663462632
8941269,8941269,movement,358,519,1709663462652
8941269,8941269,movement,360,518,1709663462665
8941269,8941269,movement,361,517,1709663462682
8941269,8941269,movement,362,515,1709663462698
8941269,8941269,movement,363,515,1709663462719
8941269,8941269,movement,364,514,1709663462732
8941269,8941269,movement,365,514,1709663462748
8941269,8941269,movement,366,514,1709663462764
8941269,8941269,movement,366,514,1709663462781
8941269,8941269,movement,368,514,1709663462798
8941269,8941269,movement,369,514,1709663462912
8941269,8941269,movement,370,514,1709663462941
8941269,8941269,movement,370,514,1709663462962
8941269,8941269,movement,372,514,1709663462976
8941269,8941269,movement,373,514,1709663463026
8941269,8941269,movement,374,513,1709663463045
8941269,8941269,movement,374,513,1709663463076
8941269,8941269,movement,375,512,1709663463091
8941269,8941269,movement,376,512,1709663463107
8941269,8941269,movement,377,512,1709663463145
8941269,8941269,movement,378,512,1709663463182
8941269,8941269,movement,378,512,1709663463199
8941269,8941269,movement,380,512,1709663463215
8941269,8941269,movement,382,511,1709663463231
8941269,8941269,movement,383,511,1709663463248
8941269,8941269,movement,384,511,1709663463265
8941269,8941269,movement,385,510,1709663463283
8941269,8941269,movement,386,510,1709663463298
8941269,8941269,movement,386,510,1709663463315
8941269,8941269,movement,387,510,1709663463332
8941269,8941269,movement,388,510,1709663463348
8941269,8941269,movement,389,510,1709663463409
8941269,8941269,movement,390,510,1709663463528
8941269,8941269,movement,390,510,1709663463548
8941269,8941269,movement,391,510,1709663463634
8941269,8941269,movement,392,510,1709663463650
8941269,8941269,movement,394,510,1709663464104
8941269,8941269,movement,394,510,1709663464132
8941269,8941269,movement,396,509,1709663464166
8941269,8941269,movement,396,508,1709663464180
8941269,8941269,movement,397,506,1709663464196
8941269,8941269,movement,398,502,1709663464213
8941269,8941269,movement,400,499,1709663464232
8941269,8941269,movement,401,494,1709663464248
8941269,8941269,movement,402,490,1709663464263
8941269,8941269,movement,403,483,1709663464286
8941269,8941269,movement,403,478,1709663464307
8941269,8941269,movement,403,477,1709663464312
8941269,8941269,movement,404,474,1709663464330
8941269,8941269,movement,404,473,1709663464347
8941269,8941269,movement,406,470,1709663464363
8941269,8941269,movement,406,469,1709663464380
8941269,8941269,movement,407,466,1709663464396
8941269,8941269,movement,408,462,1709663464418
8941269,8941269,movement,409,460,1709663464433
8941269,8941269,movement,409,459,1709663464447
8941269,8941269,movement,409,458,1709663464467
8941269,8941269,movement,409,457,1709663464480
8941269,8941269,movement,409,456,1709663464497
8941269,8941269,movement,409,455,1709663464513
8941269,8941269,movement,409,454,1709663464530
8941269,8941269,movement,409,454,1709663464552
8941269,8941269,movement,409,453,1709663464569
8941269,8941269,movement,409,452,1709663464591
8941269,8941269,movement,409,451,1709663464615
8941269,8941269,movement,409,450,1709663464631
8941269,8941269,movement,409,450,1709663464651
8941269,8941269,movement,409,449,1709663464672
8941269,8941269,movement,409,448,1709663464714
8941269,8941269,movement,409,447,1709663464847
8941269,8941269,movement,409,446,1709663464869
8941269,8941269,movement,410,446,1709663464918
8941269,8941269,movement,410,446,1709663464931
8941269,8941269,movement,411,445,1709663464948
8941269,8941269,movement,414,442,1709663464965
8941269,8941269,movement,416,439,1709663464981
8941269,8941269,movement,418,436,1709663465002
8941269,8941269,movement,422,432,1709663465013
8941269,8941269,movement,425,429,1709663465030
8941269,8941269,movement,429,426,1709663465050
8941269,8941269,movement,433,422,1709663465069
8941269,8941269,movement,435,421,1709663465081
8941269,8941269,movement,438,418,1709663465099
8941269,8941269,movement,439,418,1709663465112
8941269,8941269,movement,441,417,1709663465130
8941269,8941269,movement,442,417,1709663465149
8941269,8941269,movement,442,416,1709663465163
8941269,8941269,movement,443,415,1709663465180
8941269,8941269,movement,446,414,1709663465195
8941269,8941269,movement,447,414,1709663465212
8941269,8941269,movement,448,413,1709663465229
8941269,8941269,movement,449,413,1709663465246
8941269,8941269,movement,450,414,1709663465646
8941269,8941269,movement,451,414,1709663465671
8941269,8941269,movement,453,414,1709663465690
8941269,8941269,movement,453,415,1709663465720
8941269,8941269,movement,453,416,1709663465737
8941269,8941269,movement,453,417,1709663465748
8941269,8941269,movement,453,418,1709663465783
8941269,8941269,movement,453,418,1709663465935
8941269,8941269,movement,453,420,1709663465971
8941269,8941269,movement,453,422,1709663466138
8941269,8941269,movement,453,425,1709663466159
8941269,8941269,movement,453,427,1709663466173
8941269,8941269,movement,452,428,1709663466247
8941269,8941269,movement,452,429,1709663466262
8941269,8941269,movement,452,430,1709663466278
8941269,8941269,movement,451,431,1709663466294
8941269,8941269,movement,450,434,1709663466315
8941269,8941269,movement,450,436,1709663466330
8941269,8941269,movement,449,439,1709663466346
8941269,8941269,movement,449,442,1709663466362
8941269,8941269,movement,448,446,1709663466377
8941269,8941269,movement,448,448,1709663466394
8941269,8941269,movement,448,450,1709663466411
8941269,8941269,movement,448,450,1709663466428
8941269,8941269,movement,448,453,1709663466446
8941269,8941269,movement,448,455,1709663466465
8941269,8941269,movement,448,459,1709663466479
8941269,8941269,movement,449,465,1709663466501
8941269,8941269,movement,450,481,1709663466524
8941269,8941269,movement,450,486,1709663466530
8941269,8941269,movement,448,497,1709663466546
8941269,8941269,movement,447,506,1709663466569
8941269,8941269,movement,445,518,1709663466585
8941269,8941269,movement,443,522,1709663466594
8941269,8941269,movement,443,526,1709663466611
8941269,8941269,movement,442,528,1709663466628
8941269,8941269,movement,440,530,1709663466644
8941269,8941269,movement,438,533,1709663466661
8941269,8941269,movement,434,538,1709663466683
8941269,8941269,movement,429,542,1709663466696
8941269,8941269,movement,422,547,1709663466721
8941269,8941269,movement,402,559,1709663466739
8941269,8941269,movement,397,561,1709663466744
8941269,8941269,movement,387,565,1709663466762
8941269,8941269,movement,382,566,1709663466777
8941269,8941269,movement,377,566,1709663466795
8941269,8941269,movement,374,566,1709663466812
8941269,8941269,movement,368,568,1709663466829
8941269,8941269,movement,363,568,1709663466845
8941269,8941269,movement,354,570,1709663466865
8941269,8941269,movement,341,570,1709663466884
8941269,8941269,movement,331,570,1709663466894
8941269,8941269,movement,323,570,1709663466911
8941269,8941269,movement,316,570,1709663466937
8941269,8941269,movement,310,571,1709663466953
8941269,8941269,movement,309,571,1709663466960
8941269,8941269,movement,306,571,1709663466979
8941269,8941269,movement,306,571,1709663466994
8941269,8941269,movement,305,571,1709663467013
8941269,8941269,movement,303,571,1709663467063
8941269,8941269,movement,302,571,1709663467077
8941269,8941269,movement,299,571,1709663467096
8941269,8941269,movement,297,571,1709663467111
8941269,8941269,movement,295,571,1709663467128
8941269,8941269,movement,294,571,1709663467159
8941269,8941269,movement,294,571,1709663467169
8941269,8941269,movement,293,570,1709663467184
8941269,8941269,movement,293,570,1709663467195
8941269,8941269,movement,291,570,1709663467216
8941269,8941269,movement,290,569,1709663467227
8941269,8941269,movement,289,568,1709663467245
8941269,8941269,movement,288,567,1709663467261
8941269,8941269,movement,286,567,1709663467280
8941269,8941269,movement,286,566,1709663467298
8941269,8941269,movement,285,565,1709663467311
8941269,8941269,movement,284,565,1709663467345
8941269,8941269,movement,283,565,1709663467361
8941269,8941269,movement,282,563,1709663467378
8941269,8941269,mousedown,282,563,1709663467621
8941269,8941269,mouseup,282,563,1709663467709
8941269,8941269,movement,282,564,1709663467878
8941269,8941269,movement,282,566,1709663467894
8941269,8941269,movement,282,567,1709663467911
8941269,8941269,movement,282,571,1709663467927
8941269,8941269,movement,283,574,1709663467944
8941269,8941269,movement,283,576,1709663467960
8941269,8941269,movement,283,578,1709663467977
8941269,8941269,movement,283,580,1709663467995
8941269,8941269,movement,283,582,1709663468013
8941269,8941269,movement,283,584,1709663468033
8941269,8941269,movement,283,587,1709663468049
8941269,8941269,movement,283,589,1709663468059
8941269,8941269,movement,283,590,1709663468077
8941269,8941269,movement,283,592,1709663468093
8941269,8941269,movement,283,594,1709663468113
8941269,8941269,singleclick,283,594,1709663467716
8941269,8941269,movement,282,597,1709663468128
8941269,8941269,movement,282,598,1709663468144
8941269,8941269,movement,281,600,1709663468162
8941269,8941269,movement,281,601,1709663468176
8941269,8941269,mousedown,281,601,1709663468305
8941269,8941269,mouseup,281,601,1709663468393
8941269,8941269,movement,281,602,1709663468510
8941269,8941269,movement,281,604,1709663468526
8941269,8941269,movement,281,607,1709663468542
8941269,8941269,movement,281,610,1709663468559
8941269,8941269,movement,281,614,1709663468576
8941269,8941269,movement,281,617,1709663468593
8941269,8941269,movement,281,622,1709663468610
8941269,8941269,movement,281,626,1709663468632
8941269,8941269,movement,282,628,1709663468649
8941269,8941269,movement,282,629,1709663468659
8941269,8941269,movement,282,630,1709663468679
8941269,8941269,movement,282,632,1709663468694
8941269,8941269,movement,282,634,1709663468712
8941269,8941269,movement,282,635,1709663468727
8941269,8941269,movement,282,636,1709663468745
8941269,8941269,movement,282,637,1709663468779
8941269,8941269,singleclick,282,637,1709663468398
8941269,8941269,movement,282,638,1709663468851
8941269,8941269,movement,282,638,1709663468908
8941269,8941269,mousedown,282,638,1709663469017
8941269,8941269,movement,281,639,1709663469076
8941269,8941269,movement,278,641,1709663469114
8941269,8941269,mouseup,278,641,1709663469116
8941269,8941269,movement,278,642,1709663469121
8941269,8941269,movement,278,642,1709663469200
8941269,8941269,movement,279,642,1709663469213
8941269,8941269,movement,279,644,1709663469225
8941269,8941269,movement,279,646,1709663469242
8941269,8941269,movement,279,647,1709663469255
8941269,8941269,movement,280,649,1709663469259
8941269,8941269,movement,282,651,1709663469279
8941269,8941269,movement,282,656,1709663469294
8941269,8941269,movement,283,658,1709663469309
8941269,8941269,movement,283,663,1709663469325
8941269,8941269,movement,284,667,1709663469343
8941269,8941269,movement,285,671,1709663469359
8941269,8941269,movement,286,671,1709663469375
8941269,8941269,movement,286,672,1709663469391
8941269,8941269,movement,286,673,1709663469410
8941269,8941269,movement,288,674,1709663469433
8941269,8941269,singleclick,288,674,1709663469118
8941269,8941269,movement,287,672,1709663469576
8941269,8941269,movement,286,664,1709663469592
8941269,8941269,movement,286,657,1709663469619
8941269,8941269,movement,284,646,1709663469636
8941269,8941269,movement,284,643,1709663469661
8941269,8941269,movement,284,642,1709663469676
8941269,8941269,movement,284,641,1709663469693
8941269,8941269,movement,284,640,1709663469709
8941269,8941269,movement,284,639,1709663469725
8941269,8941269,movement,284,638,1709663469742
8941269,8941269,movement,284,637,1709663469760
8941269,8941269,movement,284,635,1709663469776
8941269,8941269,movement,284,634,1709663469792
8941269,8941269,mousedown,284,634,1709663469866
8941269,8941269,mouseup,284,634,1709663469949
8941269,8941269,movement,284,635,1709663470074
8941269,8941269,movement,284,637,1709663470091
8941269,8941269,movement,284,638,1709663470108
8941269,8941269,movement,284,640,1709663470124
8941269,8941269,movement,284,641,1709663470141
8941269,8941269,movement,284,642,1709663470158
8941269,8941269,movement,284,642,1709663470175
8941269,8941269,movement,284,643,1709663470191
8941269,8941269,movement,284,644,1709663470207
8941269,8941269,movement,284,645,1709663470237
8941269,8941269,movement,284,646,1709663470251
8941269,8941269,movement,284,648,1709663470265
8941269,8941269,movement,284,650,1709663470274
8941269,8941269,movement,285,653,1709663470291
8941269,8941269,movement,285,656,1709663470307
8941269,8941269,movement,286,658,1709663470326
8941269,8941269,movement,286,662,1709663470342
8941269,8941269,movement,286,666,1709663470364
8941269,8941269,singleclick,286,666,1709663469956
8941269,8941269,movement,286,668,1709663470379
8941269,8941269,movement,287,670,1709663470391
8941269,8941269,movement,287,670,1709663470409
8941269,8941269,movement,287,671,1709663470426
8941269,8941269,movement,287,672,1709663470444
8941269,8941269,movement,287,674,1709663470459
8941269,8941269,movement,287,676,1709663470475
8941269,8941269,movement,287,678,1709663470510
8941269,8941269,movement,287,679,1709663470526
8941269,8941269,movement,287,680,1709663470543
8941269,8941269,movement,287,681,1709663470559
8941269,8941269,movement,287,682,1709663470616
8941269,8941269,movement,287,682,1709663470632
8941269,8941269,movement,287,684,1709663470649
8941269,8941269,movement,286,684,1709663470657
8941269,8941269,mousedown,286,684,1709663470923
8941269,8941269,mouseup,286,684,1709663471007
8941269,8941269,movement,286,685,1709663471271
8941269,8941269,movement,286,686,1709663471278
8941269,8941269,movement,285,687,1709663471299
8941269,8941269,movement,285,689,1709663471307
8941269,8941269,movement,284,690,1709663471323
8941269,8941269,movement,284,692,1709663471340
8941269,8941269,movement,284,694,1709663471357
8941269,8941269,movement,284,696,1709663471374
8941269,8941269,movement,284,697,1709663471391
8941269,8941269,movement,284,698,1709663471410
8941269,8941269,singleclick,284,698,1709663471013
8941269,8941269,movement,284,698,1709663471425
8941269,8941269,movement,284,700,1709663471441
8941269,8941269,movement,284,702,1709663471457
8941269,8941269,movement,283,705,1709663471482
8941269,8941269,movement,283,710,1709663471498
8941269,8941269,movement,283,713,1709663471507
8941269,8941269,movement,282,718,1709663471527
8941269,8941269,movement,282,722,1709663471542
8941269,8941269,movement,282,724,1709663471557
8941269,8941269,movement,282,725,1709663471706
8941269,8941269,mousedown,282,725,1709663471915
8941269,8941269,mouseup,282,725,1709663472000
8941269,8941269,movement,282,723,1709663472141
8941269,8941269,movement,282,721,1709663472155
8941269,8941269,movement,283,718,1709663472172
8941269,8941269,movement,285,714,1709663472189
8941269,8941269,movement,286,709,1709663472207
8941269,8941269,movement,289,701,1709663472229
8941269,8941269,movement,290,686,1709663472245
8941269,8941269,movement,294,674,1709663472264
8941269,8941269,movement,297,666,1709663472276
8941269,8941269,movement,303,654,1709663472294
8941269,8941269,movement,314,636,1709663472311
8941269,8941269,movement,326,613,1709663472333
8941269,8941269,movement,361,553,1709663472356
8941269,8941269,movement,382,514,1709663472382
8941269,8941269,movement,402,475,1709663472406
8941269,8941269,singleclick,402,475,1709663472006
8941269,8941269,movement,418,433,1709663472432
8941269,8941269,movement,428,396,1709663472453
8941269,8941269,movement,434,358,1709663472480
8941269,8941269,movement,438,340,1709663472501
8941269,8941269,movement,438,330,1709663472526
8941269,8941269,movement,438,321,1709663472533
8941269,8941269,movement,438,310,1709663472546
8941269,8941269,movement,438,303,1709663472555
8941269,8941269,movement,438,294,1709663472571
8941269,8941269,movement,438,286,1709663472589
8941269,8941269,movement,438,281,1709663472605
8941269,8941269,movement,438,278,1709663472622
8941269,8941269,movement,437,276,1709663472638
8941269,8941269,movement,436,274,1709663472658
8941269,8941269,movement,436,272,1709663472674
8941269,8941269,movement,435,270,1709663472691
8941269,8941269,movement,434,266,1709663472709
8941269,8941269,movement,434,261,1709663472723
8941269,8941269,movement,433,254,1709663472741
8941269,8941269,movement,432,246,1709663472760
8941269,8941269,movement,432,241,1709663472774
8941269,8941269,movement,432,238,1709663472790
8941269,8941269,movement,432,237,1709663472807
8941269,8941269,movement,432,236,1709663472824
8941269,8941269,movement,432,235,1709663472855
8941269,8941269,movement,432,234,1709663472873
8941269,8941269,mousedown,432,234,1709663473047
8941269,8941269,mouseup,432,234,1709663473141
8941269,8941269,movement,431,234,1709663473340
8941269,8941269,movement,430,234,1709663473355
8941269,8941269,movement,430,234,1709663473371
8941269,8941269,movement,428,234,1709663473388
8941269,8941269,movement,426,234,1709663473406
8941269,8941269,movement,422,236,1709663473423
8941269,8941269,movement,412,238,1709663473438
8941269,8941269,movement,405,238,1709663473458
8941269,8941269,movement,395,239,1709663473474
8941269,8941269,movement,369,241,1709663473502
8941269,8941269,movement,353,243,1709663473525
8941269,8941269,movement,342,245,1709663473540
8941269,8941269,singleclick,342,245,1709663473143
8941269,8941269,movement,333,246,1709663473555
8941269,8941269,movement,320,248,1709663473573
8941269,8941269,movement,306,250,1709663473588
8941269,8941269,movement,289,254,1709663473606
8941269,8941269,movement,242,264,1709663473645
8941269,8941269,movement,188,283,1709663473735
8941269,8941269,movement,158,294,1709663473782
8941269,8941269,movement,154,295,1709663473792
8941269,8941269,movement,146,298,1709663473804
8941269,8941269,movement,139,302,1709663473823
8941269,8941269,movement,134,305,1709663473838
8941269,8941269,movement,130,308,1709663473854
8941269,8941269,movement,127,310,1709663473871
8941269,8941269,movement,124,314,1709663473888
8941269,8941269,movement,122,319,1709663473905
8941269,8941269,movement,120,324,1709663473921
8941269,8941269,movement,119,330,1709663473940
8941269,8941269,movement,119,334,1709663473959
8941269,8941269,movement,119,338,1709663473973
8941269,8941269,movement,119,342,1709663473989
8941269,8941269,movement,120,350,1709663474007
8941269,8941269,movement,120,353,1709663474023
8941269,8941269,movement,121,360,1709663474041
8941269,8941269,movement,125,380,1709663474077
8941269,8941269,movement,126,384,1709663474116
8941269,8941269,movement,125,383,1709663474207
8941269,8941269,movement,125,382,1709663474225
8941269,8941269,movement,123,379,1709663474240
8941269,8941269,movement,121,375,1709663474254
8941269,8941269,movement,118,368,1709663474271
8941269,8941269,movement,115,362,1709663474288
8941269,8941269,movement,114,359,1709663474304
8941269,8941269,movement,114,358,1709663474321
8941269,8941269,movement,114,357,1709663474338
8941269,8941269,movement,114,356,1709663474366
8941269,8941269,movement,114,355,1709663474374
8941269,8941269,movement,112,354,1709663474396
8941269,8941269,movement,112,354,1709663474409
8941269,8941269,movement,111,354,1709663474442
8941269,8941269,movement,111,353,1709663474458
8941269,8941269,movement,110,353,1709663474479
8941269,8941269,movement,110,352,1709663474511
8941269,8941269,movement,110,351,1709663474520
8941269,8941269,movement,110,350,1709663474539
8941269,8941269,movement,110,349,1709663474554
8941269,8941269,movement,109,348,1709663474570
8941269,8941269,movement,109,347,1709663474588
8941269,8941269,movement,109,346,1709663474603
8941269,8941269,movement,109,346,1709663474621
8941269,8941269,movement,110,346,1709663474643
8941269,8941269,movement,110,346,1709663474654
8941269,8941269,movement,111,346,1709663474671
8941269,8941269,movement,111,346,1709663474745
8941269,8941269,movement,112,347,1709663474754
8941269,8941269,movement,114,354,1709663474770
8941269,8941269,movement,116,360,1709663474789
8941269,8941269,movement,118,366,1709663474804
8941269,8941269,movement,119,372,1709663474821
8941269,8941269,movement,121,377,1709663474836
8941269,8941269,movement,122,380,1709663474854
8941269,8941269,movement,122,383,1709663474871
8941269,8941269,movement,123,385,1709663474887
8941269,8941269,movement,124,385,1709663474903
8941269,8941269,movement,124,386,1709663474922
8941269,8941269,movement,125,387,1709663474937
8941269,8941269,movement,126,389,1709663474955
8941269,8941269,movement,128,394,1709663474971
8941269,8941269,movement,130,397,1709663474988
8941269,8941269,movement,131,400,1709663475006
8941269,8941269,movement,132,402,1709663475021
8941269,8941269,movement,132,403,1709663475038
8941269,8941269,movement,132,406,1709663475054
8941269,8941269,movement,134,407,1709663475076
8941269,8941269,movement,134,408,1709663475088
8941269,8941269,mousedown,134,408,1709663475217
8941269,8941269,mouseup,134,408,1709663475314
8941269,8941269,movement,134,408,1709663475570
8941269,8941269,movement,135,408,1709663475586
8941269,8941269,movement,136,408,1709663475605
8941269,8941269,movement,138,408,1709663475620
8941269,8941269,movement,138,408,1709663475636
8941269,8941269,movement,144,408,1709663475652
8941269,8941269,movement,150,407,1709663475669
8941269,8941269,movement,154,406,1709663475685
8941269,8941269,movement,160,402,1709663475703
8941269,8941269,movement,167,398,1709663475719
8941269,8941269,movement,170,394,1709663475736
8941269,8941269,movement,174,389,1709663475754
8941269,8941269,movement,174,384,1709663475771
8941269,8941269,movement,173,374,1709663475790
8941269,8941269,movement,171,370,1709663475802
8941269,8941269,movement,170,369,1709663475819
8941269,8941269,movement,170,369,1709663475836
8941269,8941269,movement,168,369,1709663475854
8941269,8941269,movement,162,370,1709663475872
8941269,8941269,movement,156,375,1709663475886
8941269,8941269,movement,146,383,1709663475905
8941269,8941269,movement,137,398,1709663475921
8941269,8941269,movement,136,406,1709663475937
8941269,8941269,movement,138,414,1709663475955
8941269,8941269,movement,146,423,1709663475974
8941269,8941269,movement,158,430,1709663475987
8941269,8941269,movement,170,434,1709663476003
8941269,8941269,movement,183,434,1709663476020
8941269,8941269,movement,197,436,1709663476036
8941269,8941269,movement,204,436,1709663476052
8941269,8941269,movement,206,434,1709663476069
8941269,8941269,movement,205,430,1709663476087
8941269,8941269,movement,200,424,1709663476104
8941269,8941269,movement,197,420,1709663476122
8941269,8941269,movement,192,420,1709663476135
8941269,8941269,movement,187,421,1709663476157
8941269,8941269,movement,182,425,1709663476170
8941269,8941269,movement,177,430,1709663476189
8941269,8941269,movement,174,435,1709663476203
8941269,8941269,movement,173,440,1709663476221
8941269,8941269,movement,172,446,1709663476237
8941269,8941269,movement,172,454,1709663476255
8941269,8941269,movement,173,458,1709663476270
8941269,8941269,movement,173,459,1709663476288
8941269,8941269,movement,173,460,1709663476386
8941269,8941269,movement,173,461,1709663476402
8941269,8941269,movement,172,462,1709663476418
8941269,8941269,movement,171,463,1709663476436
8941269,8941269,movement,170,465,1709663476454
8941269,8941269,movement,170,466,1709663476469
8941269,8941269,movement,170,466,1709663476485
8941269,8941269,movement,170,468,1709663476518
8941269,8941269,movement,170,469,1709663476526
8941269,8941269,movement,170,470,1709663476537
8941269,8941269,movement,170,474,1709663476554
8941269,8941269,movement,170,482,1709663476571
8941269,8941269,movement,170,495,1709663476589
8941269,8941269,movement,169,516,1709663476606
8941269,8941269,movement,166,532,1709663476619
8941269,8941269,movement,163,549,1709663476644
8941269,8941269,movement,160,570,1709663476659
8941269,8941269,movement,158,573,1709663476669
8941269,8941269,movement,156,580,1709663476687
8941269,8941269,movement,154,590,1709663476706
8941269,8941269,movement,152,594,1709663476722
8941269,8941269,movement,152,594,1709663476737
8941269,8941269,movement,152,595,1709663476752
8941269,8941269,movement,151,595,1709663476769
8941269,8941269,movement,150,595,1709663476796
8941269,8941269,mousedown,150,595,1709663477058
8941269,8941269,mouseup,150,595,1709663477102
8941269,8941269,movement,150,594,1709663477336
8941269,8941269,movement,150,590,1709663477395
8941269,8941269,movement,151,582,1709663477478
8941269,8941269,movement,151,574,1709663477537
8941269,8941269,movement,151,570,1709663477550
8941269,8941269,movement,151,569,1709663477567
8941269,8941269,movement,151,567,1709663477585
8941269,8941269,movement,151,566,1709663477618
8941269,8941269,movement,152,564,1709663477635
8941269,8941269,movement,154,562,1709663477651
8941269,8941269,movement,158,557,1709663477668
8941269,8941269,movement,166,550,1709663477687
8941269,8941269,movement,175,542,1709663477703
8941269,8941269,movement,191,529,1709663477718
8941269,8941269,movement,203,523,1709663477736
8941269,8941269,movement,218,514,1709663477754
8941269,8941269,movement,230,508,1709663477770
8941269,8941269,movement,242,501,1709663477790
8941269,8941269,movement,259,492,1709663477810
8941269,8941269,movement,272,484,1709663477824
8941269,8941269,movement,291,470,1709663477838
8941269,8941269,movement,314,457,1709663477862
8941269,8941269,movement,350,431,1709663477882
8941269,8941269,movement,374,407,1709663477898
8941269,8941269,movement,381,395,1709663477912
8941269,8941269,movement,382,391,1709663477918
8941269,8941269,movement,383,383,1709663477941
8941269,8941269,movement,382,380,1709663477950
8941269,8941269,movement,378,375,1709663477973
8941269,8941269,movement,373,372,1709663477984
8941269,8941269,movement,366,369,1709663478001
8941269,8941269,movement,360,366,1709663478017
8941269,8941269,movement,350,360,1709663478038
8941269,8941269,movement,330,350,1709663478052
8941269,8941269,movement,316,343,1709663478075
8941269,8941269,movement,307,340,1709663478086
8941269,8941269,movement,301,338,1709663478101
8941269,8941269,movement,296,338,1709663478118
8941269,8941269,movement,289,337,1709663478146
8941269,8941269,movement,279,335,1709663478157
8941269,8941269,movement,278,335,1709663478167
8941269,8941269,movement,278,335,1709663478185
8941269,8941269,movement,278,334,1709663478269
8941269,8941269,movement,278,333,1709663478284
8941269,8941269,movement,278,330,1709663478302
8941269,8941269,movement,280,327,1709663478319
8941269,8941269,movement,281,325,1709663478336
8941269,8941269,movement,282,323,1709663478350
8941269,8941269,movement,282,322,1709663478383
8941269,8941269,movement,283,321,1709663478400
8941269,8941269,movement,286,318,1709663478417
8941269,8941269,movement,288,314,1709663478433
8941269,8941269,movement,292,308,1709663478455
8941269,8941269,movement,296,302,1709663478471
8941269,8941269,movement,306,290,1709663478485
8941269,8941269,movement,313,280,1709663478502
8941269,8941269,movement,321,273,1709663478519
8941269,8941269,movement,330,264,1709663478536
8941269,8941269,movement,340,255,1709663478552
8941269,8941269,movement,348,247,1709663478570
8941269,8941269,movement,355,240,1709663478588
8941269,8941269,movement,357,238,1709663478602
8941269,8941269,movement,360,233,1709663478624
8941269,8941269,movement,362,230,1709663478637
8941269,8941269,movement,362,228,1709663478656
8941269,8941269,movement,365,226,1709663478667
8941269,8941269,movement,366,224,1709663478685
8941269,8941269,movement,360,228,1709663478793
8941269,8941269,movement,358,230,1709663478805
8941269,8941269,movement,347,235,1709663478819
8941269,8941269,movement,341,238,1709663478834
8941269,8941269,movement,338,239,1709663478850
8941269,8941269,movement,336,239,1709663478868
8941269,8941269,movement,335,239,1709663478885
8941269,8941269,movement,334,239,1709663479028
8941269,8941269,movement,333,239,1709663479034
8941269,8941269,movement,332,239,1709663479051
8941269,8941269,movement,326,238,1709663479067
8941269,8941269,movement,315,235,1709663479086
8941269,8941269,movement,300,229,1709663479105
8941269,8941269,movement,297,226,1709663479122
8941269,8941269,movement,295,225,1709663479136
8941269,8941269,movement,294,224,1709663479151
8941269,8941269,movement,293,223,1709663479166
8941269,8941269,movement,292,222,1709663479184
8941269,8941269,movement,291,222,1709663479200
8941269,8941269,movement,290,222,1709663479217
8941269,8941269,movement,289,222,1709663479233
8941269,8941269,movement,288,222,1709663479387
8941269,8941269,movement,287,222,1709663479403
8941269,8941269,movement,286,222,1709663479418
8941269,8941269,mousedown,286,222,1709663479492
8941269,8941269,mouseup,286,222,1709663479572
8941269,8941269,movement,287,222,1709663479622
8941269,8941269,movement,288,222,1709663479665
8941269,8941269,movement,289,222,1709663479682
8941269,8941269,movement,291,222,1709663479700
8941269,8941269,movement,294,222,1709663479716
8941269,8941269,movement,297,222,1709663479733
8941269,8941269,movement,302,224,1709663479755
8941269,8941269,movement,310,226,1709663479768
8941269,8941269,movement,320,228,1709663479786
8941269,8941269,movement,337,230,1709663479801
8941269,8941269,movement,346,231,1709663479816
8941269,8941269,movement,354,231,1709663479833
8941269,8941269,movement,361,231,1709663479849
8941269,8941269,movement,369,231,1709663479868
8941269,8941269,movement,377,231,1709663479883
8941269,8941269,movement,386,230,1709663479900
8941269,8941269,movement,402,229,1709663479917
8941269,8941269,movement,413,229,1709663479933
8941269,8941269,movement,417,229,1709663479949
8941269,8941269,movement,418,229,1709663479967
8941269,8941269,movement,418,227,1709663480094
8941269,8941269,movement,417,227,1709663480101
8941269,8941269,movement,417,226,1709663480117
8941269,8941269,movement,416,226,1709663480132
8941269,8941269,movement,415,226,1709663480149
8941269,8941269,movement,414,226,1709663480165
8941269,8941269,mousedown,414,226,1709663480227
8941269,8941269,mouseup,414,226,1709663480307
8941269,8941269,movement,418,226,1709663480432
8941269,8941269,movement,426,230,1709663480448
8941269,8941269,movement,438,236,1709663480465
8941269,8941269,movement,454,242,1709663480481
8941269,8941269,movement,470,249,1709663480497
8941269,8941269,movement,496,262,1709663480516
8941269,8941269,movement,505,266,1709663480531
8941269,8941269,movement,534,280,1709663480549
8941269,8941269,movement,552,289,1709663480566
8941269,8941269,movement,570,298,1709663480583
8941269,8941269,movement,590,310,1709663480600
8941269,8941269,movement,616,322,1709663480615
8941269,8941269,movement,633,331,1709663480631
8941269,8941269,movement,651,339,1709663480648
8941269,8941269,movement,666,345,1709663480664
8941269,8941269,movement,677,347,1709663480683
8941269,8941269,movement,684,348,1709663480698
8941269,8941269,movement,691,347,1709663480715
8941269,8941269,singleclick,691,347,1709663480309
8941269,8941269,movement,702,344,1709663480731
8941269,8941269,movement,725,330,1709663480748
8941269,8941269,movement,743,314,1709663480765
8941269,8941269,movement,768,280,1709663480784
8941269,8941269,movement,781,256,1709663480794
8941269,8941269,movement,794,226,1709663480800
8941269,8941269,movement,806,165,1709663480820
8941269,8941269,movement,807,104,1709663480837
8941269,8941269,movement,434,89,1709663484013
8941269,8941269,movement,438,93,1709663484031
8941269,8941269,movement,441,101,1709663484046
8941269,8941269,movement,442,106,1709663484061
8941269,8941269,movement,443,110,1709663484084
8941269,8941269,movement,443,114,1709663484095
8941269,8941269,movement,443,116,1709663484112
8941269,8941269,movement,443,118,1709663484152
8941269,8941269,movement,443,118,1709663484162
8941269,8941269,movement,443,122,1709663484178
8941269,8941269,movement,443,125,1709663484195
8941269,8941269,movement,443,126,1709663484222
8941269,8941269,mousedown,443,126,1709663484270
8941269,8941269,movement,442,126,1709663484360
8941269,8941269,movement,432,126,1709663484377
8941269,8941269,movement,410,125,1709663484393
8941269,8941269,movement,384,125,1709663484411
8941269,8941269,movement,358,125,1709663484428
8941269,8941269,movement,336,125,1709663484444
8941269,8941269,movement,320,124,1709663484463
8941269,8941269,movement,306,124,1709663484479
8941269,8941269,movement,297,124,1709663484495
8941269,8941269,movement,286,124,1709663484511
8941269,8941269,movement,283,124,1709663484528
8941269,8941269,movement,282,124,1709663484544
8941269,8941269,movement,281,124,1709663484561
8941269,8941269,movement,280,124,1709663484579
8941269,8941269,movement,279,124,1709663484594
8941269,8941269,movement,278,124,1709663484612
8941269,8941269,movement,275,124,1709663484627
8941269,8941269,movement,274,124,1709663484644
8941269,8941269,movement,272,124,1709663484661
8941269,8941269,movement,270,124,1709663484677
8941269,8941269,movement,269,124,1709663484694
8941269,8941269,movement,268,124,1709663484712
8941269,8941269,mouseup,268,124,1709663484839
8941269,8941269,movement,267,124,1709663484880
8941269,8941269,movement,266,124,1709663484928
8941269,8941269,movement,267,124,1709663484985
8941269,8941269,movement,268,124,1709663485001
8941269,8941269,movement,267,126,1709663485086
8941269,8941269,movement,267,126,1709663485093
8941269,8941269,movement,261,135,1709663485111
8941269,8941269,movement,249,151,1709663485130
8941269,8941269,movement,221,178,1709663485148
8941269,8941269,movement,211,186,1709663485161
8941269,8941269,movement,182,209,1709663485177
8941269,8941269,movement,165,222,1709663485195
8941269,8941269,movement,153,232,1709663485214
8941269,8941269,movement,143,238,1709663485241
8941269,8941269,movement,143,240,1709663485246
8941269,8941269,singleclick,143,240,1709663484840
8941269,8941269,movement,142,240,1709663485260
8941269,8941269,mousedown,142,240,1709663485390
8941269,8941269,mouseup,142,240,1709663485478
8941269,8941269,movement,373,138,1709663485809
8941269,8941269,movement,375,134,1709663485857
8941269,8941269,movement,376,131,1709663485878
8941269,8941269,movement,376,126,1709663485919
8941269,8941269,movement,376,124,1709663485973
8941269,8941269,mousedown,376,124,1709663486001
8941269,8941269,movement,375,124,1709663486048
8941269,8941269,movement,366,124,1709663486066
8941269,8941269,movement,354,125,1709663486083
8941269,8941269,movement,334,126,1709663486097
8941269,8941269,movement,309,128,1709663486111
8941269,8941269,movement,282,130,1709663486128
8941269,8941269,movement,254,131,1709663486144
8941269,8941269,movement,232,132,1709663486161
8941269,8941269,movement,214,132,1709663486175
8941269,8941269,movement,209,132,1709663486192
8941269,8941269,movement,208,132,1709663486209
8941269,8941269,mouseup,208,132,1709663486426
8941269,8941269,movement,212,132,1709663486444
8941269,8941269,movement,216,132,1709663486459
8941269,8941269,movement,221,131,1709663486478
8941269,8941269,movement,227,130,1709663486493
8941269,8941269,movement,241,126,1709663486509
8941269,8941269,movement,250,122,1709663486528
8941269,8941269,movement,254,118,1709663486543
8941269,8941269,movement,258,114,1709663486562
8941269,8941269,movement,262,106,1709663486576
8941269,8941269,movement,262,97,1709663486594
8941269,8941269,singleclick,262,97,1709663486428
8941269,8941269,movement,254,88,1709663493744
8941269,8941269,movement,741,86,1709663496005
8941269,8941269,movement,746,92,1709663496018
8941269,8941269,movement,750,97,1709663496035
8941269,8941269,movement,757,104,1709663496051
8941269,8941269,movement,763,112,1709663496069
8941269,8941269,movement,774,124,1709663496084
8941269,8941269,movement,785,140,1709663496103
8941269,8941269,movement,810,178,1709663496126
8941269,8941269,movement,834,214,1709663496141
8941269,8941269,movement,846,237,1709663496152
8941269,8941269,movement,859,261,1709663496159
8941269,8941269,movement,898,337,1709663496179
8941269,8941269,movement,921,388,1709663496197
8941269,8941269,movement,946,446,1709663496221
8941269,8941269,movement,960,479,1709663496243
8941269,8941269,movement,966,495,1709663496258
8941269,8941269,movement,975,513,1709663496295
8941269,8941269,movement,978,521,1709663496314
8941269,8941269,movement,978,524,1709663496322
8941269,8941269,movement,978,526,1709663496332
8941269,8941269,movement,978,530,1709663496350
8941269,8941269,movement,979,533,1709663496376
8941269,8941269,movement,979,537,1709663496393
8941269,8941269,movement,979,538,1709663496406
8941269,8941269,movement,980,538,1709663497464
8941269,8941269,movement,981,538,1709663497504
8941269,8941269,movement,981,538,1709663497515
8941269,8941269,movement,981,540,1709663497532
8941269,8941269,movement,981,541,1709663497573
8941269,8941269,movement,981,542,1709663497662
8941269,8941269,movement,981,543,1709663497725
8941269,8941269,movement,981,545,1709663497747
8941269,8941269,movement,981,546,1709663497761
8941269,8941269,movement,981,546,1709663497774
8941269,8941269,movement,981,547,1709663497902
8941269,8941269,movement,980,547,1709663497916
8941269,8941269,movement,980,549,1709663497939
8941269,8941269,movement,979,550,1709663497953
8941269,8941269,movement,978,552,1709663497964
8941269,8941269,movement,977,554,1709663497982
8941269,8941269,movement,975,555,1709663498000
8941269,8941269,movement,975,557,1709663498015
8941269,8941269,movement,974,558,1709663498032
8941269,8941269,movement,974,558,1709663498050
8941269,8941269,movement,974,559,1709663498095
8941269,8941269,movement,973,559,1709663498118
8941269,8941269,movement,972,559,1709663498236
8941269,8941269,movement,971,557,1709663498250
8941269,8941269,movement,970,554,1709663498266
8941269,8941269,movement,966,554,1709663498283
8941269,8941269,movement,962,552,1709663498298
8941269,8941269,movement,961,552,1709663498315
8941269,8941269,movement,959,552,1709663498332
8941269,8941269,movement,958,552,1709663498349
8941269,8941269,movement,958,552,1709663498368
8941269,8941269,movement,958,551,1709663498382
8941269,8941269,movement,958,553,1709663498523
8941269,8941269,movement,957,556,1709663498531
8941269,8941269,movement,957,560,1709663498558
8941269,8941269,movement,954,573,1709663498592
8941269,8941269,movement,954,575,1709663498604
8941269,8941269,movement,951,579,1709663498613
8941269,8941269,movement,950,581,1709663498632
8941269,8941269,movement,946,583,1709663498648
8941269,8941269,movement,946,584,1709663498666
8941269,8941269,movement,944,585,1709663498682
8941269,8941269,movement,943,586,1709663498699
8941269,8941269,movement,942,586,1709663498716
8941269,8941269,movement,942,586,1709663498733
8941269,8941269,movement,941,588,1709663498748
8941269,8941269,movement,940,588,1709663499325
8941269,8941269,movement,939,588,1709663499339
8941269,8941269,movement,939,587,1709663499347
8941269,8941269,movement,938,587,1709663499436
8941269,8941269,movement,938,586,1709663499496
8941269,8941269,movement,938,585,1709663499636
8941269,8941269,movement,937,585,1709663499649
8941269,8941269,movement,935,582,1709663499667
8941269,8941269,movement,933,582,1709663499681
8941269,8941269,movement,929,581,1709663499698
8941269,8941269,movement,926,578,1709663499714
8941269,8941269,movement,921,576,1709663499730
8941269,8941269,movement,915,572,1709663499755
8941269,8941269,movement,905,566,1709663499771
8941269,8941269,movement,901,562,1709663499790
8941269,8941269,movement,899,560,1709663499803
8941269,8941269,movement,897,558,1709663499813
8941269,8941269,movement,895,556,1709663499830
8941269,8941269,movement,895,555,1709663499847
8941269,8941269,movement,895,554,1709663499876
8941269,8941269,movement,895,554,1709663499892
8941269,8941269,movement,894,554,1709663500000
8941269,8941269,movement,894,550,1709663500015
8941269,8941269,movement,894,550,1709663500032
8941269,8941269,movement,894,547,1709663500048
8941269,8941269,movement,894,546,1709663500063
8941269,8941269,movement,894,545,1709663500080
8941269,8941269,movement,894,544,1709663500097
8941269,8941269,movement,894,543,1709663500230
8941269,8941269,movement,894,542,1709663500244
8941269,8941269,movement,894,542,1709663500257
8941269,8941269,movement,894,540,1709663500593
8941269,8941269,movement,894,539,1709663500617
8941269,8941269,movement,894,538,1709663500630
8941269,8941269,movement,895,535,1709663500646
8941269,8941269,movement,895,531,1709663500669
8941269,8941269,movement,894,515,1709663500700
8941269,8941269,movement,893,508,1709663500703
8941269,8941269,movement,891,498,1709663500716
8941269,8941269,movement,891,480,1709663500738
8941269,8941269,movement,894,440,1709663500756
8941269,8941269,movement,899,402,1709663500785
8941269,8941269,movement,910,360,1709663500808
8941269,8941269,movement,920,333,1709663500836
8941269,8941269,movement,924,318,1709663500849
8941269,8941269,movement,927,303,1709663500874
8941269,8941269,movement,929,297,1709663500883
8941269,8941269,movement,929,293,1709663500895
8941269,8941269,movement,929,289,1709663500920
8941269,8941269,movement,930,286,1709663500932
8941269,8941269,movement,930,286,1709663500946
8941269,8941269,movement,930,285,1709663501288
8941269,8941269,movement,930,284,1709663501308
8941269,8941269,movement,930,283,1709663501362
8941269,8941269,movement,930,282,1709663501383
8941269,8941269,movement,930,281,1709663501398
8941269,8941269,movement,930,279,1709663501414
8941269,8941269,movement,930,278,1709663501431
8941269,8941269,movement,930,276,1709663501447
8941269,8941269,movement,930,275,1709663501462
8941269,8941269,mousedown,930,275,1709663501567
8941269,8941269,mouseup,930,275,1709663501682
8941269,8941269,movement,898,260,1709663501861
8941269,8941269,movement,862,242,1709663501864
8941269,8941269,movement,759,186,1709663501885
8941269,8941269,movement,712,161,1709663501903
8941269,8941269,movement,626,106,1709663501940
8941269,8941269,movement,603,90,1709663501961
8941269,8941269,singleclick,603,90,1709663501698
8941269,8941269,movement,722,87,1709663507806
8941269,8941269,movement,736,90,1709663507812
8941269,8941269,movement,749,95,1709663507823
8941269,8941269,movement,778,102,1709663507840
8941269,8941269,movement,808,112,1709663507857
8941269,8941269,movement,845,124,1709663507874
8941269,8941269,movement,877,133,1709663507892
8941269,8941269,movement,911,142,1709663507911
8941269,8941269,movement,978,154,1709663507929
8941269,8941269,movement,1028,165,1709663507940
8941269,8941269,movement,1086,175,1709663507955
8941269,8941269,movement,1143,182,1709663507973
8941269,8941269,movement,1190,190,1709663507989
8941269,8941269,movement,1218,194,1709663508007
8941269,8941269,movement,1258,202,1709663508026
8941269,8941269,movement,1286,208,1709663508041
8941269,8941269,movement,1316,215,1709663508058
8941269,8941269,movement,1339,222,1709663508077
8941269,8941269,movement,1360,226,1709663508089
8941269,8941269,movement,1378,230,1709663508106
8941269,8941269,movement,1388,232,1709663508124
8941269,8941269,movement,1399,234,1709663508145
8941269,8941269,movement,1406,234,1709663508162
8941269,8941269,movement,1414,235,1709663508174
8941269,8941269,movement,1420,236,1709663508189
8941269,8941269,movement,1423,237,1709663508210
8941269,8941269,movement,1425,238,1709663508228
8941269,8941269,movement,1427,242,1709663508243
8941269,8941269,movement,1432,247,1709663508258
8941269,8941269,movement,1438,255,1709663508281
8941269,8941269,movement,1443,264,1709663508293
8941269,8941269,movement,1447,268,1709663508307
8941269,8941269,movement,1450,271,1709663508325
8941269,8941269,movement,1454,274,1709663508342
8941269,8941269,movement,1455,276,1709663508358
8941269,8941269,movement,1456,277,1709663508375
8941269,8941269,movement,1457,277,1709663508392
8941269,8941269,movement,1457,278,1709663508428
8941269,8941269,movement,1457,279,1709663508442
8941269,8941269,movement,1458,281,1709663508462
8941269,8941269,movement,1458,282,1709663508474
8941269,8941269,mousedown,1458,282,1709663508587
8941269,8941269,mouseup,1458,282,1709663508678
8941269,8941269,movement,1454,282,1709663509288
8941269,8941269,movement,1449,281,1709663509305
8941269,8941269,movement,1445,279,1709663509322
8941269,8941269,movement,1443,278,1709663509340
8941269,8941269,movement,1442,278,1709663509355
8941269,8941269,movement,1441,277,1709663509372
8941269,8941269,movement,1440,277,1709663509388
8941269,8941269,movement,1438,276,1709663509405
8941269,8941269,movement,1434,275,1709663509423
8941269,8941269,movement,1426,274,1709663509438
8941269,8941269,movement,1400,274,1709663509454
8941269,8941269,movement,1353,278,1709663509479
8941269,8941269,movement,1324,283,1709663509493
8941269,8941269,movement,1262,291,1709663509505
8941269,8941269,movement,1186,300,1709663509523
8941269,8941269,movement,1116,309,1709663509538
8941269,8941269,movement,1063,318,1709663509556
8941269,8941269,movement,1033,326,1709663509572
8941269,8941269,movement,1015,330,1709663509589
8941269,8941269,movement,997,338,1709663509605
8941269,8941269,movement,990,341,1709663509621
8941269,8941269,movement,968,351,1709663509637
8941269,8941269,movement,948,361,1709663509656
8941269,8941269,movement,919,377,1709663509674
8941269,8941269,movement,884,399,1709663509688
8941269,8941269,movement,833,433,1709663509707
8941269,8941269,movement,775,463,1709663509723
8941269,8941269,movement,678,509,1709663509741
8941269,8941269,movement,618,538,1709663509758
8941269,8941269,movement,573,556,1709663509774
8941269,8941269,movement,551,566,1709663509792
8941269,8941269,movement,535,574,1709663509804
8941269,8941269,movement,516,586,1709663509823
8941269,8941269,movement,510,590,1709663509838
8941269,8941269,movement,494,599,1709663509856
8941269,8941269,movement,484,604,1709663509876
8941269,8941269,movement,476,607,1709663509888
8941269,8941269,movement,474,609,1709663509905
8941269,8941269,movement,472,609,1709663509970
8941269,8941269,movement,469,609,1709663509987
8941269,8941269,movement,462,608,1709663510005
8941269,8941269,movement,451,606,1709663510023
8941269,8941269,movement,440,602,1709663510038
8941269,8941269,movement,423,598,1709663510057
8941269,8941269,movement,410,594,1709663510071
8941269,8941269,movement,392,588,1709663510092
8941269,8941269,movement,384,584,1709663510111
8941269,8941269,movement,377,581,1709663510123
8941269,8941269,movement,369,577,1709663510140
8941269,8941269,movement,362,575,1709663510154
8941269,8941269,movement,361,574,1709663510171
8941269,8941269,movement,356,573,1709663510190
8941269,8941269,movement,350,571,1709663510205
8941269,8941269,movement,346,570,1709663510222
8941269,8941269,movement,342,570,1709663510239
8941269,8941269,movement,339,570,1709663510254
8941269,8941269,movement,338,570,1709663510273
8941269,8941269,movement,338,570,1709663510288
8941269,8941269,mousedown,338,570,1709663510395
8941269,8941269,mouseup,338,570,1709663510475
8941269,8941269,movement,338,570,1709663510571
8941269,8941269,movement,340,570,1709663510616
8941269,8941269,movement,341,570,1709663510623
8941269,8941269,movement,341,570,1709663510637
8941269,8941269,movement,344,572,1709663510654
8941269,8941269,movement,347,574,1709663510670
8941269,8941269,movement,350,576,1709663510687
8941269,8941269,movement,351,578,1709663510705
8941269,8941269,movement,355,581,1709663510720
8941269,8941269,movement,359,584,1709663510740
8941269,8941269,movement,361,589,1709663510753
8941269,8941269,movement,363,591,1709663510770
8941269,8941269,movement,366,596,1709663510790
8941269,8941269,movement,369,599,1709663510806
8941269,8941269,movement,370,602,1709663510820
8941269,8941269,movement,372,606,1709663510836
8941269,8941269,movement,374,610,1709663510852
8941269,8941269,movement,376,615,1709663510870
8941269,8941269,movement,378,622,1709663510893
8941269,8941269,movement,382,629,1709663510904
8941269,8941269,singleclick,382,629,1709663510478
8941269,8941269,movement,386,637,1709663510926
8941269,8941269,movement,389,645,1709663510938
8941269,8941269,movement,391,651,1709663510954
8941269,8941269,movement,394,658,1709663510970
8941269,8941269,movement,394,660,1709663510986
8941269,8941269,movement,394,661,1709663511002
8941269,8941269,movement,394,662,1709663511019
8941269,8941269,movement,395,662,1709663511039
8941269,8941269,movement,395,664,1709663511055
8941269,8941269,movement,396,665,1709663511071
8941269,8941269,movement,397,666,1709663511085
8941269,8941269,movement,397,666,1709663511102
8941269,8941269,movement,398,667,1709663511124
8941269,8941269,movement,398,668,1709663511137
8941269,8941269,movement,398,670,1709663511153
8941269,8941269,movement,399,671,1709663511170
8941269,8941269,movement,400,671,1709663511186
8941269,8941269,mousedown,400,671,1709663511268
8941269,8941269,mouseup,400,671,1709663511477
8941269,8941269,movement,409,653,1709663511487
8941269,8941269,movement,418,633,1709663511515
8941269,8941269,movement,429,605,1709663511571
8941269,8941269,movement,431,594,1709663511624
8941269,8941269,movement,432,590,1709663511641
8941269,8941269,movement,432,587,1709663511653
8941269,8941269,movement,433,582,1709663511671
8941269,8941269,movement,433,580,1709663511687
8941269,8941269,movement,433,579,1709663511706
8941269,8941269,movement,433,578,1709663511738
8941269,8941269,movement,433,578,1709663511779
8941269,8941269,movement,434,578,1709663511842
8941269,8941269,movement,434,578,1709663511852
8941269,8941269,movement,435,578,1709663511871
8941269,8941269,movement,437,578,1709663511886
8941269,8941269,singleclick,437,578,1709663511479
8941269,8941269,movement,438,578,1709663512279
8941269,8941269,movement,438,578,1709663512362
8941269,8941269,movement,439,578,1709663512423
8941269,8941269,movement,440,578,1709663512465
8941269,8941269,movement,441,578,1709663512605
8941269,8941269,movement,442,577,1709663512954
8941269,8941269,movement,443,575,1709663512968
8941269,8941269,movement,445,573,1709663512984
8941269,8941269,movement,446,571,1709663513001
8941269,8941269,movement,454,566,1709663513018
8941269,8941269,movement,464,562,1709663513035
8941269,8941269,movement,470,559,1709663513053
8941269,8941269,movement,478,556,1709663513069
8941269,8941269,movement,481,554,1709663513080
8941269,8941269,movement,487,548,1709663513084
8941269,8941269,movement,495,540,1709663513104
8941269,8941269,movement,510,515,1709663513125
8941269,8941269,movement,515,506,1709663513135
8941269,8941269,movement,524,490,1709663513152
8941269,8941269,movement,533,472,1709663513174
8941269,8941269,movement,537,464,1709663513193
8941269,8941269,movement,540,458,1709663513200
8941269,8941269,movement,545,450,1709663513219
8941269,8941269,movement,548,445,1709663513234
8941269,8941269,movement,552,438,1709663513254
8941269,8941269,movement,556,428,1709663513273
8941269,8941269,movement,558,422,1709663513287
8941269,8941269,movement,561,414,1709663513308
8941269,8941269,movement,563,406,1709663513319
8941269,8941269,movement,564,398,1709663513340
8941269,8941269,movement,565,390,1709663513357
8941269,8941269,movement,565,383,1709663513374
8941269,8941269,movement,565,377,1709663513386
8941269,8941269,movement,565,370,1709663513402
8941269,8941269,movement,565,363,1709663513423
8941269,8941269,movement,565,359,1709663513435
8941269,8941269,movement,565,353,1709663513451
8941269,8941269,movement,565,350,1709663513468
8941269,8941269,movement,565,349,1709663513485
8941269,8941269,movement,565,347,1709663513503
8941269,8941269,movement,565,346,1709663513518
8941269,8941269,movement,565,343,1709663513535
8941269,8941269,movement,565,339,1709663513552
8941269,8941269,movement,565,333,1709663513574
8941269,8941269,movement,565,330,1709663513587
8941269,8941269,movement,564,329,1709663513601
8941269,8941269,movement,564,326,1709663513617
8941269,8941269,movement,564,326,1709663513635
8941269,8941269,movement,564,324,1709663513652
8941269,8941269,movement,564,322,1709663513667
8941269,8941269,movement,564,320,1709663513685
8941269,8941269,movement,564,318,1709663513702
8941269,8941269,movement,564,318,1709663513717
8941269,8941269,movement,563,318,1709663513736
8941269,8941269,mouseup,563,318,1709663513834
8941269,8941269,movement,562,318,1709663513849
8941269,8941269,movement,498,398,1709663514024
8941269,8941269,movement,486,427,1709663514041
8941269,8941269,movement,475,456,1709663514051
8941269,8941269,movement,470,479,1709663514066
8941269,8941269,movement,466,501,1709663514083
8941269,8941269,movement,465,525,1709663514103
8941269,8941269,movement,465,558,1709663514129
8941269,8941269,movement,458,597,1709663514135
8941269,8941269,movement,454,622,1709663514152
8941269,8941269,movement,449,658,1709663514166
8941269,8941269,movement,444,678,1709663514185
8941269,8941269,movement,441,685,1709663514201
8941269,8941269,movement,431,707,1709663514220
8941269,8941269,movement,425,722,1709663514236
8941269,8941269,movement,422,732,1709663514254
8941269,8941269,singleclick,422,732,1709663513842
8941269,8941269,movement,416,740,1709663514271
8941269,8941269,movement,414,742,1709663514288
8941269,8941269,movement,414,743,1709663514323
8941269,8941269,movement,413,744,1709663514368
8941269,8941269,movement,412,745,1709663514384
8941269,8941269,movement,411,745,1709663514408
8941269,8941269,movement,410,745,1709663514416
8941269,8941269,movement,409,747,1709663514433
8941269,8941269,movement,405,749,1709663514453
8941269,8941269,movement,403,750,1709663514474
8941269,8941269,movement,402,751,1709663514484
8941269,8941269,movement,402,751,1709663514532
8941269,8941269,movement,401,750,1709663514540
8941269,8941269,movement,400,750,1709663514563
8941269,8941269,movement,399,750,1709663514577
8941269,8941269,movement,398,750,1709663514617
8941269,8941269,movement,398,750,1709663514633
8941269,8941269,mousedown,398,750,1709663514719
8941269,8941269,mouseup,398,750,1709663514816
8941269,8941269,movement,442,406,1709663515071
8941269,8941269,movement,479,99,1709663515073
8941269,8941269,singleclick,479,99,1709663515062
8941269,8941269,movement,389,90,1709663523078
8941269,8941269,movement,389,94,1709663523099
8941269,8941269,movement,387,98,1709663523112
8941269,8941269,movement,386,101,1709663523125
8941269,8941269,movement,383,105,1709663523145
8941269,8941269,movement,381,108,1709663523163
8941269,8941269,movement,376,111,1709663523176
8941269,8941269,movement,370,114,1709663523194
8941269,8941269,movement,362,117,1709663523211
8941269,8941269,movement,354,121,1709663523226
8941269,8941269,movement,347,124,1709663523243
8941269,8941269,movement,341,126,1709663523258
8941269,8941269,movement,333,130,1709663523279
8941269,8941269,movement,325,134,1709663523293
8941269,8941269,movement,319,137,1709663523309
8941269,8941269,movement,315,140,1709663523327
8941269,8941269,movement,313,142,1709663523343
8941269,8941269,movement,308,147,1709663523358
8941269,8941269,movement,304,151,1709663523379
8941269,8941269,movement,301,156,1709663523395
8941269,8941269,movement,298,159,1709663523412
8941269,8941269,movement,294,164,1709663523425
8941269,8941269,movement,293,166,1709663523445
8941269,8941269,movement,293,167,1709663523459
8941269,8941269,movement,292,168,1709663523476
8941269,8941269,movement,290,170,1709663523493
8941269,8941269,movement,290,170,1709663523510
8941269,8941269,movement,289,172,1709663523527
8941269,8941269,movement,287,172,1709663523544
8941269,8941269,movement,286,172,1709663523560
8941269,8941269,movement,285,174,1709663523577
8941269,8941269,mousedown,285,174,1709663523627
8941269,8941269,mouseup,285,174,1709663523709
8941269,8941269,movement,286,174,1709663523733
8941269,8941269,movement,367,157,1709663523885
8941269,8941269,movement,462,143,1709663523982
8941269,8941269,movement,489,142,1709663524065
8941269,8941269,movement,492,142,1709663524083
8941269,8941269,movement,494,141,1709663524089
8941269,8941269,movement,496,141,1709663524107
8941269,8941269,singleclick,496,141,1709663523711
8941269,8941269,movement,497,141,1709663524126
8941269,8941269,movement,498,141,1709663524140
8941269,8941269,movement,499,141,1709663524171
8941269,8941269,movement,500,140,1709663524178
8941269,8941269,movement,501,139,1709663524190
8941269,8941269,movement,502,138,1709663524212
8941269,8941269,movement,504,134,1709663524223
8941269,8941269,movement,504,130,1709663524243
8941269,8941269,movement,504,125,1709663524263
8941269,8941269,movement,504,121,1709663524274
8941269,8941269,movement,505,121,1709663524408
8941269,8941269,movement,506,120,1709663524413
8941269,8941269,movement,508,120,1709663524424
8941269,8941269,movement,512,118,1709663524440
8941269,8941269,movement,517,118,1709663524458
8941269,8941269,movement,520,117,1709663524494
8941269,8941269,movement,522,116,1709663524502
8941269,8941269,movement,522,116,1709663524508
8941269,8941269,movement,522,115,1709663524524
8941269,8941269,movement,523,115,1709663524540
8941269,8941269,movement,524,115,1709663524557
8941269,8941269,movement,526,114,1709663524574
8941269,8941269,movement,526,114,1709663524592
8941269,8941269,movement,526,114,1709663524608
8941269,8941269,movement,527,114,1709663524615
8941269,8941269,mousedown,527,114,1709663524624
8941269,8941269,movement,525,114,1709663524716
8941269,8941269,movement,523,114,1709663524724
8941269,8941269,movement,514,114,1709663524740
8941269,8941269,movement,499,116,1709663524763
8941269,8941269,movement,479,116,1709663524774
8941269,8941269,movement,457,117,1709663524791
8941269,8941269,movement,438,118,1709663524808
8941269,8941269,movement,422,118,1709663524826
8941269,8941269,movement,410,118,1709663524842
8941269,8941269,movement,403,118,1709663524859
8941269,8941269,movement,390,118,1709663524873
8941269,8941269,movement,382,118,1709663524892
8941269,8941269,movement,373,118,1709663524908
8941269,8941269,movement,362,118,1709663524924
8941269,8941269,movement,350,118,1709663524942
8941269,8941269,movement,330,118,1709663524958
8941269,8941269,movement,314,117,1709663524974
8941269,8941269,movement,300,116,1709663524991
8941269,8941269,movement,290,116,1709663525007
8941269,8941269,movement,279,116,1709663525027
8941269,8941269,movement,271,115,1709663525038
8941269,8941269,movement,260,115,1709663525057
8941269,8941269,movement,242,115,1709663525073
8941269,8941269,movement,238,115,1709663525090
8941269,8941269,movement,231,115,1709663525106
8941269,8941269,movement,222,115,1709663525123
8941269,8941269,movement,216,115,1709663525140
8941269,8941269,movement,211,115,1709663525157
8941269,8941269,movement,209,115,1709663525175
8941269,8941269,movement,207,115,1709663525190
8941269,8941269,movement,206,115,1709663525255
8941269,8941269,mouseup,206,115,1709663525269
8941269,8941269,movement,205,114,1709663525291
8941269,8941269,movement,204,114,1709663525310
8941269,8941269,movement,202,113,1709663525323
8941269,8941269,movement,198,110,1709663525339
8941269,8941269,singleclick,198,110,1709663525272
8941269,8941269,movement,198,110,1709663527655
8941269,8941269,movement,205,110,1709663527672
8941269,8941269,movement,230,110,1709663527688
8941269,8941269,movement,238,110,1709663527705
8941269,8941269,movement,242,110,1709663527721
8941269,8941269,movement,243,112,1709663527738
8941269,8941269,movement,250,115,1709663527756
8941269,8941269,movement,272,131,1709663527778
8941269,8941269,movement,275,142,1709663527806
8941269,8941269,movement,278,155,1709663527842
8941269,8941269,movement,278,168,1709663527866
8941269,8941269,movement,278,174,1709663527876
8941269,8941269,movement,277,179,1709663527888
8941269,8941269,movement,277,193,1709663527908
8941269,8941269,movement,282,214,1709663527926
8941269,8941269,movement,287,224,1709663527939
8941269,8941269,movement,290,228,1709663527955
8941269,8941269,movement,290,230,1709663527971
8941269,8941269,movement,292,230,1709663527988
8941269,8941269,movement,295,231,1709663528003
8941269,8941269,movement,303,231,1709663528021
8941269,8941269,movement,314,230,1709663528043
8941269,8941269,movement,326,229,1709663528054
8941269,8941269,movement,330,228,1709663528071
8941269,8941269,movement,331,226,1709663528087
8941269,8941269,movement,334,226,1709663528106
8941269,8941269,movement,334,226,1709663528122
8941269,8941269,movement,335,225,1709663528138
8941269,8941269,movement,336,224,1709663528153
8941269,8941269,movement,337,224,1709663528179
8941269,8941269,mouseup,337,224,1709663528374
8941269,8941269,movement,341,215,1709663528860
8941269,8941269,singleclick,341,215,1709663528414
8941269,8941269,movement,435,216,1709663529090
8941269,8941269,movement,502,241,1709663529153
8941269,8941269,movement,519,243,1709663529198
8941269,8941269,movement,530,243,1709663529245
8941269,8941269,movement,538,243,1709663529287
8941269,8941269,movement,546,243,1709663529301
8941269,8941269,movement,554,243,1709663529319
8941269,8941269,movement,566,242,1709663529335
8941269,8941269,movement,574,242,1709663529353
8941269,8941269,movement,579,240,1709663529369
8941269,8941269,movement,586,238,1709663529386
8941269,8941269,movement,594,237,1709663529404
8941269,8941269,movement,602,235,1709663529420
8941269,8941269,movement,609,233,1709663529436
8941269,8941269,movement,612,232,1709663529453
8941269,8941269,movement,613,232,1709663529514
8941269,8941269,movement,614,232,1709663529521
8941269,8941269,movement,614,232,1709663529537
8941269,8941269,movement,614,233,1709663529554
8941269,8941269,movement,614,235,1709663529569
8941269,8941269,movement,614,239,1709663529585
8941269,8941269,movement,610,245,1709663529603
8941269,8941269,movement,606,256,1709663529622
8941269,8941269,movement,602,270,1709663529637
8941269,8941269,movement,598,285,1709663529652
8941269,8941269,movement,591,297,1709663529671
8941269,8941269,movement,586,310,1709663529687
8941269,8941269,movement,578,321,1709663529705
8941269,8941269,movement,574,326,1709663529711
8941269,8941269,movement,570,333,1709663529724
8941269,8941269,movement,562,350,1709663529742
8941269,8941269,movement,557,360,1709663529756
8941269,8941269,movement,554,366,1709663529770
8941269,8941269,movement,550,372,1709663529792
8941269,8941269,movement,547,378,1709663529802
8941269,8941269,movement,545,382,1709663529821
8941269,8941269,movement,542,386,1709663529836
8941269,8941269,movement,541,388,1709663529853
8941269,8941269,movement,541,389,1709663529872
8941269,8941269,movement,541,388,1709663530100
8941269,8941269,movement,542,387,1709663530113
8941269,8941269,movement,542,386,1709663530205
8941269,8941269,movement,541,386,1709663530229
8941269,8941269,movement,541,386,1709663530294
8941269,8941269,movement,542,385,1709663530301
8941269,8941269,movement,544,383,1709663530325
8941269,8941269,movement,544,382,1709663530334
8941269,8941269,movement,545,382,1709663530352
8941269,8941269,movement,545,383,1709663530527
8941269,8941269,movement,546,384,1709663530557
8941269,8941269,movement,548,386,1709663530582
8941269,8941269,movement,550,389,1709663530617
8941269,8941269,movement,550,390,1709663530637
8941269,8941269,movement,552,394,1709663530658
8941269,8941269,movement,553,398,1709663530667
8941269,8941269,movement,554,402,1709663530692
8941269,8941269,movement,554,406,1709663530703
8941269,8941269,movement,555,410,1709663530727
8941269,8941269,movement,558,418,1709663530741
8941269,8941269,movement,561,423,1709663530755
8941269,8941269,movement,562,426,1709663530774
8941269,8941269,movement,563,428,1709663530784
8941269,8941269,movement,565,429,1709663530805
8941269,8941269,movement,566,430,1709663530819
8941269,8941269,movement,567,433,1709663530835
8941269,8941269,movement,570,436,1709663530851
8941269,8941269,movement,572,438,1709663530868
8941269,8941269,movement,573,441,1709663530889
8941269,8941269,movement,574,443,1709663530901
8941269,8941269,movement,575,444,1709663530917
8941269,8941269,movement,576,445,1709663530935
8941269,8941269,movement,578,446,1709663530951
8941269,8941269,movement,578,446,1709663531023
8941269,8941269,movement,579,446,1709663531101
8941269,8941269,movement,580,446,1709663531116
8941269,8941269,movement,581,445,1709663531123
8941269,8941269,movement,581,444,1709663531134
8941269,8941269,movement,582,441,1709663531151
8941269,8941269,movement,584,438,1709663531171
8941269,8941269,movement,584,436,1709663531185
8941269,8941269,movement,585,435,1709663531203
8941269,8941269,movement,585,434,1709663531241
8941269,8941269,mousedown,585,434,1709663531372
8941269,8941269,mouseup,585,434,1709663531451
8941269,8941269,movement,586,434,1709663531622
8941269,8941269,movement,589,434,1709663531662
8941269,8941269,movement,591,434,1709663531705
8941269,8941269,movement,601,436,1709663531750
8941269,8941269,movement,613,434,1709663531806
8941269,8941269,movement,616,434,1709663531819
8941269,8941269,movement,620,434,1709663531833
8941269,8941269,movement,630,434,1709663531849
8941269,8941269,movement,642,434,1709663531868
8941269,8941269,singleclick,642,434,1709663531462
8941269,8941269,movement,657,434,1709663531883
8941269,8941269,movement,697,434,1709663531912
8941269,8941269,movement,717,434,1709663531929
8941269,8941269,movement,727,434,1709663531932
8941269,8941269,movement,750,430,1709663531950
8941269,8941269,movement,770,429,1709663531966
8941269,8941269,movement,785,428,1709663531983
8941269,8941269,movement,797,428,1709663532007
8941269,8941269,movement,806,428,1709663532016
8941269,8941269,movement,815,428,1709663532033
8941269,8941269,movement,823,427,1709663532049
8941269,8941269,movement,827,427,1709663532077
8941269,8941269,movement,827,428,1709663532096
8941269,8941269,movement,818,434,1709663532111
8941269,8941269,movement,808,438,1709663532118
8941269,8941269,movement,797,442,1709663532133
8941269,8941269,movement,758,451,1709663532151
8941269,8941269,movement,704,456,1709663532172
8941269,8941269,movement,618,458,1709663532189
8941269,8941269,movement,566,458,1709663532210
8941269,8941269,movement,557,456,1709663532218
8941269,8941269,movement,539,455,1709663532234
8941269,8941269,movement,524,454,1709663532251
8941269,8941269,movement,510,454,1709663532267
8941269,8941269,movement,486,456,1709663532283
8941269,8941269,movement,474,458,1709663532300
8941269,8941269,movement,466,459,1709663532318
8941269,8941269,movement,461,460,1709663532333
8941269,8941269,movement,459,460,1709663532351
8941269,8941269,movement,458,460,1709663532366
8941269,8941269,movement,465,452,1709663532409
8941269,8941269,movement,486,437,1709663532429
8941269,8941269,movement,510,427,1709663532446
8941269,8941269,movement,525,422,1709663532452
8941269,8941269,movement,544,415,1709663532466
8941269,8941269,movement,598,401,1709663532482
8941269,8941269,movement,666,393,1709663532502
8941269,8941269,movement,787,387,1709663532516
8941269,8941269,movement,877,390,1709663532533
8941269,8941269,movement,986,394,1709663532550
8941269,8941269,movement,1103,400,1709663532566
8941269,8941269,movement,1213,406,1709663532584
8941269,8941269,movement,1290,410,1709663532600
8941269,8941269,movement,1334,410,1709663532615
8941269,8941269,movement,1360,410,1709663532632
8941269,8941269,movement,1389,410,1709663532650
8941269,8941269,movement,1406,410,1709663532667
8941269,8941269,movement,1426,410,1709663532685
8941269,8941269,movement,1453,406,1709663532720
8941269,8941269,movement,1456,404,1709663532737
8941269,8941269,movement,1462,401,1709663532748
8941269,8941269,movement,1468,397,1709663532765
8941269,8941269,movement,1476,394,1709663532782
8941269,8941269,movement,1480,390,1709663532802
8941269,8941269,movement,1480,389,1709663532816
8941269,8941269,movement,1479,387,1709663532833
8941269,8941269,movement,1477,386,1709663532849
8941269,8941269,movement,1469,386,1709663532865
8941269,8941269,movement,1459,386,1709663532882
8941269,8941269,movement,1447,386,1709663532899
8941269,8941269,movement,1440,386,1709663532916
8941269,8941269,movement,1438,385,1709663532932
8941269,8941269,movement,1438,384,1709663532951
8941269,8941269,movement,1437,384,1709663532965
8941269,8941269,movement,1435,382,1709663532985
8941269,8941269,movement,1434,381,1709663533017
8941269,8941269,movement,1434,379,1709663533038
8941269,8941269,movement,1434,378,1709663533053
8941269,8941269,movement,1435,375,1709663533070
8941269,8941269,movement,1436,372,1709663533088
8941269,8941269,movement,1438,370,1709663533102
8941269,8941269,movement,1441,368,1709663533121
8941269,8941269,movement,1442,366,1709663533137
8941269,8941269,movement,1443,366,1709663533152
8941269,8941269,movement,1446,364,1709663533172
8941269,8941269,movement,1446,363,1709663533184
8941269,8941269,movement,1447,362,1709663533213
8941269,8941269,movement,1448,362,1709663533230
8941269,8941269,mousedown,1448,362,1709663533316
8941269,8941269,mouseup,1448,362,1709663533402
8941269,8941269,movement,1446,362,1709663533578
8941269,8941269,movement,1445,363,1709663533599
8941269,8941269,movement,1442,366,1709663533634
8941269,8941269,movement,1432,374,1709663533679
8941269,8941269,movement,1420,389,1709663533728
8941269,8941269,movement,1416,399,1709663533790
8941269,8941269,movement,1410,410,1709663533857
8941269,8941269,movement,1409,410,1709663533932
8941269,8941269,movement,1402,408,1709663536552
8941269,8941269,movement,1400,406,1709663536566
8941269,8941269,movement,1389,400,1709663536581
8941269,8941269,movement,1371,390,1709663536599
8941269,8941269,movement,1342,377,1709663536614
8941269,8941269,movement,1333,373,1709663536634
8941269,8941269,movement,1332,378,1709663536648
8941269,8941269,movement,1335,390,1709663536662
8941269,8941269,movement,1336,401,1709663536682
8941269,8941269,movement,1336,414,1709663536695
8941269,8941269,movement,1334,434,1709663536714
8941269,8941269,movement,1330,454,1709663536729
8941269,8941269,movement,1326,482,1709663536747
8941269,8941269,movement,1320,502,1709663536762
8941269,8941269,movement,1308,525,1709663536782
8941269,8941269,movement,1294,545,1709663536796
8941269,8941269,movement,1267,566,1709663536814
8941269,8941269,movement,1215,590,1709663536832
8941269,8941269,movement,1138,608,1709663536850
8941269,8941269,movement,1010,619,1709663536864
8941269,8941269,movement,910,619,1709663536879
8941269,8941269,movement,805,619,1709663536896
8941269,8941269,movement,709,618,1709663536914
8941269,8941269,movement,634,626,1709663536932
8941269,8941269,movement,600,632,1709663536947
8941269,8941269,movement,546,641,1709663536966
8941269,8941269,movement,522,646,1709663536980
8941269,8941269,movement,484,652,1709663536996
8941269,8941269,movement,481,653,1709663537013
8941269,8941269,movement,480,654,1709663537029
8941269,8941269,movement,476,656,1709663537047
8941269,8941269,movement,470,659,1709663537068
8941269,8941269,movement,465,664,1709663537079
8941269,8941269,movement,454,670,1709663537101
8941269,8941269,movement,443,676,1709663537117
8941269,8941269,movement,425,682,1709663537132
8941269,8941269,movement,417,683,1709663537148
8941269,8941269,movement,418,683,1709663537166
8941269,8941269,movement,418,683,1709663537180
8941269,8941269,movement,421,682,1709663537195
8941269,8941269,movement,420,682,1709663537278
8941269,8941269,movement,418,681,1709663537297
8941269,8941269,movement,412,681,1709663537313
8941269,8941269,movement,406,681,1709663537330
8941269,8941269,movement,394,679,1709663537345
8941269,8941269,movement,382,677,1709663537366
8941269,8941269,movement,372,673,1709663537379
8941269,8941269,movement,366,670,1709663537397
8941269,8941269,movement,363,669,1709663537412
8941269,8941269,movement,362,668,1709663537462
8941269,8941269,movement,362,666,1709663537488
8941269,8941269,movement,360,666,1709663537528
8941269,8941269,movement,360,665,1709663537546
8941269,8941269,movement,360,663,1709663537561
8941269,8941269,movement,359,662,1709663537578
8941269,8941269,movement,359,662,1709663537639
8941269,8941269,mousedown,359,662,1709663537649
8941269,8941269,mouseup,359,662,1709663537770
8941269,8941269,movement,361,661,1709663537919
8941269,8941269,movement,373,654,1709663537956
8941269,8941269,movement,442,640,1709663538013
8941269,8941269,movement,518,662,1709663538112
8941269,8941269,singleclick,518,662,1709663537827
8941269,8941269,movement,518,658,1709663538247
8941269,8941269,movement,519,655,1709663538263
8941269,8941269,movement,520,647,1709663538276
8941269,8941269,movement,522,646,1709663538294
8941269,8941269,movement,528,630,1709663538312
8941269,8941269,movement,530,626,1709663538330
8941269,8941269,movement,531,618,1709663538346
8941269,8941269,movement,532,608,1709663538362
8941269,8941269,movement,530,595,1709663538379
8941269,8941269,movement,522,570,1709663538404
8941269,8941269,movement,518,546,1709663538413
8941269,8941269,movement,515,522,1709663538428
8941269,8941269,movement,507,496,1709663538448
8941269,8941269,movement,495,470,1709663538464
8941269,8941269,movement,473,428,1709663538480
8941269,8941269,movement,466,417,1709663538495
8941269,8941269,movement,445,388,1709663538516
8941269,8941269,movement,430,373,1709663538530
8941269,8941269,movement,418,361,1709663538548
8941269,8941269,movement,415,354,1709663538567
8941269,8941269,movement,411,346,1709663538578
8941269,8941269,movement,408,338,1709663538594
8941269,8941269,movement,403,330,1709663538612
8941269,8941269,movement,399,323,1709663538627
8941269,8941269,movement,394,314,1709663538644
8941269,8941269,movement,392,310,1709663538661
8941269,8941269,movement,390,303,1709663538680
8941269,8941269,movement,382,290,1709663538699
8941269,8941269,movement,368,272,1709663538724
8941269,8941269,movement,360,251,1709663538758
8941269,8941269,movement,356,234,1709663538782
8941269,8941269,movement,356,230,1709663538792
8941269,8941269,movement,354,222,1709663538809
8941269,8941269,movement,354,215,1709663538827
8941269,8941269,movement,352,210,1709663538844
8941269,8941269,movement,346,198,1709663538859
8941269,8941269,movement,338,187,1709663538884
8941269,8941269,movement,330,178,1709663538894
8941269,8941269,movement,323,170,1709663538911
8941269,8941269,movement,319,166,1709663538927
8941269,8941269,movement,317,162,1709663538959
8941269,8941269,movement,314,162,1709663539077
8941269,8941269,movement,310,162,1709663539098
8941269,8941269,movement,306,162,1709663539109
8941269,8941269,movement,304,162,1709663539126
8941269,8941269,movement,302,162,1709663539149
8941269,8941269,movement,300,162,1709663539160
8941269,8941269,movement,299,163,1709663539179
8941269,8941269,movement,298,163,1709663539197
8941269,8941269,movement,295,164,1709663539213
8941269,8941269,movement,294,164,1709663539230
8941269,8941269,movement,292,164,1709663539250
8941269,8941269,movement,291,164,1709663539263
8941269,8941269,movement,290,164,1709663539295
8941269,8941269,movement,289,164,1709663539310
8941269,8941269,movement,287,163,1709663539331
8941269,8941269,movement,287,162,1709663539358
8941269,8941269,mousedown,287,162,1709663539384
8941269,8941269,mouseup,287,162,1709663539446
8941269,8941269,movement,311,190,1709663539690
8941269,8941269,movement,349,209,1709663539741
8941269,8941269,movement,354,212,1709663539742
8941269,8941269,movement,371,221,1709663539779
8941269,8941269,movement,391,232,1709663539822
8941269,8941269,movement,402,242,1709663539870
8941269,8941269,singleclick,402,242,1709663539448
8941269,8941269,movement,408,248,1709663539888
8941269,8941269,movement,416,263,1709663539922
8941269,8941269,movement,418,266,1709663539928
8941269,8941269,movement,420,274,1709663539943
8941269,8941269,movement,420,278,1709663539959
8941269,8941269,movement,420,281,1709663539986
8941269,8941269,movement,421,288,1709663540006
8941269,8941269,movement,429,316,1709663540040
8941269,8941269,movement,431,322,1709663540062
8941269,8941269,movement,438,337,1709663540072
8941269,8941269,movement,442,343,1709663540083
8941269,8941269,movement,464,366,1709663540140
8941269,8941269,movement,488,379,1709663540196
8941269,8941269,movement,490,381,1709663540208
8941269,8941269,movement,494,382,1709663540226
8941269,8941269,movement,497,382,1709663540242
8941269,8941269,movement,500,382,1709663540277
8941269,8941269,movement,504,381,1709663540286
8941269,8941269,movement,506,381,1709663540293
8941269,8941269,movement,507,379,1709663540309
8941269,8941269,movement,512,377,1709663540328
8941269,8941269,movement,517,374,1709663540342
8941269,8941269,movement,526,368,1709663540373
8941269,8941269,movement,532,361,1709663540404
8941269,8941269,movement,535,356,1709663540424
8941269,8941269,movement,537,354,1709663540429
8941269,8941269,movement,538,351,1709663540441
8941269,8941269,movement,541,350,1709663540458
8941269,8941269,movement,542,347,1709663540475
8941269,8941269,movement,542,346,1709663540492
8941269,8941269,movement,543,346,1709663540508
8941269,8941269,movement,544,346,1709663540525
8941269,8941269,mousedown,544,346,1709663540579
8941269,8941269,movement,544,346,1709663540602
8941269,8941269,mouseup,544,346,1709663540671
8941269,8941269,movement,544,346,1709663540706
8941269,8941269,movement,546,349,1709663540838
8941269,8941269,movement,552,349,1709663540858
8941269,8941269,movement,702,338,1709663540955
8941269,8941269,movement,872,301,1709663541056
8941269,8941269,singleclick,872,301,1709663540677
8941269,8941269,movement,1056,289,1709663541133
8941269,8941269,movement,1220,282,1709663541203
8941269,8941269,movement,1278,282,1709663541275
8941269,8941269,movement,1318,300,1709663541319
8941269,8941269,movement,1322,303,1709663541324
8941269,8941269,movement,1329,309,1709663541340
8941269,8941269,movement,1334,314,1709663541358
8941269,8941269,movement,1342,322,1709663541373
8941269,8941269,movement,1348,329,1709663541390
8941269,8941269,movement,1354,337,1709663541410
8941269,8941269,movement,1366,351,1709663541442
8941269,8941269,movement,1372,357,1709663541464
8941269,8941269,movement,1378,364,1709663541475
8941269,8941269,movement,1384,371,1709663541495
8941269,8941269,movement,1393,383,1709663541517
8941269,8941269,movement,1397,390,1709663541527
8941269,8941269,movement,1400,394,1709663541541
8941269,8941269,movement,1409,406,1709663541556
8941269,8941269,movement,1414,414,1709663541573
8941269,8941269,movement,1416,418,1709663541591
8941269,8941269,movement,1418,422,1709663541607
8941269,8941269,movement,1418,428,1709663541626
8941269,8941269,movement,1418,434,1709663541641
8941269,8941269,movement,1418,441,1709663541659
8941269,8941269,movement,1418,449,1709663541676
8941269,8941269,movement,1418,454,1709663541693
8941269,8941269,movement,1418,457,1709663541709
8941269,8941269,movement,1418,460,1709663541726
8941269,8941269,movement,1418,464,1709663541745
8941269,8941269,movement,1418,469,1709663541761
8941269,8941269,movement,1419,470,1709663541777
8941269,8941269,movement,1421,470,1709663541804
8941269,8941269,movement,1427,470,1709663541829
8941269,8941269,movement,1430,470,1709663541846
8941269,8941269,movement,1431,470,1709663541860
8941269,8941269,movement,1432,470,1709663541876
8941269,8941269,movement,1434,470,1709663541892
8941269,8941269,movement,1434,470,1709663541911
8941269,8941269,movement,1435,470,1709663541963
8941269,8941269,movement,1437,469,1709663541982
8941269,8941269,movement,1437,468,1709663541994
8941269,8941269,movement,1438,467,1709663542011
8941269,8941269,movement,1438,467,1709663542078
8941269,8941269,movement,1441,467,1709663542119
8941269,8941269,movement,1446,467,1709663542175
8941269,8941269,movement,1449,466,1709663542231
8941269,8941269,mousedown,1449,466,1709663542366
8941269,8941269,mouseup,1449,466,1709663542453
8941269,8941269,movement,1448,466,1709663543007
8941269,8941269,movement,1438,465,1709663543023
8941269,8941269,movement,1423,463,1709663543045
8941269,8941269,movement,1403,461,1709663543057
8941269,8941269,movement,1364,454,1709663543074
8941269,8941269,movement,1314,446,1709663543090
8941269,8941269,movement,1278,440,1709663543106
8941269,8941269,movement,1134,415,1709663543123
8941269,8941269,movement,1031,402,1709663543141
8941269,8941269,movement,886,367,1709663543167
8941269,8941269,movement,800,345,1709663543176
8941269,8941269,movement,754,333,1709663543196
8941269,8941269,movement,619,295,1709663543209
8941269,8941269,movement,549,274,1709663543229
8941269,8941269,movement,499,258,1709663543242
8941269,8941269,movement,474,250,1709663543258
8941269,8941269,movement,458,246,1709663543273
8941269,8941269,movement,448,246,1709663543290
8941269,8941269,movement,442,245,1709663543307
8941269,8941269,movement,437,245,1709663543323
8941269,8941269,movement,431,245,1709663543338
8941269,8941269,movement,430,246,1709663543355
8941269,8941269,movement,430,246,1709663543407
8941269,8941269,movement,442,247,1709663543424
8941269,8941269,movement,469,251,1709663543441
8941269,8941269,movement,582,267,1709663543461
8941269,8941269,movement,629,273,1709663543473
8941269,8941269,movement,784,290,1709663543493
8941269,8941269,movement,878,302,1709663543510
8941269,8941269,movement,968,313,1709663543524
8941269,8941269,movement,1046,322,1709663543543
8941269,8941269,movement,1106,323,1709663543557
8941269,8941269,movement,1151,322,1709663543574
8941269,8941269,movement,1181,322,1709663543591
8941269,8941269,movement,1217,319,1709663543610
8941269,8941269,movement,1238,318,1709663543626
8941269,8941269,movement,1260,316,1709663543642
8941269,8941269,movement,1266,316,1709663543663
8941269,8941269,movement,1267,316,1709663543672
8941269,8941269,movement,1264,316,1709663543707
8941269,8941269,movement,1245,316,1709663543722
8941269,8941269,movement,1197,316,1709663543739
8941269,8941269,movement,1079,308,1709663543756
8941269,8941269,movement,904,290,1709663543774
8941269,8941269,movement,710,261,1709663543793
8941269,8941269,movement,542,239,1709663543815
8941269,8941269,movement,339,210,1709663543835
8941269,8941269,movement,266,197,1709663543855
8941269,8941269,movement,238,192,1709663543872
8941269,8941269,movement,229,191,1709663543877
8941269,8941269,movement,222,190,1709663543888
8941269,8941269,movement,210,188,1709663543906
8941269,8941269,movement,202,187,1709663543924
8941269,8941269,movement,194,187,1709663543940
8941269,8941269,movement,190,187,1709663543955
8941269,8941269,movement,186,187,1709663543974
8941269,8941269,movement,179,186,1709663543991
8941269,8941269,movement,178,186,1709663544006
8941269,8941269,movement,178,186,1709663544025
8941269,8941269,movement,178,184,1709663544040
8941269,8941269,movement,185,182,1709663544056
8941269,8941269,movement,192,180,1709663544072
8941269,8941269,movement,206,178,1709663544088
8941269,8941269,movement,232,176,1709663544119
8941269,8941269,movement,238,176,1709663544127
8941269,8941269,movement,244,174,1709663544139
8941269,8941269,movement,253,174,1709663544155
8941269,8941269,movement,257,174,1709663544175
8941269,8941269,movement,257,173,1709663544222
8941269,8941269,movement,258,172,1709663544272
8941269,8941269,movement,258,172,1709663544289
8941269,8941269,movement,263,172,1709663544325
8941269,8941269,movement,270,172,1709663544333
8941269,8941269,movement,274,172,1709663544365
8941269,8941269,movement,278,172,1709663544374
8941269,8941269,movement,278,171,1709663544392
8941269,8941269,movement,281,170,1709663544408
8941269,8941269,movement,282,169,1709663544426
8941269,8941269,movement,285,169,1709663544442
8941269,8941269,movement,286,169,1709663544458
8941269,8941269,mousedown,286,169,1709663544526
8941269,8941269,movement,286,168,1709663544559
8941269,8941269,mouseup,286,168,1709663544601
8941269,8941269,movement,284,175,1709663544714
8941269,8941269,movement,301,200,1709663544768
8941269,8941269,movement,327,227,1709663544776
8941269,8941269,movement,394,297,1709663544810
8941269,8941269,movement,413,313,1709663544824
8941269,8941269,movement,486,409,1709663544869
8941269,8941269,movement,517,482,1709663544914
8941269,8941269,movement,521,504,1709663544933
8941269,8941269,movement,526,538,1709663544953
8941269,8941269,movement,529,557,1709663544971
8941269,8941269,movement,530,562,1709663544976
8941269,8941269,movement,531,570,1709663544991
8941269,8941269,movement,533,575,1709663545004
8941269,8941269,singleclick,533,575,1709663544603
8941269,8941269,movement,534,578,1709663545022
8941269,8941269,movement,535,580,1709663545041
8941269,8941269,movement,536,582,1709663545055
8941269,8941269,movement,538,585,1709663545072
8941269,8941269,movement,538,587,1709663545089
8941269,8941269,movement,539,588,1709663545105
8941269,8941269,movement,540,589,1709663545121
8941269,8941269,movement,541,590,1709663545137
8941269,8941269,mousedown,541,590,1709663545427
8941269,8941269,mouseup,541,590,1709663545493
8941269,8941269,movement,542,590,1709663545578
8941269,8941269,movement,542,590,1709663545591
8941269,8941269,movement,545,590,1709663545607
8941269,8941269,movement,562,589,1709663545633
8941269,8941269,movement,603,577,1709663545674
8941269,8941269,movement,663,554,1709663545714
8941269,8941269,movement,690,543,1709663545727
8941269,8941269,movement,704,539,1709663545736
8941269,8941269,movement,734,526,1709663545754
8941269,8941269,movement,760,514,1709663545773
8941269,8941269,movement,790,498,1709663545788
8941269,8941269,movement,837,470,1709663545807
8941269,8941269,movement,862,457,1709663545821
8941269,8941269,movement,882,443,1709663545838
8941269,8941269,movement,902,434,1709663545856
8941269,8941269,movement,923,424,1709663545871
8941269,8941269,movement,943,416,1709663545890
8941269,8941269,movement,964,408,1709663545904
8941269,8941269,singleclick,964,408,1709663545500
8941269,8941269,movement,998,393,1709663545922
8941269,8941269,movement,1018,381,1709663545938
8941269,8941269,movement,1036,370,1709663545956
8941269,8941269,movement,1062,355,1709663545975
8941269,8941269,movement,1067,351,1709663545989
8941269,8941269,movement,1088,340,1709663546010
8941269,8941269,movement,1094,336,1709663546020
8941269,8941269,movement,1109,330,1709663546039
8941269,8941269,movement,1121,324,1709663546054
8941269,8941269,movement,1132,322,1709663546071
8941269,8941269,movement,1146,321,1709663546087
8941269,8941269,movement,1166,321,1709663546104
8941269,8941269,movement,1190,323,1709663546121
8941269,8941269,movement,1216,326,1709663546137
8941269,8941269,movement,1244,327,1709663546154
8941269,8941269,movement,1282,327,1709663546170
8941269,8941269,movement,1306,329,1709663546187
8941269,8941269,movement,1325,328,1709663546204
8941269,8941269,movement,1340,327,1709663546220
8941269,8941269,movement,1352,327,1709663546237
8941269,8941269,movement,1362,328,1709663546252
8941269,8941269,movement,1367,329,1709663546269
8941269,8941269,movement,1373,330,1709663546286
8941269,8941269,movement,1379,331,1709663546305
8941269,8941269,movement,1386,334,1709663546324
8941269,8941269,movement,1388,335,1709663546338
8941269,8941269,movement,1393,338,1709663546353
8941269,8941269,movement,1399,342,1709663546370
8941269,8941269,movement,1408,349,1709663546395
8941269,8941269,movement,1410,350,1709663546403
8941269,8941269,movement,1412,352,1709663546419
8941269,8941269,movement,1414,353,1709663546437
8941269,8941269,movement,1417,356,1709663546455
8941269,8941269,movement,1422,359,1709663546471
8941269,8941269,movement,1425,362,1709663546487
8941269,8941269,movement,1431,366,1709663546507
8941269,8941269,movement,1434,366,1709663546522
8941269,8941269,movement,1438,367,1709663546536
8941269,8941269,movement,1442,368,1709663546555
8941269,8941269,movement,1452,368,1709663546583
8941269,8941269,movement,1458,368,1709663546620
8941269,8941269,movement,1460,368,1709663546653
8941269,8941269,movement,1461,368,1709663546670
8941269,8941269,movement,1461,367,1709663546703
8941269,8941269,movement,1462,367,1709663546720
8941269,8941269,movement,1462,367,1709663546737
8941269,8941269,movement,1462,366,1709663546752
8941269,8941269,mousedown,1462,366,1709663546863
8941269,8941269,mouseup,1462,366,1709663546928
8941269,8941269,movement,1461,368,1709663547050
8941269,8941269,movement,1374,453,1709663547139
8941269,8941269,movement,1343,482,1709663547180
8941269,8941269,movement,1336,487,1709663547192
8941269,8941269,movement,1331,492,1709663547207
8941269,8941269,movement,1327,496,1709663547222
8941269,8941269,movement,1326,499,1709663547239
8941269,8941269,movement,1323,504,1709663547254
8941269,8941269,movement,1321,507,1709663547272
8941269,8941269,movement,1318,513,1709663547291
8941269,8941269,movement,1317,515,1709663547305
8941269,8941269,movement,1316,518,1709663547320
8941269,8941269,movement,1315,518,1709663547337
8941269,8941269,movement,1314,518,1709663549368
8941269,8941269,movement,1306,514,1709663549386
8941269,8941269,movement,1283,508,1709663549404
8941269,8941269,movement,1220,492,1709663549421
8941269,8941269,movement,1186,479,1709663549435
8941269,8941269,movement,1165,470,1709663549450
8941269,8941269,movement,1152,466,1709663549472
8941269,8941269,movement,1138,462,1709663549495
8941269,8941269,movement,1120,462,1709663549501
8941269,8941269,movement,1096,464,1709663549519
8941269,8941269,movement,1046,473,1709663549540
8941269,8941269,movement,918,501,1709663549553
8941269,8941269,movement,835,514,1709663549574
8941269,8941269,movement,746,530,1709663549584
8941269,8941269,movement,656,543,1709663549601
8941269,8941269,movement,569,554,1709663549617
8941269,8941269,movement,479,568,1709663549638
8941269,8941269,movement,364,594,1709663549652
8941269,8941269,movement,319,610,1709663549671
8941269,8941269,movement,302,625,1709663549684
8941269,8941269,movement,293,643,1709663549702
8941269,8941269,movement,286,661,1709663549718
8941269,8941269,movement,278,673,1709663549737
8941269,8941269,movement,267,682,1709663549755
8941269,8941269,movement,258,687,1709663549788
8941269,8941269,movement,255,693,1709663549795
8941269,8941269,movement,255,694,1709663549801
8941269,8941269,movement,256,694,1709663549820
8941269,8941269,movement,257,694,1709663549833
8941269,8941269,movement,258,694,1709663549849
8941269,8941269,movement,262,694,1709663549869
8941269,8941269,movement,270,694,1709663549885
8941269,8941269,movement,282,691,1709663549905
8941269,8941269,movement,294,687,1709663549917
8941269,8941269,movement,307,686,1709663549934
8941269,8941269,movement,310,685,1709663549950
8941269,8941269,movement,314,685,1709663549981
8941269,8941269,movement,318,685,1709663550002
8941269,8941269,movement,321,684,1709663550019
8941269,8941269,movement,326,683,1709663550034
8941269,8941269,movement,328,682,1709663550051
8941269,8941269,movement,329,682,1709663550066
8941269,8941269,movement,331,681,1709663550100
8941269,8941269,movement,333,680,1709663550118
8941269,8941269,movement,337,678,1709663550136
8941269,8941269,movement,338,676,1709663550150
8941269,8941269,movement,342,673,1709663550171
8941269,8941269,movement,350,668,1709663550184
8941269,8941269,movement,354,666,1709663550201
8941269,8941269,movement,354,665,1709663550217
8941269,8941269,movement,355,664,1709663550233
8941269,8941269,mousedown,355,664,1709663550398
8941269,8941269,movement,355,663,1709663550460
8941269,8941269,mouseup,355,663,1709663550470
8941269,8941269,movement,354,663,1709663550537
8941269,8941269,movement,354,663,1709663550556
8941269,8941269,movement,358,663,1709663550628
8941269,8941269,movement,370,663,1709663550654
8941269,8941269,movement,383,663,1709663550699
8941269,8941269,movement,386,663,1709663550762
8941269,8941269,movement,396,648,1709663550847
8941269,8941269,movement,402,582,1709663550905
8941269,8941269,movement,402,570,1709663550915
8941269,8941269,movement,402,541,1709663550935
8941269,8941269,singleclick,402,541,1709663550527
8941269,8941269,movement,402,510,1709663550950
8941269,8941269,movement,402,480,1709663550967
8941269,8941269,movement,399,467,1709663550981
8941269,8941269,movement,393,451,1709663551001
8941269,8941269,movement,388,436,1709663551017
8941269,8941269,movement,381,418,1709663551035
8941269,8941269,movement,374,401,1709663551050
8941269,8941269,movement,370,386,1709663551069
8941269,8941269,movement,367,376,1709663551085
8941269,8941269,movement,366,368,1709663551100
8941269,8941269,movement,362,359,1709663551116
8941269,8941269,movement,358,354,1709663551135
8941269,8941269,movement,354,346,1709663551154
8941269,8941269,movement,350,339,1709663551173
8941269,8941269,movement,347,338,1709663551208
8941269,8941269,movement,346,338,1709663551226
8941269,8941269,movement,345,338,1709663551238
8941269,8941269,movement,344,338,1709663551248
8941269,8941269,movement,343,338,1709663551265
8941269,8941269,movement,342,338,1709663551283
8941269,8941269,movement,339,338,1709663551300
8941269,8941269,movement,336,338,1709663551314
8941269,8941269,movement,334,338,1709663551332
8941269,8941269,movement,330,335,1709663551349
8941269,8941269,movement,322,324,1709663551366
8941269,8941269,movement,311,307,1709663551383
8941269,8941269,movement,289,268,1709663551404
8941269,8941269,movement,274,239,1709663551431
8941269,8941269,movement,257,201,1709663551478
8941269,8941269,movement,254,190,1709663551511
8941269,8941269,movement,254,188,1709663551515
8941269,8941269,movement,254,186,1709663551531
8941269,8941269,movement,254,182,1709663551548
8941269,8941269,movement,254,179,1709663551565
8941269,8941269,movement,256,176,1709663551583
8941269,8941269,movement,258,173,1709663551598
8941269,8941269,movement,258,171,1709663551614
8941269,8941269,movement,259,170,1709663551631
8941269,8941269,movement,262,168,1709663551654
8941269,8941269,movement,264,166,1709663551667
8941269,8941269,movement,269,163,1709663551682
8941269,8941269,movement,270,162,1709663551699
8941269,8941269,movement,272,161,1709663551715
8941269,8941269,movement,273,161,1709663551732
8941269,8941269,movement,274,160,1709663551749
8941269,8941269,movement,276,160,1709663551775
8941269,8941269,movement,277,160,1709663551793
8941269,8941269,movement,278,160,1709663551815
8941269,8941269,movement,279,160,1709663551832
8941269,8941269,movement,280,161,1709663551849
8941269,8941269,movement,281,162,1709663551867
8941269,8941269,movement,282,162,1709663551883
8941269,8941269,movement,282,162,1709663551898
8941269,8941269,movement,283,162,1709663551929
8941269,8941269,movement,283,163,1709663551945
8941269,8941269,mousedown,283,163,1709663552002
8941269,8941269,mouseup,283,163,1709663552081
8941269,8941269,movement,374,98,1709663552260
8941269,8941269,singleclick,374,98,1709663552083
8941269,8941269,movement,465,85,1709663655356
8941269,8941269,movement,473,95,1709663655364
8941269,8941269,movement,477,102,1709663655374
8941269,8941269,movement,486,111,1709663655389
8941269,8941269,movement,496,123,1709663655402
8941269,8941269,movement,508,138,1709663655421
8941269,8941269,movement,522,154,1709663655439
8941269,8941269,movement,544,178,1709663655459
8941269,8941269,movement,563,196,1709663655472
8941269,8941269,movement,592,214,1709663655491
8941269,8941269,movement,626,234,1709663655502
8941269,8941269,movement,659,256,1709663655521
8941269,8941269,movement,686,271,1709663655537
8941269,8941269,movement,710,285,1709663655552
8941269,8941269,movement,718,289,1709663655572
8941269,8941269,movement,722,290,1709663655591
8941269,8941269,movement,722,291,1709663655601
8941269,8941269,movement,723,291,1709663655618
8941269,8941269,movement,721,289,1709663655669
8941269,8941269,movement,702,278,1709663655686
8941269,8941269,movement,646,247,1709663655706
8941269,8941269,movement,568,212,1709663655721
8941269,8941269,movement,494,178,1709663655740
8941269,8941269,movement,438,152,1709663655756
8941269,8941269,movement,390,132,1709663655773
8941269,8941269,movement,345,118,1709663655788
8941269,8941269,movement,328,113,1709663655801
8941269,8941269,movement,322,110,1709663655818
8941269,8941269,movement,319,108,1709663655834
8941269,8941269,movement,318,106,1709663655853
8941269,8941269,movement,318,102,1709663655867
8941269,8941269,movement,318,90,1709663655885
8941269,8941269,movement,360,91,1709663674454
8941269,8941269,movement,363,111,1709663674469
8941269,8941269,movement,366,130,1709663674486
8941269,8941269,movement,367,146,1709663674505
8941269,8941269,movement,368,160,1709663674522
8941269,8941269,movement,368,174,1709663674538
8941269,8941269,movement,368,185,1709663674552
8941269,8941269,movement,368,190,1709663674569
8941269,8941269,movement,369,196,1709663674584
8941269,8941269,movement,369,197,1709663674604
8941269,8941269,movement,369,198,1709663674617
8941269,8941269,movement,369,199,1709663674634
8941269,8941269,movement,369,202,1709663674657
8941269,8941269,movement,368,206,1709663674667
8941269,8941269,movement,366,210,1709663674689
8941269,8941269,movement,360,217,1709663674708
8941269,8941269,movement,356,218,1709663674720
8941269,8941269,movement,350,219,1709663674734
8941269,8941269,movement,346,220,1709663674751
8941269,8941269,movement,340,219,1709663674768
8941269,8941269,movement,334,218,1709663674786
8941269,8941269,movement,329,217,1709663674802
8941269,8941269,movement,322,214,1709663674823
8941269,8941269,movement,314,214,1709663674834
8941269,8941269,movement,305,212,1709663674850
8941269,8941269,movement,300,212,1709663674868
8941269,8941269,movement,295,211,1709663674888
8941269,8941269,movement,293,210,1709663674902
8941269,8941269,movement,290,207,1709663674921
8941269,8941269,movement,287,205,1709663674934
8941269,8941269,movement,284,199,1709663674955
8941269,8941269,movement,278,190,1709663674968
8941269,8941269,movement,272,174,1709663674985
8941269,8941269,movement,270,170,1709663675001
8941269,8941269,movement,268,165,1709663675020
8941269,8941269,movement,266,161,1709663675037
8941269,8941269,movement,266,157,1709663675051
8941269,8941269,movement,263,154,1709663675066
8941269,8941269,movement,262,151,1709663675085
8941269,8941269,movement,261,150,1709663675100
8941269,8941269,movement,260,150,1709663675116
8941269,8941269,movement,259,148,1709663675136
8941269,8941269,movement,256,147,1709663675150
8941269,8941269,movement,250,146,1709663675167
8941269,8941269,movement,242,145,1709663675182
8941269,8941269,movement,226,145,1709663675200
8941269,8941269,movement,217,145,1709663675216
8941269,8941269,movement,206,147,1709663675232
8941269,8941269,movement,199,150,1709663675253
8941269,8941269,movement,194,153,1709663675267
8941269,8941269,movement,190,157,1709663675284
8941269,8941269,movement,186,166,1709663675301
8941269,8941269,movement,186,173,1709663675316
8941269,8941269,movement,190,182,1709663675333
8941269,8941269,movement,195,190,1709663675350
8941269,8941269,movement,203,199,1709663675368
8941269,8941269,movement,213,207,1709663675385
8941269,8941269,movement,224,213,1709663675403
8941269,8941269,movement,238,220,1709663675416
8941269,8941269,movement,250,225,1709663675433
8941269,8941269,movement,259,228,1709663675454
8941269,8941269,movement,266,229,1709663675471
8941269,8941269,movement,268,229,1709663675483
8941269,8941269,movement,268,228,1709663675502
8941269,8941269,movement,269,226,1709663675536
8941269,8941269,movement,269,224,1709663675569
8941269,8941269,movement,269,223,1709663675587
8941269,8941269,movement,263,217,1709663675604
8941269,8941269,movement,258,211,1709663675623
8941269,8941269,movement,250,200,1709663675635
8941269,8941269,movement,240,186,1709663675650
8941269,8941269,movement,228,172,1709663675666
8941269,8941269,movement,217,162,1709663675683
8941269,8941269,movement,207,154,1709663675703
8941269,8941269,movement,201,149,1709663675718
8941269,8941269,movement,198,146,1709663675737
8941269,8941269,movement,193,142,1709663675751
8941269,8941269,movement,190,141,1709663675766
8941269,8941269,movement,189,139,1709663675784
8941269,8941269,movement,187,138,1709663675799
8941269,8941269,movement,186,138,1709663675817
8941269,8941269,movement,185,137,1709663675833
8941269,8941269,movement,180,135,1709663675850
8941269,8941269,movement,177,133,1709663675866
8941269,8941269,movement,174,130,1709663675883
8941269,8941269,movement,167,126,1709663675901
8941269,8941269,movement,162,124,1709663675915
8941269,8941269,movement,160,121,1709663675933
8941269,8941269,movement,156,118,1709663675949
8941269,8941269,movement,154,116,1709663675967
8941269,8941269,movement,152,115,1709663675983
8941269,8941269,movement,152,114,1709663675999
8941269,8941269,movement,151,114,1709663676016
8941269,8941269,mousedown,151,114,1709663676107
8941269,8941269,mouseup,151,114,1709663676186
8941269,8941269,movement,250,90,1709663676301
8941269,8941269,movement,270,88,1709663676342
8941269,8941269,movement,615,107,1709663691109
8941269,8941269,movement,681,141,1709663691122
8941269,8941269,movement,764,177,1709663691139
8941269,8941269,movement,811,194,1709663691148
8941269,8941269,movement,858,210,1709663691164
8941269,8941269,movement,1056,274,1709663691196
8941269,8941269,movement,1196,301,1709663691230
8941269,8941269,movement,1239,303,1709663691264
8941269,8941269,movement,1242,303,1709663691272
8941269,8941269,movement,1249,302,1709663691291
8941269,8941269,movement,1252,300,1709663691300
8941269,8941269,movement,1255,296,1709663691317
8941269,8941269,movement,1258,293,1709663691341
8941269,8941269,movement,1266,283,1709663691381
8941269,8941269,movement,1287,255,1709663691415
8941269,8941269,movement,1292,246,1709663691448
8941269,8941269,movement,1306,226,1709663691472
8941269,8941269,movement,1307,222,1709663691480
8941269,8941269,movement,1310,215,1709663691484
8941269,8941269,movement,1311,210,1709663691508
8941269,8941269,movement,1313,202,1709663691531
8941269,8941269,movement,1314,198,1709663691548
8941269,8941269,movement,1315,197,1709663691556
8941269,8941269,movement,1316,194,1709663691578
8941269,8941269,movement,1318,187,1709663691601
8941269,8941269,movement,1318,186,1709663691614
8941269,8941269,movement,1318,184,1709663691619
8941269,8941269,movement,1315,183,1709663691635
8941269,8941269,movement,1308,181,1709663691651
8941269,8941269,movement,1286,178,1709663691670
8941269,8941269,movement,1240,178,1709663691693
8941269,8941269,movement,1058,178,1709663691710
8941269,8941269,movement,999,178,1709663691718
8941269,8941269,movement,880,176,1709663691735
8941269,8941269,movement,771,173,1709663691752
8941269,8941269,movement,678,169,1709663691770
8941269,8941269,movement,600,162,1709663691785
8941269,8941269,movement,556,160,1709663691801
8941269,8941269,movement,525,159,1709663691818
8941269,8941269,movement,490,158,1709663691833
8941269,8941269,movement,470,158,1709663691851
8941269,8941269,movement,446,158,1709663691867
8941269,8941269,movement,420,161,1709663691883
8941269,8941269,movement,394,163,1709663691904
8941269,8941269,movement,368,166,1709663691917
8941269,8941269,movement,348,168,1709663691942
8941269,8941269,movement,323,169,1709663691951
8941269,8941269,movement,317,169,1709663691974
8941269,8941269,movement,289,169,1709663691990
8941269,8941269,movement,269,169,1709663692004
8941269,8941269,movement,251,169,1709663692023
8941269,8941269,movement,230,168,1709663692035
8941269,8941269,movement,214,167,1709663692055
8941269,8941269,movement,195,165,1709663692070
8941269,8941269,movement,186,165,1709663692085
8941269,8941269,movement,165,162,1709663692101
8941269,8941269,movement,157,162,1709663692118
8941269,8941269,movement,150,161,1709663692135
8941269,8941269,movement,144,159,1709663692151
8941269,8941269,movement,139,158,1709663692169
8941269,8941269,movement,134,156,1709663692187
8941269,8941269,movement,131,154,1709663692201
8941269,8941269,movement,130,154,1709663692217
8941269,8941269,movement,130,154,1709663692235
8941269,8941269,movement,130,153,1709663692250
8941269,8941269,movement,130,152,1709663692268
8941269,8941269,movement,131,150,1709663692284
8941269,8941269,movement,134,150,1709663692301
8941269,8941269,movement,149,147,1709663692319
8941269,8941269,movement,171,146,1709663692334
8941269,8941269,movement,199,144,1709663692350
8941269,8941269,movement,231,143,1709663692367
8941269,8941269,movement,278,142,1709663692385
8941269,8941269,movement,325,140,1709663692403
8941269,8941269,movement,366,140,1709663692417
8941269,8941269,movement,442,140,1709663692433
8941269,8941269,movement,510,146,1709663692453
8941269,8941269,movement,579,151,1709663692471
8941269,8941269,movement,651,156,1709663692485
8941269,8941269,movement,707,159,1709663692501
8941269,8941269,movement,758,164,1709663692517
8941269,8941269,movement,821,166,1709663692534
8941269,8941269,movement,933,169,1709663692551
8941269,8941269,movement,994,170,1709663692567
8941269,8941269,movement,1037,170,1709663692584
8941269,8941269,movement,1065,170,1709663692601
8941269,8941269,movement,1089,170,1709663692618
8941269,8941269,movement,1118,170,1709663692638
8941269,8941269,movement,1125,170,1709663692650
8941269,8941269,movement,1140,170,1709663692666
8941269,8941269,movement,1150,169,1709663692684
8941269,8941269,movement,1161,168,1709663692702
8941269,8941269,movement,1174,166,1709663692716
8941269,8941269,movement,1193,165,1709663692736
8941269,8941269,movement,1195,165,1709663692750
8941269,8941269,movement,1202,164,1709663692767
8941269,8941269,movement,1210,164,1709663692783
8941269,8941269,movement,1221,163,1709663692800
8941269,8941269,movement,1228,163,1709663692817
8941269,8941269,movement,1235,163,1709663692833
8941269,8941269,movement,1240,163,1709663692852
8941269,8941269,movement,1242,163,1709663692867
8941269,8941269,movement,1242,164,1709663692885
8941269,8941269,movement,1243,164,1709663692900
8941269,8941269,movement,1244,166,1709663692916
8941269,8941269,movement,1245,169,1709663692934
8941269,8941269,movement,1245,174,1709663692950
8941269,8941269,movement,1246,178,1709663692968
8941269,8941269,movement,1247,183,1709663692984
8941269,8941269,movement,1248,188,1709663693001
8941269,8941269,movement,1250,194,1709663693015
8941269,8941269,movement,1251,198,1709663693039
8941269,8941269,movement,1257,250,1709663693088
8941269,8941269,movement,1255,319,1709663693127
8941269,8941269,movement,1272,364,1709663693173
8941269,8941269,movement,1280,376,1709663693212
8941269,8941269,movement,1282,378,1709663693266
8941269,8941269,movement,1282,379,1709663693408
8941269,8941269,movement,1281,379,1709663693418
8941269,8941269,movement,1279,379,1709663693433
8941269,8941269,movement,1278,379,1709663693450
8941269,8941269,movement,1278,379,1709663693465
8941269,8941269,movement,1276,379,1709663693483
8941269,8941269,movement,1274,379,1709663693508
8941269,8941269,movement,1268,379,1709663693531
8941269,8941269,movement,1267,379,1709663693546
8941269,8941269,movement,1265,379,1709663693572
8941269,8941269,movement,1263,378,1709663693592
8941269,8941269,movement,1262,378,1709663693599
8941269,8941269,movement,1262,378,1709663693649
8941269,8941269,movement,1262,378,1709663693653
8941269,8941269,movement,1261,378,1709663693666
8941269,8941269,movement,1259,377,1709663693682
8941269,8941269,movement,1258,376,1709663693699
8941269,8941269,movement,1257,375,1709663693716
8941269,8941269,movement,1256,375,1709663693732
8941269,8941269,movement,1255,374,1709663693750
8941269,8941269,movement,1254,374,1709663693765
8941269,8941269,movement,1252,374,1709663693785
8941269,8941269,movement,1250,374,1709663693801
8941269,8941269,movement,1250,374,1709663693818
8941269,8941269,movement,1247,374,1709663693833
8941269,8941269,movement,1246,374,1709663693849
8941269,8941269,movement,1244,374,1709663693865
8941269,8941269,movement,1244,373,1709663693882
8941269,8941269,movement,1242,373,1709663693899
8941269,8941269,movement,1240,372,1709663693927
8941269,8941269,movement,1237,371,1709663693943
8941269,8941269,movement,1235,370,1709663693951
8941269,8941269,movement,1229,368,1709663693965
8941269,8941269,movement,1215,366,1709663693982
8941269,8941269,movement,1192,360,1709663694005
8941269,8941269,movement,1156,350,1709663694015
8941269,8941269,movement,1093,338,1709663694036
8941269,8941269,movement,1019,327,1709663694059
8941269,8941269,movement,833,291,1709663694081
8941269,8941269,movement,686,274,1709663694107
8941269,8941269,movement,589,262,1709663694120
8941269,8941269,movement,500,254,1709663694132
8941269,8941269,movement,420,246,1709663694156
8941269,8941269,movement,338,240,1709663694170
8941269,8941269,movement,310,240,1709663694181
8941269,8941269,movement,290,239,1709663694201
8941269,8941269,movement,270,239,1709663694216
8941269,8941269,movement,260,239,1709663694228
8941269,8941269,movement,250,239,1709663694236
8941269,8941269,movement,228,239,1709663694252
8941269,8941269,movement,205,236,1709663694267
8941269,8941269,movement,182,232,1709663694283
8941269,8941269,movement,163,229,1709663694299
8941269,8941269,movement,144,224,1709663694316
8941269,8941269,movement,120,217,1709663694332
8941269,8941269,movement,109,213,1709663694348
8941269,8941269,movement,98,209,1709663694369
8941269,8941269,movement,90,204,1709663694383
8941269,8941269,movement,89,204,1709663694401
8941269,8941269,movement,88,203,1709663694448
8941269,8941269,movement,87,202,1709663694465
8941269,8941269,movement,88,202,1709663694512
8941269,8941269,movement,88,202,1709663694518
8941269,8941269,movement,89,202,1709663694532
8941269,8941269,movement,90,201,1709663694548
8941269,8941269,movement,91,201,1709663694565
8941269,8941269,movement,92,201,1709663694583
8941269,8941269,movement,94,201,1709663694598
8941269,8941269,movement,96,201,1709663694616
8941269,8941269,movement,98,201,1709663694633
8941269,8941269,movement,99,201,1709663694649
8941269,8941269,movement,101,201,1709663694665
8941269,8941269,movement,102,202,1709663694681
8941269,8941269,movement,103,202,1709663694698
8941269,8941269,movement,105,204,1709663694715
8941269,8941269,movement,109,211,1709663694733
8941269,8941269,movement,114,220,1709663694751
8941269,8941269,movement,122,232,1709663694768
8941269,8941269,movement,123,238,1709663694785
8941269,8941269,movement,124,242,1709663694800
8941269,8941269,movement,124,246,1709663694819
8941269,8941269,movement,124,250,1709663694835
8941269,8941269,movement,124,254,1709663694851
8941269,8941269,movement,126,254,1709663694866
8941269,8941269,movement,126,255,1709663694938
8941269,8941269,movement,126,255,1709663694952
8941269,8941269,movement,127,255,1709663694966
8941269,8941269,movement,127,251,1709663694985
8941269,8941269,movement,127,242,1709663695000
8941269,8941269,movement,126,229,1709663695016
8941269,8941269,movement,119,210,1709663695034
8941269,8941269,movement,114,197,1709663695049
8941269,8941269,movement,112,192,1709663695068
8941269,8941269,movement,112,190,1709663695083
8941269,8941269,mousedown,112,190,1709663695204
8941269,8941269,mouseup,112,190,1709663695288
8941269,8941269,movement,126,195,1709663695442
8941269,8941269,movement,186,202,1709663695531
8941269,8941269,movement,219,203,1709663695560
8941269,8941269,movement,235,206,1709663695579
8941269,8941269,movement,251,207,1709663695597
8941269,8941269,movement,270,210,1709663695615
8941269,8941269,movement,291,214,1709663695630
8941269,8941269,movement,302,215,1709663695647
8941269,8941269,movement,310,217,1709663695666
8941269,8941269,movement,318,218,1709663695680
8941269,8941269,movement,330,222,1709663695697
8941269,8941269,movement,336,225,1709663695714
8941269,8941269,singleclick,336,225,1709663695304
8941269,8941269,movement,346,227,1709663695731
8941269,8941269,movement,358,231,1709663695747
8941269,8941269,movement,373,236,1709663695768
8941269,8941269,movement,392,242,1709663695781
8941269,8941269,movement,411,247,1709663695798
8941269,8941269,movement,433,251,1709663695815
8941269,8941269,movement,456,257,1709663695842
8941269,8941269,movement,561,285,1709663695864
8941269,8941269,movement,606,295,1709663695887
8941269,8941269,movement,680,317,1709663695908
8941269,8941269,movement,702,322,1709663695916
8941269,8941269,movement,769,346,1709663695936
8941269,8941269,movement,814,366,1709663695952
8941269,8941269,movement,845,380,1709663695969
8941269,8941269,movement,862,390,1709663695987
8941269,8941269,movement,874,397,1709663695997
8941269,8941269,movement,880,401,1709663696013
8941269,8941269,movement,882,402,1709663696031
8941269,8941269,movement,883,405,1709663696050
8941269,8941269,movement,884,406,1709663696064
8941269,8941269,movement,884,410,1709663696080
8941269,8941269,movement,885,414,1709663696103
8941269,8941269,movement,887,418,1709663696117
8941269,8941269,movement,888,419,1709663696134
8941269,8941269,movement,889,421,1709663696147
8941269,8941269,movement,890,422,1709663696164
8941269,8941269,movement,890,422,1709663696181
8941269,8941269,movement,890,423,1709663696216
8941269,8941269,movement,890,424,1709663696227
8941269,8941269,movement,889,426,1709663696236
8941269,8941269,movement,889,427,1709663696249
8941269,8941269,movement,886,436,1709663696266
8941269,8941269,movement,882,442,1709663696282
8941269,8941269,movement,877,450,1709663696301
8941269,8941269,movement,872,453,1709663696320
8941269,8941269,movement,868,458,1709663696347
8941269,8941269,movement,867,458,1709663696363
8941269,8941269,movement,866,459,1709663696381
8941269,8941269,movement,865,459,1709663696398
8941269,8941269,movement,863,459,1709663696414
8941269,8941269,movement,864,460,1709663697893
8941269,8941269,movement,866,462,1709663698032
8941269,8941269,movement,869,464,1709663698053
8941269,8941269,movement,898,481,1709663698064
8941269,8941269,movement,910,486,1709663698080
8941269,8941269,movement,922,492,1709663698090
8941269,8941269,movement,971,505,1709663698121
8941269,8941269,movement,986,501,1709663698137
8941269,8941269,movement,994,496,1709663698146
8941269,8941269,movement,1011,482,1709663698164
8941269,8941269,movement,1031,464,1709663698180
8941269,8941269,movement,1070,438,1709663698198
8941269,8941269,movement,1102,419,1709663698213
8941269,8941269,movement,1124,407,1709663698231
8941269,8941269,movement,1133,402,1709663698247
8941269,8941269,movement,1135,401,1709663698261
8941269,8941269,movement,1134,401,1709663698437
8941269,8941269,movement,1134,401,1709663698445
8941269,8941269,movement,1133,401,1709663698462
8941269,8941269,movement,1132,401,1709663698479
8941269,8941269,mouseup,1132,401,1709663698928
8941269,8941269,movement,1123,398,1709663699090
8941269,8941269,movement,1113,396,1709663699105
8941269,8941269,movement,1102,393,1709663699111
8941269,8941269,movement,1078,385,1709663699128
8941269,8941269,movement,1050,374,1709663699144
8941269,8941269,movement,1013,359,1709663699165
8941269,8941269,movement,977,342,1709663699182
8941269,8941269,movement,944,326,1709663699200
8941269,8941269,movement,916,312,1709663699212
8941269,8941269,movement,867,281,1709663699238
8941269,8941269,movement,809,239,1709663699264
8941269,8941269,movement,749,190,1709663699281
8941269,8941269,movement,718,159,1709663699296
8941269,8941269,movement,702,140,1709663699313
8941269,8941269,movement,693,126,1709663699330
8941269,8941269,movement,686,114,1709663699344
8941269,8941269,singleclick,686,114,1709663698940
8941269,8941269,movement,680,106,1709663699363
8941269,8941269,movement,674,98,1709663699377
8941269,8941269,movement,670,92,1709663699401
8941269,8941269,movement,668,86,1709663699411
8941269,8941269,movement,546,88,1709663724519
8941269,8941269,movement,566,95,1709663724523
8941269,8941269,movement,583,102,1709663724541
8941269,8941269,movement,618,115,1709663724556
8941269,8941269,movement,668,136,1709663724572
8941269,8941269,movement,702,149,1709663724589
8941269,8941269,movement,728,161,1709663724605
8941269,8941269,movement,753,171,1709663724626
8941269,8941269,movement,775,180,1709663724637
8941269,8941269,movement,793,187,1709663724654
8941269,8941269,movement,814,196,1709663724670
8941269,8941269,movement,836,206,1709663724689
8941269,8941269,movement,862,218,1709663724706
8941269,8941269,movement,875,227,1709663724720
8941269,8941269,movement,890,235,1709663724737
8941269,8941269,movement,902,243,1709663724755
8941269,8941269,movement,914,254,1709663724781
8941269,8941269,movement,930,273,1709663724798
8941269,8941269,movement,935,278,1709663724803
8941269,8941269,movement,939,284,1709663724816
8941269,8941269,movement,947,298,1709663724831
8941269,8941269,movement,959,322,1709663724846
8941269,8941269,movement,962,327,1709663724853
8941269,8941269,movement,966,340,1709663724881
8941269,8941269,movement,973,356,1709663724890
8941269,8941269,movement,975,362,1709663724910
8941269,8941269,movement,977,367,1709663724924
8941269,8941269,movement,978,370,1709663724937
8941269,8941269,movement,979,374,1709663724954
8941269,8941269,movement,980,377,1709663724972
8941269,8941269,movement,981,381,1709663724987
8941269,8941269,movement,982,386,1709663725004
8941269,8941269,movement,983,389,1709663725022
8941269,8941269,movement,983,393,1709663725038
8941269,8941269,movement,984,398,1709663725053
8941269,8941269,movement,985,402,1709663725072
8941269,8941269,movement,986,406,1709663725087
8941269,8941269,movement,986,410,1709663725106
8941269,8941269,movement,987,410,1709663725122
8941269,8941269,movement,987,411,1709663725139
8941269,8941269,movement,987,412,1709663725154
8941269,8941269,mousedown,987,412,1709663725258
8941269,8941269,mouseup,987,412,1709663725339
8941269,8941269,movement,988,414,1709663725424
8941269,8941269,movement,990,416,1709663725436
8941269,8941269,movement,999,431,1709663725455
8941269,8941269,movement,1009,447,1709663725469
8941269,8941269,movement,1022,466,1709663725487
8941269,8941269,movement,1037,488,1709663725502
8941269,8941269,movement,1054,518,1709663725520
8941269,8941269,movement,1074,562,1709663725536
8941269,8941269,movement,1086,591,1709663725554
8941269,8941269,movement,1094,621,1709663725569
8941269,8941269,movement,1101,650,1709663725586
8941269,8941269,movement,1106,674,1709663725602
8941269,8941269,movement,1113,700,1709663725620
8941269,8941269,movement,1116,719,1709663725636
8941269,8941269,movement,1118,743,1709663725653
8941269,8941269,movement,1118,756,1709663725672
8941269,8941269,movement,1119,767,1709663725686
8941269,8941269,movement,1120,772,1709663725706
8941269,8941269,movement,1120,778,1709663725721
8941269,8941269,movement,1121,779,1709663725736
8941269,8941269,singleclick,1121,779,1709663725341
8941269,8941269,movement,1121,780,1709663725770
8941269,8941269,movement,1122,782,1709663725787
8941269,8941269,movement,1122,784,1709663725804
8941269,8941269,movement,1122,785,1709663725821
8941269,8941269,movement,1122,786,1709663725838
8941269,8941269,movement,1122,788,1709663725871
8941269,8941269,movement,1121,788,1709663725886
8941269,8941269,movement,1119,789,1709663725903
8941269,8941269,movement,1116,790,1709663725920
8941269,8941269,movement,1112,790,1709663725936
8941269,8941269,movement,1106,792,1709663725955
8941269,8941269,movement,1100,792,1709663725969
8941269,8941269,movement,1096,792,1709663725990
8941269,8941269,movement,1094,792,1709663726002
8941269,8941269,movement,1093,792,1709663726019
8941269,8941269,movement,1092,791,1709663726036
8941269,8941269,movement,1091,791,1709663726055
8941269,8941269,movement,1090,790,1709663726069
8941269,8941269,movement,1089,790,1709663726088
8941269,8941269,movement,1088,789,1709663726103
8941269,8941269,movement,1087,787,1709663726120
8941269,8941269,movement,1086,786,1709663726137
8941269,8941269,movement,1086,786,1709663726154
8941269,8941269,mousedown,1086,786,1709663726198
8941269,8941269,mouseup,1086,786,1709663726288
8941269,8941269,singleclick,0,0,1709663726290
8941269,8941269,movement,597,446,1709663773850
8941269,8941269,movement,604,446,1709663773875
8941269,8941269,movement,621,450,1709663773892
8941269,8941269,movement,627,451,1709663773907
8941269,8941269,movement,658,457,1709663773932
8941269,8941269,movement,696,462,1709663773948
8941269,8941269,movement,713,463,1709663773966
8941269,8941269,movement,759,469,1709663773980
8941269,8941269,movement,838,478,1709663774005
8941269,8941269,movement,906,489,1709663774043
8941269,8941269,movement,928,492,1709663774068
8941269,8941269,movement,957,496,1709663774079
8941269,8941269,movement,985,501,1709663774106
8941269,8941269,movement,992,503,1709663774123
8941269,8941269,movement,998,506,1709663774141
8941269,8941269,movement,1002,510,1709663774157
8941269,8941269,movement,1006,514,1709663774173
8941269,8941269,movement,1007,514,1709663774191
8941269,8941269,movement,1010,517,1709663774206
8941269,8941269,movement,1011,516,1709663774291
8941269,8941269,movement,1011,514,1709663774310
8941269,8941269,movement,1011,509,1709663774330
8941269,8941269,movement,1011,502,1709663774340
8941269,8941269,movement,1009,494,1709663774357
8941269,8941269,movement,1006,484,1709663774373
8941269,8941269,movement,1002,478,1709663774390
8941269,8941269,movement,1000,471,1709663774408
8941269,8941269,movement,998,467,1709663774424
8941269,8941269,movement,998,463,1709663774440
8941269,8941269,movement,998,458,1709663774456
8941269,8941269,movement,997,455,1709663774475
8941269,8941269,movement,996,453,1709663774497
8941269,8941269,movement,994,446,1709663774507
8941269,8941269,movement,993,442,1709663774524
8941269,8941269,movement,992,440,1709663774540
8941269,8941269,movement,991,438,1709663774557
8941269,8941269,movement,991,437,1709663774574
8941269,8941269,movement,990,434,1709663774590
8941269,8941269,movement,989,432,1709663774606
8941269,8941269,movement,988,430,1709663774623
8941269,8941269,movement,987,428,1709663774641
8941269,8941269,movement,987,427,1709663774656
8941269,8941269,movement,986,426,1709663774674
8941269,8941269,movement,986,424,1709663774691
8941269,8941269,movement,985,424,1709663774707
8941269,8941269,movement,985,423,1709663774740
8941269,8941269,movement,984,423,1709663774891
8941269,8941269,movement,983,423,1709663774923
8941269,8941269,movement,982,423,1709663774941
8941269,8941269,movement,982,425,1709663774956
8941269,8941269,movement,981,426,1709663774974
8941269,8941269,movement,980,427,1709663774990
8941269,8941269,movement,979,427,1709663775011
8941269,8941269,movement,978,428,1709663775025
8941269,8941269,movement,978,429,1709663775057
8941269,8941269,movement,977,429,1709663775095
8941269,8941269,movement,976,430,1709663775224
8941269,8941269,movement,974,431,1709663775240
8941269,8941269,movement,972,432,1709663775258
8941269,8941269,movement,970,433,1709663775273
8941269,8941269,movement,967,434,1709663775290
8941269,8941269,movement,965,434,1709663775307
8941269,8941269,movement,962,433,1709663778892
8941269,8941269,movement,955,427,1709663778906
8941269,8941269,movement,940,418,1709663778928
8941269,8941269,movement,923,406,1709663778939
8941269,8941269,movement,918,403,1709663778953
8941269,8941269,movement,916,402,1709663778970
8941269,8941269,movement,914,400,1709663778988
8941269,8941269,movement,913,399,1709663779011
8941269,8941269,movement,908,396,1709663779012
8941269,8941269,movement,902,393,1709663779043
8941269,8941269,movement,892,390,1709663779053
8941269,8941269,movement,888,387,1709663779055
8941269,8941269,movement,878,383,1709663779070
8941269,8941269,movement,868,379,1709663779091
8941269,8941269,movement,862,375,1709663779106
8941269,8941269,movement,858,374,1709663779119
8941269,8941269,movement,855,372,1709663779145
8941269,8941269,movement,850,370,1709663779165
8941269,8941269,movement,850,369,1709663779169
8941269,8941269,movement,848,368,1709663779185
8941269,8941269,movement,845,366,1709663779202
8941269,8941269,movement,840,363,1709663779220
8941269,8941269,movement,834,358,1709663779246
8941269,8941269,movement,823,354,1709663779254
8941269,8941269,movement,811,349,1709663779273
8941269,8941269,movement,797,346,1709663779286
8941269,8941269,movement,785,346,1709663779307
8941269,8941269,movement,768,346,1709663779328
8941269,8941269,movement,748,346,1709663779337
8941269,8941269,movement,738,346,1709663779354
8941269,8941269,movement,694,351,1709663779373
8941269,8941269,movement,687,351,1709663779387
8941269,8941269,movement,679,353,1709663779403
8941269,8941269,movement,678,353,1709663779419
8941269,8941269,movement,678,353,1709663779436
8941269,8941269,movement,676,351,1709663779452
8941269,8941269,movement,669,346,1709663779469
8941269,8941269,movement,658,336,1709663779491
8941269,8941269,movement,643,324,1709663779512
8941269,8941269,movement,607,304,1709663779541
8941269,8941269,movement,583,290,1709663779549
8941269,8941269,movement,502,228,1709663779577
8941269,8941269,movement,403,150,1709663779593
8941269,8941269,movement,370,125,1709663779606
8941269,8941269,movement,338,101,1709663779613
8941269,8941269,movement,272,107,1709663779655
8941269,8941269,movement,235,144,1709663779672
8941269,8941269,movement,198,175,1709663779689
8941269,8941269,movement,179,192,1709663779702
8941269,8941269,movement,167,200,1709663779721
8941269,8941269,movement,158,203,1709663779737
8941269,8941269,movement,139,205,1709663779756
8941269,8941269,movement,110,211,1709663779769
8941269,8941269,movement,91,210,1709663779786
8941269,8941269,movement,80,206,1709663779802
8941269,8941269,movement,76,206,1709663779819
8941269,8941269,movement,74,206,1709663779838
8941269,8941269,movement,74,206,1709663779854
8941269,8941269,movement,71,206,1709663779869
8941269,8941269,movement,67,206,1709663779884
8941269,8941269,movement,65,205,1709663779902
8941269,8941269,movement,63,204,1709663779919
8941269,8941269,movement,60,202,1709663780054
8941269,8941269,movement,60,201,1709663780069
8941269,8941269,movement,61,200,1709663780088
8941269,8941269,movement,62,198,1709663780103
8941269,8941269,movement,62,198,1709663780119
8941269,8941269,movement,62,197,1709663780135
8941269,8941269,movement,62,194,1709663780151
8941269,8941269,movement,63,194,1709663780170
8941269,8941269,movement,63,193,1709663780189
8941269,8941269,movement,64,192,1709663780204
8941269,8941269,movement,65,192,1709663780222
8941269,8941269,movement,66,192,1709663780236
8941269,8941269,movement,66,193,1709663780253
8941269,8941269,movement,67,194,1709663780270
8941269,8941269,movement,70,194,1709663780286
8941269,8941269,movement,71,192,1709663780303
8941269,8941269,movement,74,189,1709663780320
8941269,8941269,movement,76,187,1709663780336
8941269,8941269,movement,77,186,1709663780353
8941269,8941269,movement,78,186,1709663780369
8941269,8941269,movement,79,186,1709663780385
8941269,8941269,movement,81,186,1709663780407
8941269,8941269,movement,82,186,1709663780418
8941269,8941269,movement,84,186,1709663780436
8941269,8941269,movement,85,186,1709663780451
8941269,8941269,movement,86,186,1709663780486
8941269,8941269,movement,87,186,1709663780502
8941269,8941269,movement,88,186,1709663780537
8941269,8941269,movement,89,186,1709663780968
8941269,8941269,movement,92,186,1709663780983
8941269,8941269,movement,97,186,1709663781001
8941269,8941269,movement,103,186,1709663781019
8941269,8941269,movement,107,186,1709663781036
8941269,8941269,movement,112,186,1709663781051
8941269,8941269,movement,116,187,1709663781068
8941269,8941269,movement,123,187,1709663781083
8941269,8941269,movement,126,188,1709663781100
8941269,8941269,movement,129,188,1709663781117
8941269,8941269,movement,132,188,1709663781134
8941269,8941269,movement,134,188,1709663781150
8941269,8941269,movement,135,188,1709663781167
8941269,8941269,movement,138,188,1709663781184
8941269,8941269,movement,142,188,1709663781202
8941269,8941269,movement,146,188,1709663781217
8941269,8941269,movement,150,188,1709663781234
8941269,8941269,movement,154,188,1709663781259
8941269,8941269,movement,159,188,1709663781271
8941269,8941269,movement,166,188,1709663781295
8941269,8941269,movement,170,188,1709663781324
8941269,8941269,movement,172,188,1709663781334
8941269,8941269,movement,173,189,1709663781351
8941269,8941269,movement,174,189,1709663781366
8941269,8941269,movement,174,189,1709663781401
8941269,8941269,movement,175,190,1709663781417
8941269,8941269,movement,178,190,1709663781439
8941269,8941269,movement,182,190,1709663781470
8941269,8941269,movement,184,190,1709663781485
8941269,8941269,movement,187,190,1709663781502
8941269,8941269,movement,191,190,1709663781517
8941269,8941269,movement,194,190,1709663781535
8941269,8941269,movement,197,190,1709663781551
8941269,8941269,movement,199,190,1709663781568
8941269,8941269,movement,201,190,1709663781587
8941269,8941269,movement,202,189,1709663781601
8941269,8941269,movement,203,188,1709663781617
8941269,8941269,movement,203,187,1709663781634
8941269,8941269,movement,206,187,1709663782818
8941269,8941269,movement,212,186,1709663782833
8941269,8941269,movement,216,183,1709663782849
8941269,8941269,movement,222,182,1709663782867
8941269,8941269,movement,233,178,1709663782885
8941269,8941269,movement,249,177,1709663782903
8941269,8941269,movement,260,177,1709663782924
8941269,8941269,movement,266,177,1709663782943
8941269,8941269,movement,286,182,1709663782952
8941269,8941269,movement,303,187,1709663782973
8941269,8941269,movement,319,194,1709663782983
8941269,8941269,movement,337,201,1709663783004
8941269,8941269,movement,375,212,1709663783020
8941269,8941269,movement,402,219,1709663783034
8941269,8941269,movement,427,226,1709663783050
8941269,8941269,movement,446,232,1709663783065
8941269,8941269,movement,463,238,1709663783086
8941269,8941269,movement,478,243,1709663783099
8941269,8941269,movement,486,250,1709663783119
8941269,8941269,movement,494,254,1709663783144
8941269,8941269,movement,510,263,1709663783168
8941269,8941269,movement,519,269,1709663783174
8941269,8941269,movement,525,273,1709663783182
8941269,8941269,movement,536,282,1709663783204
8941269,8941269,movement,547,294,1709663783221
8941269,8941269,movement,566,322,1709663783252
8941269,8941269,movement,579,342,1709663783261
8941269,8941269,movement,606,382,1709663783297
8941269,8941269,movement,622,410,1709663783311
8941269,8941269,movement,629,422,1709663783322
8941269,8941269,movement,642,446,1709663783336
8941269,8941269,movement,657,470,1709663783355
8941269,8941269,movement,681,503,1709663783375
8941269,8941269,movement,695,522,1709663783390
8941269,8941269,movement,702,530,1709663783402
8941269,8941269,movement,726,554,1709663783419
8941269,8941269,movement,740,566,1709663783443
8941269,8941269,movement,766,588,1709663783458
8941269,8941269,movement,785,603,1709663783476
8941269,8941269,movement,793,610,1709663783481
8941269,8941269,movement,810,625,1709663783503
8941269,8941269,movement,841,651,1709663783519
8941269,8941269,movement,858,665,1709663783535
8941269,8941269,movement,875,676,1709663783548
8941269,8941269,movement,892,686,1709663783568
8941269,8941269,movement,904,693,1709663783590
8941269,8941269,movement,923,705,1709663783616
8941269,8941269,movement,930,710,1709663783628
8941269,8941269,movement,933,711,1709663783633
8941269,8941269,movement,938,713,1709663783647
8941269,8941269,movement,943,715,1709663783668
8941269,8941269,movement,946,718,1709663783682
8941269,8941269,movement,948,718,1709663783701
8941269,8941269,movement,950,719,1709663783716
8941269,8941269,movement,950,720,1709663783732
8941269,8941269,movement,951,721,1709663783748
8941269,8941269,movement,952,722,1709663783782
8941269,8941269,movement,952,725,1709663783815
8941269,8941269,movement,952,728,1709663783831
8941269,8941269,movement,952,732,1709663783849
8941269,8941269,movement,952,735,1709663783866
8941269,8941269,movement,952,739,1709663783882
8941269,8941269,movement,952,743,1709663783899
8941269,8941269,movement,953,749,1709663783918
8941269,8941269,movement,953,752,1709663783932
8941269,8941269,movement,955,757,1709663783951
8941269,8941269,movement,957,759,1709663783967
8941269,8941269,movement,958,762,1709663783981
8941269,8941269,movement,961,764,1709663783998
8941269,8941269,movement,961,765,1709663784015
8941269,8941269,movement,962,766,1709663784035
8941269,8941269,movement,963,768,1709663784058
8941269,8941269,movement,965,770,1709663784075
8941269,8941269,movement,966,772,1709663784083
8941269,8941269,movement,967,774,1709663784099
8941269,8941269,movement,968,775,1709663784115
8941269,8941269,movement,969,775,1709663784131
8941269,8941269,movement,970,775,1709663784148
8941269,8941269,movement,970,776,1709663784165
8941269,8941269,movement,971,777,1709663784181
8941269,8941269,movement,972,777,1709663784230
8941269,8941269,movement,972,778,1709663784482
8941269,8941269,movement,972,778,1709663784549
8941269,8941269,movement,972,781,1709663784567
8941269,8941269,movement,971,781,1709663784581
8941269,8941269,movement,971,782,1709663784597
8941269,8941269,movement,970,782,1709663784698
8941269,8941269,movement,969,782,1709663784747
8941269,8941269,movement,968,783,1709663784764
8941269,8941269,movement,968,785,1709663789243
8941269,8941269,movement,968,786,1709663789279
8941269,8941269,movement,969,786,1709663789293
8941269,8941269,movement,969,787,1709663789309
8941269,8941269,movement,970,787,1709663789326
8941269,8941269,movement,970,789,1709663789376
8941269,8941269,movement,970,789,1709663789393
8941269,8941269,movement,971,790,1709663789410
8941269,8941269,movement,972,790,1709663789426
8941269,8941269,movement,972,791,1709663789459
8941269,8941269,movement,973,791,1709663789577
8941269,8941269,mousedown,973,791,1709663789757
8941269,8941269,mouseup,973,791,1709663789864
8941269,8941269,movement,972,790,1709663789971
8941269,8941269,movement,973,790,1709663790221
8941269,8941269,movement,974,790,1709663790227
8941269,8941269,movement,974,790,1709663790244
8941269,8941269,movement,976,790,1709663790259
8941269,8941269,movement,979,788,1709663790276
8941269,8941269,movement,982,787,1709663790292
8941269,8941269,movement,985,787,1709663790309
8941269,8941269,singleclick,985,787,1709663789899
8941269,8941269,movement,992,787,1709663790325
8941269,8941269,movement,1006,785,1709663790354
8941269,8941269,movement,1010,782,1709663790380
8941269,8941269,movement,1015,766,1709663790418
8941269,8941269,movement,1014,729,1709663790432
8941269,8941269,movement,1001,685,1709663790453
8941269,8941269,movement,863,485,1709663790494
8941269,8941269,movement,681,292,1709663790523
8941269,8941269,movement,597,198,1709663790546
8941269,8941269,movement,510,98,1709663790565
8941269,8941269,movement,438,101,1709663792651
8941269,8941269,movement,444,127,1709663792659
8941269,8941269,movement,462,188,1709663792675
8941269,8941269,movement,488,247,1709663792694
8941269,8941269,movement,506,288,1709663792721
8941269,8941269,movement,534,348,1709663792735
8941269,8941269,movement,539,357,1709663792746
8941269,8941269,movement,542,368,1709663792760
8941269,8941269,movement,545,377,1709663792780
8941269,8941269,movement,546,387,1709663792796
8941269,8941269,movement,546,390,1709663792808
8941269,8941269,movement,546,395,1709663792825
8941269,8941269,movement,545,401,1709663792840
8941269,8941269,movement,542,405,1709663792860
8941269,8941269,movement,532,418,1709663792878
8941269,8941269,movement,527,423,1709663792896
8941269,8941269,movement,523,427,1709663792907
8941269,8941269,movement,521,429,1709663792924
8941269,8941269,movement,518,430,1709663792941
8941269,8941269,movement,514,430,1709663792957
8941269,8941269,movement,509,427,1709663792973
8941269,8941269,movement,494,417,1709663792993
8941269,8941269,movement,482,407,1709663793012
8941269,8941269,movement,473,398,1709663793034
8941269,8941269,movement,462,388,1709663793044
8941269,8941269,movement,458,384,1709663793055
8941269,8941269,movement,451,374,1709663793076
8941269,8941269,movement,443,362,1709663793096
8941269,8941269,movement,427,337,1709663793115
8941269,8941269,movement,415,318,1709663793128
8941269,8941269,movement,410,308,1709663793139
8941269,8941269,movement,407,303,1709663793161
8941269,8941269,movement,407,302,1709663793180
8941269,8941269,movement,408,302,1709663793207
8941269,8941269,movement,410,304,1709663793226
8941269,8941269,movement,418,313,1709663793239
8941269,8941269,movement,422,318,1709663793258
8941269,8941269,movement,428,324,1709663793278
8941269,8941269,movement,437,333,1709663793295
8941269,8941269,movement,448,347,1709663793313
8941269,8941269,movement,455,358,1709663793334
8941269,8941269,movement,458,362,1709663793351
8941269,8941269,movement,462,370,1709663793386
8941269,8941269,movement,462,373,1709663793431
8941269,8941269,movement,466,385,1709663793462
8941269,8941269,movement,467,390,1709663793466
8941269,8941269,movement,468,395,1709663793472
8941269,8941269,movement,471,405,1709663793491
8941269,8941269,movement,472,410,1709663793505
8941269,8941269,movement,473,413,1709663793531
8941269,8941269,movement,474,416,1709663793548
8941269,8941269,movement,474,418,1709663793626
8941269,8941269,movement,473,419,1709663793644
8941269,8941269,movement,473,420,1709663793659
8941269,8941269,movement,471,422,1709663793686
8941269,8941269,movement,467,429,1709663793735
8941269,8941269,movement,464,434,1709663793775
8941269,8941269,movement,459,439,1709663793824
8941269,8941269,movement,456,442,1709663793834
8941269,8941269,movement,450,445,1709663793860
8941269,8941269,movement,444,447,1709663793874
8941269,8941269,movement,437,450,1709663793888
8941269,8941269,movement,426,454,1709663793912
8941269,8941269,movement,419,456,1709663793927
8941269,8941269,movement,410,459,1709663793938
8941269,8941269,movement,400,462,1709663793960
8941269,8941269,movement,389,463,1709663793973
8941269,8941269,movement,381,463,1709663793989
8941269,8941269,movement,374,463,1709663794005
8941269,8941269,movement,360,460,1709663794024
8941269,8941269,movement,353,458,1709663794039
8941269,8941269,movement,348,455,1709663794061
8941269,8941269,movement,344,453,1709663794072
8941269,8941269,movement,338,448,1709663794101
8941269,8941269,movement,334,442,1709663794118
8941269,8941269,movement,332,439,1709663794125
8941269,8941269,movement,330,437,1709663794140
8941269,8941269,movement,328,434,1709663794157
8941269,8941269,movement,326,431,1709663794173
8941269,8941269,movement,325,427,1709663794192
8941269,8941269,movement,322,422,1709663794208
8941269,8941269,movement,320,414,1709663794232
8941269,8941269,movement,317,407,1709663794259
8941269,8941269,movement,310,394,1709663794282
8941269,8941269,movement,309,390,1709663794296
8941269,8941269,movement,306,384,1709663794312
8941269,8941269,movement,304,380,1709663794327
8941269,8941269,movement,298,372,1709663794347
8941269,8941269,movement,289,358,1709663794379
8941269,8941269,movement,284,351,1709663794410
8941269,8941269,movement,282,349,1709663794424
8941269,8941269,movement,280,347,1709663794441
8941269,8941269,movement,278,346,1709663794456
8941269,8941269,movement,278,346,1709663794472
8941269,8941269,movement,278,346,1709663794489
8941269,8941269,movement,277,345,1709663794522
8941269,8941269,mousedown,277,345,1709663794920
8941269,8941269,mouseup,277,345,1709663795002
8941269,8941269,movement,278,346,1709663795141
8941269,8941269,movement,290,353,1709663795188
8941269,8941269,movement,334,366,1709663795241
8941269,8941269,movement,430,377,1709663795310
8941269,8941269,movement,462,374,1709663795388
8941269,8941269,movement,475,366,1709663795477
8941269,8941269,singleclick,475,366,1709663795015
8941269,8941269,movement,475,366,1709663796078
8941269,8941269,movement,474,366,1709663796086
8941269,8941269,movement,474,365,1709663796104
8941269,8941269,movement,472,364,1709663796121
8941269,8941269,movement,472,363,1709663796138
8941269,8941269,movement,471,363,1709663796158
8941269,8941269,movement,471,362,1709663796175
8941269,8941269,movement,471,361,1709663796190
8941269,8941269,movement,470,361,1709663796206
8941269,8941269,movement,470,358,1709663796221
8941269,8941269,movement,470,357,1709663796237
8941269,8941269,movement,469,355,1709663796253
8941269,8941269,movement,469,354,1709663796270
8941269,8941269,movement,468,354,1709663796286
8941269,8941269,movement,468,353,1709663796303
8941269,8941269,movement,468,354,1709663796916
8941269,8941269,movement,467,354,1709663796946
8941269,8941269,movement,466,354,1709663796970
8941269,8941269,movement,466,354,1709663796985
8941269,8941269,movement,466,355,1709663797171
8941269,8941269,movement,466,354,1709663797737
8941269,8941269,movement,466,350,1709663797751
8941269,8941269,movement,465,346,1709663797768
8941269,8941269,movement,464,341,1709663797794
8941269,8941269,movement,462,335,1709663797801
8941269,8941269,movement,461,327,1709663797825
8941269,8941269,movement,456,313,1709663797850
8941269,8941269,movement,455,310,1709663797855
8941269,8941269,movement,454,306,1709663797868
8941269,8941269,movement,452,301,1709663797892
8941269,8941269,movement,450,296,1709663797902
8941269,8941269,movement,447,290,1709663797925
8941269,8941269,movement,442,277,1709663797946
8941269,8941269,movement,441,272,1709663797951
8941269,8941269,movement,438,266,1709663797970
8941269,8941269,movement,434,261,1709663797990
8941269,8941269,movement,433,258,1709663798004
8941269,8941269,movement,431,255,1709663798018
8941269,8941269,movement,430,253,1709663798034
8941269,8941269,movement,429,252,1709663798057
8941269,8941269,movement,429,248,1709663798074
8941269,8941269,movement,429,247,1709663798085
8941269,8941269,movement,428,243,1709663798103
8941269,8941269,movement,427,241,1709663798122
8941269,8941269,movement,427,238,1709663798137
8941269,8941269,movement,427,233,1709663798151
8941269,8941269,movement,427,228,1709663798168
8941269,8941269,movement,426,219,1709663798188
8941269,8941269,movement,425,214,1709663798202
8941269,8941269,movement,424,210,1709663798226
8941269,8941269,movement,422,202,1709663798247
8941269,8941269,movement,422,201,1709663798256
8941269,8941269,movement,422,199,1709663798270
8941269,8941269,movement,422,198,1709663798285
8941269,8941269,movement,422,197,1709663798302
8941269,8941269,movement,422,196,1709663798328
8941269,8941269,movement,422,195,1709663798343
8941269,8941269,movement,423,195,1709663798669
8941269,8941269,movement,423,196,1709663798696
8941269,8941269,movement,424,196,1709663798711
8941269,8941269,movement,425,196,1709663798719
8941269,8941269,movement,425,197,1709663798746
8941269,8941269,movement,426,197,1709663798820
8941269,8941269,movement,426,197,1709663798834
8941269,8941269,movement,427,197,1709663798884
8941269,8941269,movement,428,197,1709663798900
8941269,8941269,movement,429,197,1709663799014
8941269,8941269,movement,430,197,1709663799021
8941269,8941269,movement,430,196,1709663799049
8941269,8941269,movement,432,195,1709663799073
8941269,8941269,movement,433,195,1709663799309
8941269,8941269,movement,434,195,1709663799342
8941269,8941269,movement,434,196,1709663799355
8941269,8941269,movement,434,197,1709663799380
8941269,8941269,movement,435,198,1709663799406
8941269,8941269,movement,435,198,1709663799424
8941269,8941269,movement,436,198,1709663799466
8941269,8941269,movement,436,199,1709663799484
8941269,8941269,movement,437,199,1709663799502
8941269,8941269,movement,437,200,1709663799519
8941269,8941269,movement,437,201,1709663799627
8941269,8941269,movement,438,201,1709663799635
8941269,8941269,movement,438,201,1709663799673
8941269,8941269,movement,439,201,1709663800064
8941269,8941269,movement,440,201,1709663800079
8941269,8941269,movement,441,201,1709663800087
8941269,8941269,movement,442,201,1709663800111
8941269,8941269,movement,442,202,1709663800120
8941269,8941269,movement,442,202,1709663800133
8941269,8941269,movement,443,203,1709663800153
8941269,8941269,movement,444,204,1709663800166
8941269,8941269,movement,445,204,1709663800229
8941269,8941269,movement,446,204,1709663800320
8941269,8941269,movement,446,203,1709663800367
8941269,8941269,movement,446,202,1709663800387
8941269,8941269,movement,446,202,1709663800399
8941269,8941269,movement,446,201,1709663800421
8941269,8941269,movement,446,200,1709663800437
8941269,8941269,movement,446,199,1709663800468
8941269,8941269,movement,445,198,1709663800485
8941269,8941269,movement,444,198,1709663800499
8941269,8941269,movement,443,197,1709663800516
8941269,8941269,movement,443,195,1709663800529
8941269,8941269,movement,441,193,1709663800552
8941269,8941269,movement,441,191,1709663800581
8941269,8941269,movement,439,190,1709663800592
8941269,8941269,movement,438,189,1709663800599
8941269,8941269,movement,438,188,1709663800616
8941269,8941269,movement,438,188,1709663800632
8941269,8941269,movement,437,186,1709663800652
8941269,8941269,movement,435,186,1709663800669
8941269,8941269,movement,430,184,1709663800685
8941269,8941269,movement,427,183,1709663800701
8941269,8941269,movement,423,182,1709663800718
8941269,8941269,movement,422,182,1709663800734
8941269,8941269,movement,421,182,1709663800749
8941269,8941269,movement,420,182,1709663800766
8941269,8941269,movement,419,182,1709663800782
8941269,8941269,movement,419,181,1709663800799
8941269,8941269,movement,418,180,1709663800815
8941269,8941269,movement,417,179,1709663800833
8941269,8941269,movement,415,178,1709663800849
8941269,8941269,movement,414,178,1709663800866
8941269,8941269,movement,414,178,1709663800882
8941269,8941269,movement,413,178,1709663800918
8941269,8941269,movement,410,178,1709663800957
8941269,8941269,movement,402,178,1709663800993
8941269,8941269,movement,400,177,1709663801007
8941269,8941269,movement,398,176,1709663801018
8941269,8941269,movement,397,175,1709663801037
8941269,8941269,movement,396,174,1709663801056
8941269,8941269,movement,395,174,1709663801071
8941269,8941269,movement,394,174,1709663801086
8941269,8941269,movement,393,174,1709663801101
8941269,8941269,movement,392,172,1709663801117
8941269,8941269,movement,391,171,1709663801134
8941269,8941269,movement,390,171,1709663801151
8941269,8941269,mousedown,390,171,1709663801215
8941269,8941269,mouseup,390,171,1709663801322
8941269,8941269,singleclick,390,171,1709663801338
8941269,8941269,movement,390,173,1709663801882
8941269,8941269,movement,391,174,1709663801916
8941269,8941269,movement,393,178,1709663801957
8941269,8941269,movement,394,179,1709663801965
8941269,8941269,movement,394,180,1709663801982
8941269,8941269,movement,394,182,1709663801999
8941269,8941269,movement,396,185,1709663802014
8941269,8941269,movement,396,186,1709663802031
8941269,8941269,movement,397,187,1709663802047
8941269,8941269,movement,398,191,1709663802068
8941269,8941269,movement,398,194,1709663802097
8941269,8941269,movement,399,204,1709663802144
8941269,8941269,movement,395,216,1709663802173
8941269,8941269,movement,385,233,1709663802203
8941269,8941269,movement,362,249,1709663802230
8941269,8941269,movement,309,277,1709663802265
8941269,8941269,movement,286,286,1709663802286
8941269,8941269,movement,254,300,1709663802305
8941269,8941269,movement,226,313,1709663802322
8941269,8941269,movement,206,320,1709663802336
8941269,8941269,movement,198,325,1709663802350
8941269,8941269,movement,174,333,1709663802366
8941269,8941269,movement,164,338,1709663802380
8941269,8941269,movement,154,342,1709663802397
8941269,8941269,movement,146,346,1709663802413
8941269,8941269,movement,137,350,1709663802430
8941269,8941269,movement,126,357,1709663802458
8941269,8941269,movement,118,363,1709663802474
8941269,8941269,movement,117,366,1709663802486
8941269,8941269,movement,115,368,1709663802497
8941269,8941269,mousedown,115,368,1709663802711
8941269,8941269,mouseup,115,368,1709663802836
8941269,8941269,movement,113,366,1709663802866
8941269,8941269,movement,113,363,1709663802890
8941269,8941269,movement,113,362,1709663802898
8941269,8941269,movement,113,358,1709663802913
8941269,8941269,movement,113,355,1709663802934
8941269,8941269,movement,113,353,1709663802946
8941269,8941269,movement,113,350,1709663802966
8941269,8941269,movement,113,346,1709663802980
8941269,8941269,movement,113,342,1709663802997
8941269,8941269,movement,113,339,1709663803029
8941269,8941269,movement,113,335,1709663803096
8941269,8941269,movement,113,334,1709663803154
8941269,8941269,mousedown,113,334,1709663803161
8941269,8941269,mouseup,113,334,1709663803229
8941269,8941269,movement,114,334,1709663803354
8941269,8941269,movement,114,334,1709663803363
8941269,8941269,movement,115,334,1709663803382
8941269,8941269,movement,116,335,1709663803398
8941269,8941269,movement,118,336,1709663803415
8941269,8941269,movement,118,337,1709663803431
8941269,8941269,movement,119,337,1709663803446
8941269,8941269,movement,119,338,1709663803463
8941269,8941269,movement,120,338,1709663803500
8941269,8941269,movement,137,348,1709663803699
8941269,8941269,movement,138,350,1709663803771
8941269,8941269,movement,141,350,1709663803846
8941269,8941269,movement,142,352,1709663803897
8941269,8941269,movement,143,352,1709663803917
8941269,8941269,movement,144,352,1709663803928
8941269,8941269,movement,146,353,1709663803946
8941269,8941269,movement,146,354,1709663803963
8941269,8941269,movement,147,354,1709663803979
8941269,8941269,movement,148,354,1709663803997
8941269,8941269,movement,149,355,1709663804013
8941269,8941269,movement,150,355,1709663804030
8941269,8941269,movement,150,356,1709663804047
8941269,8941269,movement,150,356,1709663804063
8941269,8941269,movement,151,356,1709663804154
8941269,8941269,movement,151,357,1709663804171
8941269,8941269,movement,152,357,1709663804233
8941269,8941269,movement,152,358,1709663804247
8941269,8941269,movement,153,358,1709663804270
8941269,8941269,movement,154,358,1709663804301
8941269,8941269,movement,155,358,1709663804397
8941269,8941269,movement,157,358,1709663804403
8941269,8941269,movement,158,358,1709663804412
8941269,8941269,movement,166,358,1709663804429
8941269,8941269,movement,181,356,1709663804449
8941269,8941269,movement,203,355,1709663804464
8941269,8941269,movement,238,353,1709663804480
8941269,8941269,movement,249,351,1709663804497
8941269,8941269,movement,258,351,1709663804506
8941269,8941269,movement,282,346,1709663804521
8941269,8941269,movement,306,339,1709663804559
8941269,8941269,movement,314,337,1709663804573
8941269,8941269,movement,317,336,1709663804580
8941269,8941269,movement,322,334,1709663804597
8941269,8941269,movement,326,334,1709663804618
8941269,8941269,movement,328,334,1709663804628
8941269,8941269,movement,330,334,1709663804645
8941269,8941269,movement,333,334,1709663804662
8941269,8941269,movement,334,334,1709663804681
8941269,8941269,movement,334,334,1709663804696
8941269,8941269,movement,336,334,1709663804714
8941269,8941269,movement,336,334,1709663804729
8941269,8941269,movement,338,334,1709663804745
8941269,8941269,movement,338,335,1709663804762
8941269,8941269,movement,338,335,1709663804779
8941269,8941269,movement,339,336,1709663804796
8941269,8941269,movement,340,336,1709663804900
8941269,8941269,movement,341,336,1709663805095
8941269,8941269,movement,342,337,1709663805109
8941269,8941269,movement,342,337,1709663805125
8941269,8941269,movement,343,337,1709663805133
8941269,8941269,movement,343,338,1709663805148
8941269,8941269,movement,345,338,1709663805164
8941269,8941269,movement,349,341,1709663805179
8941269,8941269,movement,351,343,1709663805194
8941269,8941269,movement,355,344,1709663805212
8941269,8941269,movement,355,345,1709663805245
8941269,8941269,movement,356,345,1709663805355
8941269,8941269,movement,358,345,1709663805360
8941269,8941269,movement,358,345,1709663805368
8941269,8941269,movement,360,344,1709663805378
8941269,8941269,movement,362,342,1709663805423
8941269,8941269,movement,365,342,1709663805440
8941269,8941269,movement,366,342,1709663805445
8941269,8941269,movement,367,342,1709663805462
8941269,8941269,movement,370,342,1709663805483
8941269,8941269,movement,373,345,1709663805494
8941269,8941269,movement,376,346,1709663805515
8941269,8941269,movement,378,347,1709663805530
8941269,8941269,movement,380,349,1709663805546
8941269,8941269,movement,386,350,1709663805573
8941269,8941269,movement,391,350,1709663805582
8941269,8941269,movement,396,350,1709663805594
8941269,8941269,movement,399,350,1709663805611
8941269,8941269,movement,404,350,1709663805634
8941269,8941269,movement,409,348,1709663805651
8941269,8941269,movement,412,346,1709663805660
8941269,8941269,movement,415,346,1709663805677
8941269,8941269,movement,417,345,1709663805700
8941269,8941269,movement,418,345,1709663805710
8941269,8941269,movement,421,344,1709663805728
8941269,8941269,movement,421,343,1709663805746
8941269,8941269,movement,422,343,1709663805763
8941269,8941269,movement,421,343,1709663805933
8941269,8941269,movement,419,343,1709663805941
8941269,8941269,movement,418,343,1709663805956
8941269,8941269,movement,417,343,1709663805963
8941269,8941269,movement,417,342,1709663805977
8941269,8941269,movement,414,342,1709663806001
8941269,8941269,movement,414,342,1709663806010
8941269,8941269,movement,412,342,1709663806036
8941269,8941269,movement,408,339,1709663806043
8941269,8941269,movement,405,338,1709663806061
8941269,8941269,movement,403,337,1709663806078
8941269,8941269,movement,402,336,1709663806095
8941269,8941269,movement,401,336,1709663806111
8941269,8941269,movement,400,336,1709663806146
8941269,8941269,movement,399,336,1709663806179
8941269,8941269,movement,397,336,1709663806198
8941269,8941269,movement,393,336,1709663806236
8941269,8941269,movement,392,336,1709663806255
8941269,8941269,movement,391,336,1709663806271
8941269,8941269,movement,390,336,1709663806289
8941269,8941269,movement,390,336,1709663806307
8941269,8941269,movement,389,336,1709663806315
8941269,8941269,movement,388,336,1709663806327
8941269,8941269,movement,385,334,1709663806344
8941269,8941269,movement,380,331,1709663806373
8941269,8941269,movement,371,323,1709663806412
8941269,8941269,movement,369,322,1709663806435
8941269,8941269,movement,368,322,1709663806446
8941269,8941269,movement,367,322,1709663806526
8941269,8941269,movement,366,322,1709663807128
8941269,8941269,movement,366,321,1709663807303
8941269,8941269,movement,365,321,1709663807375
8941269,8941269,movement,365,320,1709663807381
8941269,8941269,movement,364,320,1709663807396
8941269,8941269,movement,363,320,1709663807411
8941269,8941269,movement,361,319,1709663807428
8941269,8941269,movement,360,319,1709663807452
8941269,8941269,movement,358,319,1709663807473
8941269,8941269,movement,357,318,1709663807480
8941269,8941269,movement,354,318,1709663807493
8941269,8941269,movement,347,315,1709663807510
8941269,8941269,movement,337,311,1709663807527
8941269,8941269,movement,329,307,1709663807543
8941269,8941269,movement,322,302,1709663807559
8941269,8941269,movement,316,298,1709663807576
8941269,8941269,movement,310,291,1709663807592
8941269,8941269,movement,306,289,1709663807610
8941269,8941269,movement,304,286,1709663807626
8941269,8941269,movement,303,286,1709663807644
8941269,8941269,movement,302,283,1709663807661
8941269,8941269,movement,301,282,1709663807685
8941269,8941269,movement,299,281,1709663807695
8941269,8941269,movement,298,280,1709663807708
8941269,8941269,movement,298,279,1709663807727
8941269,8941269,movement,297,279,1709663807742
8941269,8941269,movement,296,278,1709663807762
8941269,8941269,movement,296,278,1709663807778
8941269,8941269,movement,296,277,1709663807793
8941269,8941269,movement,294,276,1709663807810
8941269,8941269,movement,294,275,1709663807825
8941269,8941269,movement,294,274,1709663807856
8941269,8941269,movement,293,274,1709663807863
8941269,8941269,movement,292,274,1709663807877
8941269,8941269,movement,291,274,1709663808102
8941269,8941269,movement,288,274,1709663808137
8941269,8941269,movement,286,274,1709663808166
8941269,8941269,movement,285,274,1709663808193
8941269,8941269,movement,284,274,1709663808209
8941269,8941269,movement,282,274,1709663808226
8941269,8941269,movement,281,274,1709663808292
8941269,8941269,movement,281,273,1709663808619
8941269,8941269,movement,279,274,1709663809922
8941269,8941269,movement,274,279,1709663809943
8941269,8941269,movement,261,290,1709663809976
8941269,8941269,movement,216,316,1709663810026
8941269,8941269,movement,178,336,1709663810080
8941269,8941269,movement,170,341,1709663810092
8941269,8941269,movement,165,343,1709663810129
8941269,8941269,movement,165,344,1709663810139
8941269,8941269,movement,166,344,1709663810282
8941269,8941269,movement,166,344,1709663810293
8941269,8941269,movement,174,344,1709663810320
8941269,8941269,movement,186,344,1709663810345
8941269,8941269,movement,198,346,1709663810362
8941269,8941269,movement,205,346,1709663810373
8941269,8941269,movement,230,347,1709663810392
8941269,8941269,movement,252,348,1709663810409
8941269,8941269,movement,274,350,1709663810432
8941269,8941269,movement,302,354,1709663810452
8941269,8941269,movement,309,356,1709663810471
8941269,8941269,movement,320,361,1709663810484
8941269,8941269,movement,323,362,1709663810498
8941269,8941269,movement,330,366,1709663810510
8941269,8941269,movement,337,372,1709663810522
8941269,8941269,movement,346,378,1709663810554
8941269,8941269,movement,365,398,1709663810598
8941269,8941269,movement,376,415,1709663810621
8941269,8941269,movement,384,430,1709663810647
8941269,8941269,movement,386,434,1709663810656
8941269,8941269,movement,387,436,1709663810659
8941269,8941269,movement,390,442,1709663810676
8941269,8941269,movement,394,446,1709663810693
8941269,8941269,movement,396,450,1709663810709
8941269,8941269,movement,398,454,1709663810728
8941269,8941269,movement,399,455,1709663810740
8941269,8941269,movement,399,457,1709663810756
8941269,8941269,movement,400,457,1709663810781
8941269,8941269,movement,400,458,1709663810807
8941269,8941269,movement,399,458,1709663811550
8941269,8941269,movement,398,458,1709663811583
8941269,8941269,movement,398,458,1709663811687
8941269,8941269,movement,395,457,1709663811719
8941269,8941269,movement,366,444,1709663811762
8941269,8941269,movement,327,426,1709663811785
8941269,8941269,movement,306,419,1709663811805
8941269,8941269,movement,279,413,1709663811827
8941269,8941269,movement,243,406,1709663811847
8941269,8941269,movement,212,400,1709663811868
8941269,8941269,movement,195,398,1709663811882
8941269,8941269,movement,187,398,1709663811888
8941269,8941269,movement,173,395,1709663811905
8941269,8941269,movement,169,395,1709663811922
8941269,8941269,movement,163,395,1709663811952
8941269,8941269,movement,156,394,1709663811972
8941269,8941269,movement,154,394,1709663811976
8941269,8941269,movement,150,394,1709663811989
8941269,8941269,movement,147,394,1709663812007
8941269,8941269,movement,144,394,1709663812023
8941269,8941269,movement,138,394,1709663812038
8941269,8941269,movement,133,394,1709663812055
8941269,8941269,movement,127,394,1709663812072
8941269,8941269,movement,124,394,1709663812089
8941269,8941269,movement,122,394,1709663812105
8941269,8941269,movement,122,394,1709663812123
8941269,8941269,movement,121,394,1709663812139
8941269,8941269,movement,120,394,1709663812155
8941269,8941269,movement,119,393,1709663812175
8941269,8941269,movement,118,392,1709663812189
8941269,8941269,movement,118,391,1709663812206
8941269,8941269,movement,116,390,1709663812229
8941269,8941269,movement,116,390,1709663812246
8941269,8941269,movement,116,389,1709663812256
8941269,8941269,movement,116,388,1709663812275
8941269,8941269,movement,115,386,1709663812295
8941269,8941269,movement,115,385,1709663812305
8941269,8941269,movement,115,384,1709663812321
8941269,8941269,movement,115,382,1709663812342
8941269,8941269,movement,115,379,1709663812356
8941269,8941269,movement,116,378,1709663812373
8941269,8941269,movement,116,377,1709663812388
8941269,8941269,movement,116,376,1709663812406
8941269,8941269,movement,116,375,1709663812445
8941269,8941269,movement,116,376,1709663812536
8941269,8941269,movement,117,376,1709663812543
8941269,8941269,movement,117,378,1709663812555
8941269,8941269,movement,119,380,1709663812572
8941269,8941269,movement,122,388,1709663812593
8941269,8941269,movement,123,391,1709663812607
8941269,8941269,movement,126,395,1709663812627
8941269,8941269,movement,127,398,1709663812638
8941269,8941269,movement,127,398,1709663812655
8941269,8941269,movement,127,399,1709663812671
8941269,8941269,movement,128,399,1709663812709
8941269,8941269,mousedown,128,399,1709663812794
8941269,8941269,mouseup,128,399,1709663812880
8941269,8941269,movement,129,400,1709663812900
8941269,8941269,movement,130,400,1709663812911
8941269,8941269,movement,130,401,1709663812921
8941269,8941269,movement,135,402,1709663812945
8941269,8941269,movement,138,402,1709663812954
8941269,8941269,movement,144,402,1709663812971
8941269,8941269,movement,157,398,1709663812988
8941269,8941269,movement,178,392,1709663813004
8941269,8941269,movement,215,376,1709663813024
8941269,8941269,movement,247,361,1709663813039
8941269,8941269,movement,283,343,1709663813062
8941269,8941269,movement,339,318,1709663813093
8941269,8941269,movement,367,303,1709663813113
8941269,8941269,movement,394,285,1709663813134
8941269,8941269,movement,426,258,1709663813149
8941269,8941269,movement,438,246,1709663813160
8941269,8941269,movement,450,237,1709663813171
8941269,8941269,movement,475,219,1709663813187
8941269,8941269,movement,498,203,1709663813204
8941269,8941269,movement,524,180,1709663813225
8941269,8941269,movement,541,164,1709663813240
8941269,8941269,movement,556,146,1709663813256
8941269,8941269,movement,572,131,1709663813274
8941269,8941269,movement,590,120,1709663813289
8941269,8941269,movement,602,114,1709663813306
8941269,8941269,movement,610,113,1709663813320
8941269,8941269,movement,621,114,1709663813338
8941269,8941269,movement,658,137,1709663813356
8941269,8941269,movement,753,218,1709663813376
8941269,8941269,movement,826,298,1709663813398
8941269,8941269,movement,935,466,1709663813430
8941269,8941269,movement,958,554,1709663813454
8941269,8941269,movement,958,585,1709663813476
8941269,8941269,movement,960,614,1709663813494
8941269,8941269,movement,960,618,1709663813507
8941269,8941269,movement,961,616,1709663813533
8941269,8941269,movement,963,605,1709663813545
8941269,8941269,movement,966,566,1709663813566
8941269,8941269,movement,955,450,1709663813584
8941269,8941269,movement,950,313,1709663813610
8941269,8941269,movement,955,235,1709663813626
8941269,8941269,movement,962,211,1709663813642
8941269,8941269,movement,967,201,1709663813656
8941269,8941269,movement,980,186,1709663813671
8941269,8941269,movement,996,178,1709663813688
8941269,8941269,movement,1024,172,1709663813703
8941269,8941269,movement,1047,171,1709663813720
8941269,8941269,movement,1074,175,1709663813740
8941269,8941269,movement,1102,178,1709663813754
8941269,8941269,movement,1129,181,1709663813771
8941269,8941269,movement,1163,182,1709663813787
8941269,8941269,movement,1173,182,1709663813804
8941269,8941269,movement,1184,182,1709663813823
8941269,8941269,movement,1186,182,1709663813843
8941269,8941269,movement,1186,182,1709663813856
8941269,8941269,movement,1186,181,1709663813882
8941269,8941269,movement,1186,180,1709663813891
8941269,8941269,movement,1183,180,1709663813937
8941269,8941269,movement,1181,180,1709663813943
8941269,8941269,movement,1174,182,1709663813953
8941269,8941269,movement,1157,190,1709663813970
8941269,8941269,movement,1116,203,1709663813989
8941269,8941269,movement,1047,215,1709663814005
8941269,8941269,movement,976,226,1709663814021
8941269,8941269,movement,907,240,1709663814037
8941269,8941269,movement,888,248,1709663814053
8941269,8941269,movement,886,250,1709663814068
8941269,8941269,movement,883,253,1709663814076
8941269,8941269,movement,878,258,1709663814092
8941269,8941269,movement,876,259,1709663814105
8941269,8941269,movement,870,260,1709663814122
8941269,8941269,movement,862,260,1709663814138
8941269,8941269,movement,850,258,1709663814153
8941269,8941269,movement,843,254,1709663814161
8941269,8941269,movement,832,249,1709663814173
8941269,8941269,movement,826,246,1709663814188
8941269,8941269,movement,826,246,1709663814203
8941269,8941269,movement,825,246,1709663814245
8941269,8941269,movement,823,246,1709663814254
8941269,8941269,movement,817,242,1709663814269
8941269,8941269,movement,804,232,1709663814286
8941269,8941269,movement,786,213,1709663814302
8941269,8941269,movement,750,170,1709663814324
8941269,8941269,movement,699,99,1709663814344
8941269,8941269,movement,447,113,1709663822485
8941269,8941269,movement,462,142,1709663822497
8941269,8941269,movement,486,194,1709663822519
8941269,8941269,movement,512,251,1709663822538
8941269,8941269,movement,520,270,1709663822544
8941269,8941269,movement,538,312,1709663822567
8941269,8941269,movement,550,336,1709663822590
8941269,8941269,movement,557,350,1709663822613
8941269,8941269,movement,558,354,1709663822618
8941269,8941269,movement,559,358,1709663822628
8941269,8941269,movement,559,362,1709663822645
8941269,8941269,movement,561,366,1709663822664
8941269,8941269,movement,561,367,1709663822678
8941269,8941269,movement,562,371,1709663822696
8941269,8941269,movement,563,378,1709663822721
8941269,8941269,movement,565,388,1709663822739
8941269,8941269,movement,566,393,1709663822745
8941269,8941269,movement,568,397,1709663822762
8941269,8941269,movement,569,400,1709663822779
8941269,8941269,movement,569,404,1709663822799
8941269,8941269,movement,570,407,1709663822812
8941269,8941269,movement,570,409,1709663822830
8941269,8941269,movement,570,410,1709663822845
8941269,8941269,movement,570,411,1709663822870
8941269,8941269,movement,570,412,1709663822910
8941269,8941269,movement,570,413,1709663822940
8941269,8941269,movement,568,414,1709663823019
8941269,8941269,movement,560,414,1709663823036
8941269,8941269,movement,555,415,1709663823046
8941269,8941269,movement,545,416,1709663823071
8941269,8941269,movement,517,419,1709663823092
8941269,8941269,movement,507,419,1709663823104
8941269,8941269,movement,484,421,1709663823119
8941269,8941269,movement,478,421,1709663823128
8941269,8941269,movement,464,422,1709663823151
8941269,8941269,movement,440,422,1709663823165
8941269,8941269,movement,430,422,1709663823179
8941269,8941269,movement,413,421,1709663823199
8941269,8941269,movement,384,417,1709663823212
8941269,8941269,movement,365,411,1709663823234
8941269,8941269,movement,342,405,1709663823256
8941269,8941269,movement,326,402,1709663823274
8941269,8941269,movement,322,400,1709663823292
8941269,8941269,movement,306,395,1709663823308
8941269,8941269,movement,302,394,1709663823321
8941269,8941269,movement,291,388,1709663823350
8941269,8941269,movement,259,369,1709663823417
8941269,8941269,movement,247,358,1709663823424
8941269,8941269,movement,210,329,1709663823456
8941269,8941269,movement,195,315,1709663823468
8941269,8941269,movement,182,302,1709663823480
8941269,8941269,movement,177,295,1709663823498
8941269,8941269,movement,171,287,1709663823514
8941269,8941269,movement,166,279,1709663823530
8941269,8941269,movement,162,271,1709663823545
8941269,8941269,movement,158,262,1709663823563
8941269,8941269,movement,149,244,1709663823581
8941269,8941269,movement,142,227,1709663823598
8941269,8941269,movement,136,208,1709663823614
8941269,8941269,movement,130,189,1709663823631
8941269,8941269,movement,128,182,1709663823646
8941269,8941269,movement,125,167,1709663823663
8941269,8941269,movement,122,158,1709663823677
8941269,8941269,movement,120,150,1709663823698
8941269,8941269,movement,117,143,1709663823714
8941269,8941269,movement,115,138,1709663823730
8941269,8941269,movement,114,134,1709663823748
8941269,8941269,movement,114,132,1709663823762
8941269,8941269,movement,114,130,1709663823779
8941269,8941269,movement,114,127,1709663823794
8941269,8941269,movement,114,126,1709663823811
8941269,8941269,movement,114,124,1709663823827
8941269,8941269,movement,114,122,1709663823844
8941269,8941269,movement,114,122,1709663823861
8941269,8941269,movement,114,121,1709663823878
8941269,8941269,mousedown,114,121,1709663823953
8941269,8941269,mouseup,114,121,1709663824036
8941269,8941269,movement,114,121,1709663824209
8941269,8941269,movement,115,121,1709663824227
8941269,8941269,movement,116,122,1709663824243
8941269,8941269,movement,118,122,1709663824260
8941269,8941269,movement,119,125,1709663824277
8941269,8941269,movement,123,129,1709663824293
8941269,8941269,movement,126,133,1709663824310
8941269,8941269,movement,129,138,1709663824330
8941269,8941269,movement,132,146,1709663824346
8941269,8941269,movement,140,169,1709663824377
8941269,8941269,movement,143,182,1709663824386
8941269,8941269,movement,147,210,1709663824415
8941269,8941269,movement,147,230,1709663824431
8941269,8941269,movement,147,252,1709663824446
8941269,8941269,movement,144,275,1709663824464
8941269,8941269,movement,138,305,1709663824480
8941269,8941269,movement,133,326,1709663824496
8941269,8941269,movement,130,342,1709663824512
8941269,8941269,movement,126,358,1709663824528
8941269,8941269,movement,121,374,1709663824545
8941269,8941269,movement,114,387,1709663824563
8941269,8941269,movement,110,398,1709663824580
8941269,8941269,movement,106,412,1709663824596
8941269,8941269,movement,104,414,1709663824612
8941269,8941269,movement,102,421,1709663824629
8941269,8941269,movement,101,424,1709663824644
8941269,8941269,movement,101,428,1709663824665
8941269,8941269,movement,101,432,1709663824677
8941269,8941269,movement,101,439,1709663824693
8941269,8941269,movement,100,445,1709663824710
8941269,8941269,movement,100,454,1709663824729
8941269,8941269,movement,100,465,1709663824747
8941269,8941269,movement,100,471,1709663824761
8941269,8941269,movement,100,480,1709663824780
8941269,8941269,movement,99,488,1709663824798
8941269,8941269,movement,98,494,1709663824814
8941269,8941269,movement,98,506,1709663824828
8941269,8941269,movement,98,517,1709663824857
8941269,8941269,movement,98,519,1709663824866
8941269,8941269,movement,98,526,1709663824879
8941269,8941269,movement,98,530,1709663824894
8941269,8941269,movement,98,534,1709663824911
8941269,8941269,movement,98,538,1709663824927
8941269,8941269,movement,98,540,1709663824944
8941269,8941269,movement,99,543,1709663824966
8941269,8941269,movement,99,545,1709663824976
8941269,8941269,movement,100,546,1709663824993
8941269,8941269,movement,101,548,1709663825010
8941269,8941269,movement,102,549,1709663825028
8941269,8941269,movement,102,550,1709663825095
8941269,8941269,movement,102,550,1709663825111
8941269,8941269,movement,103,551,1709663825127
8941269,8941269,movement,103,552,1709663825144
8941269,8941269,movement,103,553,1709663825160
8941269,8941269,movement,104,554,1709663825176
8941269,8941269,movement,105,556,1709663825194
8941269,8941269,movement,106,558,1709663825210
8941269,8941269,movement,106,561,1709663825226
8941269,8941269,movement,107,564,1709663825242
8941269,8941269,movement,109,568,1709663825261
8941269,8941269,movement,110,571,1709663825278
8941269,8941269,movement,110,574,1709663825295
8941269,8941269,movement,110,576,1709663825311
8941269,8941269,movement,111,577,1709663825327
8941269,8941269,movement,111,578,1709663825520
8941269,8941269,movement,112,578,1709663825527
8941269,8941269,movement,112,579,1709663825543
8941269,8941269,movement,112,581,1709663825562
8941269,8941269,movement,113,582,1709663825579
8941269,8941269,movement,113,582,1709663825596
8941269,8941269,movement,113,583,1709663825610
8941269,8941269,movement,113,584,1709663825625
8941269,8941269,movement,113,586,1709663825645
8941269,8941269,movement,113,589,1709663825661
8941269,8941269,movement,113,591,1709663825675
8941269,8941269,movement,113,594,1709663825692
8941269,8941269,movement,113,597,1709663825710
8941269,8941269,movement,113,598,1709663825725
8941269,8941269,movement,113,601,1709663825744
8941269,8941269,movement,113,603,1709663825760
8941269,8941269,movement,112,606,1709663825777
8941269,8941269,movement,111,606,1709663825793
8941269,8941269,movement,111,607,1709663825811
8941269,8941269,movement,111,606,1709663825941
8941269,8941269,movement,111,606,1709663825947
8941269,8941269,movement,111,605,1709663825959
8941269,8941269,movement,110,603,1709663825978
8941269,8941269,movement,110,600,1709663825994
8941269,8941269,movement,109,598,1709663826009
8941269,8941269,movement,108,594,1709663826025
8941269,8941269,movement,107,590,1709663826044
8941269,8941269,movement,106,586,1709663826060
8941269,8941269,movement,106,584,1709663826076
8941269,8941269,movement,105,582,1709663826094
8941269,8941269,movement,104,581,1709663826108
8941269,8941269,movement,104,578,1709663826130
8941269,8941269,movement,103,575,1709663826142
8941269,8941269,movement,103,574,1709663826162
8941269,8941269,movement,103,574,1709663826176
8941269,8941269,movement,103,573,1709663826228
8941269,8941269,movement,103,571,1709663826244
8941269,8941269,movement,103,570,1709663826259
8941269,8941269,movement,104,569,1709663826275
8941269,8941269,movement,105,567,1709663826291
8941269,8941269,movement,106,566,1709663826309
8941269,8941269,movement,106,566,1709663826331
8941269,8941269,movement,106,565,1709663826353
8941269,8941269,movement,106,565,1709663826383
8941269,8941269,mousedown,106,565,1709663826682
8941269,8941269,mouseup,106,565,1709663826788
8941269,8941269,movement,110,565,1709663827050
8941269,8941269,movement,128,566,1709663827126
8941269,8941269,movement,178,572,1709663827208
8941269,8941269,movement,182,572,1709663827223
8941269,8941269,movement,194,572,1709663827241
8941269,8941269,movement,202,572,1709663827259
8941269,8941269,movement,213,570,1709663827277
8941269,8941269,movement,224,570,1709663827291
8941269,8941269,movement,235,570,1709663827311
8941269,8941269,movement,247,569,1709663827325
8941269,8941269,movement,253,569,1709663827332
8941269,8941269,movement,258,569,1709663827346
8941269,8941269,movement,274,568,1709663827364
8941269,8941269,movement,286,566,1709663827375
8941269,8941269,movement,297,563,1709663827397
8941269,8941269,movement,311,560,1709663827413
8941269,8941269,movement,324,555,1709663827432
8941269,8941269,movement,337,551,1709663827441
8941269,8941269,movement,348,547,1709663827471
8941269,8941269,movement,375,538,1709663827491
8941269,8941269,movement,390,531,1709663827502
8941269,8941269,movement,397,528,1709663827510
8941269,8941269,movement,411,522,1709663827525
8941269,8941269,movement,426,516,1709663827545
8941269,8941269,movement,439,510,1709663827558
8941269,8941269,movement,453,504,1709663827581
8941269,8941269,movement,474,494,1709663827600
8941269,8941269,movement,490,487,1709663827609
8941269,8941269,movement,504,480,1709663827635
8941269,8941269,movement,516,474,1709663827644
8941269,8941269,movement,526,469,1709663827662
8941269,8941269,movement,533,466,1709663827683
8941269,8941269,movement,537,463,1709663827704
8941269,8941269,movement,539,462,1709663827710
8941269,8941269,movement,545,458,1709663827725
8941269,8941269,movement,551,454,1709663827740
8941269,8941269,movement,559,451,1709663827760
8941269,8941269,movement,565,448,1709663827778
8941269,8941269,movement,570,446,1709663827790
8941269,8941269,movement,574,443,1709663827807
8941269,8941269,movement,577,442,1709663827823
8941269,8941269,movement,579,440,1709663827850
8941269,8941269,movement,580,440,1709663827859
8941269,8941269,movement,582,439,1709663827878
8941269,8941269,movement,582,438,1709663827894
8941269,8941269,movement,582,438,1709663827908
8941269,8941269,movement,582,438,1709663828143
8941269,8941269,movement,582,437,1709663828158
8941269,8941269,movement,582,436,1709663828266
8941269,8941269,movement,582,435,1709663828319
8941269,8941269,movement,582,435,1709663828366
8941269,8941269,movement,581,435,1709663828411
8941269,8941269,movement,580,435,1709663828429
8941269,8941269,movement,578,435,1709663828462
8941269,8941269,movement,578,435,1709663828476
8941269,8941269,movement,577,435,1709663828492
8941269,8941269,movement,577,434,1709663828498
8941269,8941269,movement,576,434,1709663828507
8941269,8941269,movement,574,433,1709663828527
8941269,8941269,movement,565,428,1709663828549
8941269,8941269,movement,553,423,1709663828568
8941269,8941269,movement,545,420,1709663828576
8941269,8941269,movement,526,414,1709663828593
8941269,8941269,movement,507,405,1709663828607
8941269,8941269,movement,485,395,1709663828626
8941269,8941269,movement,456,382,1709663828646
8941269,8941269,movement,402,355,1709663828656
8941269,8941269,movement,366,336,1709663828682
8941269,8941269,movement,334,317,1709663828696
8941269,8941269,movement,302,298,1709663828712
8941269,8941269,movement,270,278,1709663828723
8941269,8941269,movement,260,274,1709663828740
8941269,8941269,movement,251,270,1709663828743
8941269,8941269,movement,243,266,1709663828756
8941269,8941269,movement,229,258,1709663828775
8941269,8941269,movement,211,250,1709663828793
8941269,8941269,movement,202,247,1709663828809
8941269,8941269,movement,194,243,1709663828824
8941269,8941269,movement,186,241,1709663828841
8941269,8941269,movement,178,238,1709663828857
8941269,8941269,movement,171,236,1709663828873
8941269,8941269,movement,159,233,1709663828891
8941269,8941269,movement,154,231,1709663828906
8941269,8941269,movement,149,230,1709663828924
8941269,8941269,movement,143,227,1709663828944
8941269,8941269,movement,134,224,1709663828957
8941269,8941269,movement,129,222,1709663828974
8941269,8941269,movement,125,222,1709663828990
8941269,8941269,movement,123,222,1709663829006
8941269,8941269,movement,122,222,1709663829023
8941269,8941269,movement,121,222,1709663829040
8941269,8941269,movement,120,222,1709663829099
8941269,8941269,movement,119,222,1709663829105
8941269,8941269,movement,118,225,1709663829122
8941269,8941269,movement,117,226,1709663829140
8941269,8941269,movement,116,228,1709663829156
8941269,8941269,movement,115,230,1709663829175
8941269,8941269,movement,115,231,1709663829192
8941269,8941269,movement,114,233,1709663829205
8941269,8941269,movement,114,235,1709663829224
8941269,8941269,movement,114,237,1709663829240
8941269,8941269,movement,114,238,1709663829256
8941269,8941269,movement,114,239,1709663829273
8941269,8941269,mousedown,114,239,1709663829647
8941269,8941269,mouseup,114,239,1709663829744
8941269,8941269,movement,114,240,1709663829798
8941269,8941269,movement,183,252,1709663829888
8941269,8941269,movement,232,258,1709663829905
8941269,8941269,movement,260,259,1709663829915
8941269,8941269,movement,350,266,1709663829932
8941269,8941269,movement,377,267,1709663829949
8941269,8941269,movement,438,267,1709663829965
8941269,8941269,movement,458,266,1709663829971
8941269,8941269,movement,504,260,1709663829992
8941269,8941269,movement,559,258,1709663830005
8941269,8941269,movement,610,254,1709663830023
8941269,8941269,movement,698,252,1709663830044
8941269,8941269,movement,754,248,1709663830060
8941269,8941269,movement,813,243,1709663830071
8941269,8941269,movement,872,237,1709663830092
8941269,8941269,movement,928,232,1709663830106
8941269,8941269,movement,970,226,1709663830121
8941269,8941269,movement,990,221,1709663830141
8941269,8941269,movement,993,219,1709663830156
8941269,8941269,movement,987,219,1709663830172
8941269,8941269,movement,964,225,1709663830192
8941269,8941269,movement,942,230,1709663830209
8941269,8941269,movement,939,230,1709663830505
8941269,8941269,movement,952,219,1709663830528
8941269,8941269,movement,968,211,1709663830544
8941269,8941269,movement,1007,190,1709663830566
8941269,8941269,movement,1046,174,1709663830579
8941269,8941269,movement,1068,165,1709663830587
8941269,8941269,movement,1123,146,1709663830606
8941269,8941269,movement,1167,132,1709663830622
8941269,8941269,movement,1224,118,1709663830638
8941269,8941269,movement,1255,114,1709663830654
8941269,8941269,movement,1285,110,1709663830671
8941269,8941269,movement,1310,107,1709663830689
8941269,8941269,movement,1338,103,1709663830706
8941269,8941269,movement,1365,100,1709663830725
8941269,8941269,movement,1400,94,1709663830741
8941269,8941269,movement,1422,88,1709663830757
8941269,8941269,movement,1431,85,1709663830769
8941269,8941269,movement,1363,158,1709663832396
8941269,8941269,movement,1362,159,1709663832403
8941269,8941269,movement,1360,164,1709663832423
8941269,8941269,movement,1358,171,1709663832442
8941269,8941269,movement,1354,182,1709663832454
8941269,8941269,movement,1354,192,1709663832477
8941269,8941269,movement,1354,202,1709663832499
8941269,8941269,movement,1366,212,1709663832521
8941269,8941269,movement,1376,214,1709663832546
8941269,8941269,movement,1400,210,1709663832574
8941269,8941269,movement,1415,200,1709663832596
8941269,8941269,movement,1417,197,1709663832604
8941269,8941269,movement,1420,189,1709663832630
8941269,8941269,movement,1405,154,1709663832653
8941269,8941269,movement,1394,143,1709663832671
8941269,8941269,movement,1379,137,1709663832689
8941269,8941269,movement,1366,135,1709663832706
8941269,8941269,movement,1352,135,1709663832724
8941269,8941269,movement,1338,138,1709663832738
8941269,8941269,movement,1321,153,1709663832754
8941269,8941269,movement,1318,156,1709663832774
8941269,8941269,movement,1314,170,1709663832789
8941269,8941269,movement,1315,177,1709663832806
8941269,8941269,movement,1326,184,1709663832825
8941269,8941269,movement,1342,186,1709663832839
8941269,8941269,movement,1351,186,1709663832854
8941269,8941269,movement,1378,183,1709663832874
8941269,8941269,movement,1393,177,1709663832890
8941269,8941269,movement,1401,171,1709663832903
8941269,8941269,movement,1402,166,1709663832923
8941269,8941269,movement,1402,159,1709663832939
8941269,8941269,movement,1394,146,1709663832958
8941269,8941269,movement,1391,144,1709663832973
8941269,8941269,movement,1390,143,1709663832989
8941269,8941269,movement,1389,143,1709663833005
8941269,8941269,movement,1389,142,1709663833066
8941269,8941269,movement,1390,141,1709663833072
8941269,8941269,movement,1393,138,1709663833087
8941269,8941269,movement,1402,132,1709663833103
8941269,8941269,movement,1410,125,1709663833119
Tab ID,ClientID,Type,Mouse X,Mouse Y,TimeStamp
8941269,8941269,movement,1350,120,1709733579348
8941269,8941269,movement,1282,148,1709733579363
8941269,8941269,movement,1192,183,1709733579381
8941269,8941269,movement,1086,230,1709733579397
8941269,8941269,movement,991,277,1709733579432
8941269,8941269,movement,874,409,1709733579492
8941269,8941269,movement,958,376,1709733579537
8941269,8941269,movement,980,348,1709733579579
8941269,8941269,movement,972,333,1709733579640
8941269,8941269,movement,959,337,1709733579668
8941269,8941269,movement,954,338,1709733579675
8941269,8941269,movement,946,342,1709733579692
8941269,8941269,movement,941,342,1709733579709
8941269,8941269,movement,938,342,1709733579725
8941269,8941269,movement,935,342,1709733579741
8941269,8941269,movement,933,341,1709733579760
8941269,8941269,movement,931,339,1709733579777
8941269,8941269,movement,928,335,1709733579794
8941269,8941269,movement,923,327,1709733579817
8941269,8941269,movement,917,316,1709733579849
8941269,8941269,movement,914,310,1709733579858
8941269,8941269,movement,913,307,1709733579860
8941269,8941269,movement,911,301,1709733579878
8941269,8941269,movement,910,297,1709733579892
8941269,8941269,movement,910,294,1709733579910
8941269,8941269,movement,910,292,1709733579933
8941269,8941269,movement,910,290,1709733579946
8941269,8941269,movement,910,289,1709733579959
8941269,8941269,movement,910,288,1709733579976
8941269,8941269,movement,910,287,1709733579992
8941269,8941269,movement,909,287,1709733580019
8941269,8941269,movement,909,286,1709733580026
8941269,8941269,movement,909,286,1709733580043
8941269,8941269,mousedown,909,286,1709733580098
8941269,8941269,mouseup,909,286,1709733580339
8941269,8941269,movement,908,286,1709733580369
8941269,8941269,movement,474,229,1709733580409
8941269,8941269,movement,166,198,1709733580674
8941269,8941269,movement,232,134,1709733580783
8941269,8941269,movement,256,132,1709733580874
8941269,8941269,singleclick,256,132,1709733580368
8941269,8941269,movement,266,133,1709733580988
8941269,8941269,movement,269,135,1709733581073
8941269,8941269,movement,270,136,1709733581139
8941269,8941269,movement,271,138,1709733581174
8941269,8941269,movement,274,142,1709733581195
8941269,8941269,movement,274,148,1709733581208
8941269,8941269,movement,275,154,1709733581241
8941269,8941269,movement,277,161,1709733581246
8941269,8941269,movement,277,164,1709733581258
8941269,8941269,movement,278,166,1709733581274
8941269,8941269,movement,278,167,1709733581292
8941269,8941269,movement,278,168,1709733581311
8941269,8941269,movement,278,170,1709733581326
8941269,8941269,movement,278,170,1709733581346
8941269,8941269,movement,278,172,1709733581360
8941269,8941269,mousedown,278,172,1709733581409
8941269,8941269,mouseup,278,172,1709733581480
8941269,8941269,movement,303,182,1709733581563
8941269,8941269,movement,454,236,1709733581655
8941269,8941269,movement,574,294,1709733581723
8941269,8941269,movement,588,306,1709733581812
8941269,8941269,movement,594,313,1709733581899
8941269,8941269,singleclick,594,313,1709733581484
8941269,8941269,movement,594,314,1709733581920
8941269,8941269,movement,594,314,1709733581931
8941269,8941269,mousedown,594,314,1709733582044
8941269,8941269,mouseup,594,314,1709733582129
8941269,8941269,movement,568,295,1709733582213
8941269,8941269,movement,342,203,1709733582340
8941269,8941269,movement,286,180,1709733582347
8941269,8941269,movement,226,144,1709733582460
8941269,8941269,movement,228,142,1709733582587
8941269,8941269,singleclick,228,142,1709733582143
8941269,8941269,movement,248,150,1709733582685
8941269,8941269,movement,254,155,1709733582703
8941269,8941269,movement,256,158,1709733582724
8941269,8941269,movement,258,161,1709733582741
8941269,8941269,movement,261,163,1709733582757
8941269,8941269,movement,264,167,1709733582775
8941269,8941269,movement,266,170,1709733582790
8941269,8941269,movement,266,170,1709733582808
8941269,8941269,movement,267,172,1709733582828
8941269,8941269,movement,269,172,1709733582846
8941269,8941269,movement,270,173,1709733582860
8941269,8941269,movement,271,174,1709733582877
8941269,8941269,movement,271,174,1709733582893
8941269,8941269,movement,273,174,1709733582909
8941269,8941269,mousedown,273,174,1709733582949
8941269,8941269,mouseup,273,174,1709733583033
8941269,8941269,movement,278,174,1709733583095
8941269,8941269,movement,370,188,1709733583160
8941269,8941269,movement,750,190,1709733583215
8941269,8941269,movement,1175,189,1709733583274
8941269,8941269,movement,1235,190,1709733583330
8941269,8941269,movement,1246,190,1709733583374
8941269,8941269,movement,1248,190,1709733583388
8941269,8941269,movement,1249,190,1709733583405
8941269,8941269,movement,1249,190,1709733583423
8941269,8941269,movement,1250,190,1709733583439
8941269,8941269,singleclick,1250,190,1709733583034
8941269,8941269,movement,1253,190,1709733583456
8941269,8941269,movement,1258,188,1709733583472
8941269,8941269,movement,1271,185,1709733583488
8941269,8941269,movement,1277,184,1709733583505
8941269,8941269,movement,1294,178,1709733583528
8941269,8941269,movement,1348,170,1709733583565
8941269,8941269,movement,1391,169,1709733583592
8941269,8941269,movement,1418,169,1709733583611
8941269,8941269,movement,1421,169,1709733583629
8941269,8941269,movement,1424,169,1709733583723
8941269,8941269,mousedown,1424,169,1709733583887
8941269,8941269,mouseup,1424,169,1709733583990
8941269,8941269,movement,1424,170,1709733584144
8941269,8941269,movement,1423,173,1709733584157
8941269,8941269,movement,1412,182,1709733584172
8941269,8941269,movement,1398,192,1709733584197
8941269,8941269,movement,1390,197,1709733584201
8941269,8941269,movement,1342,224,1709733584221
8941269,8941269,movement,1307,240,1709733584238
8941269,8941269,movement,1249,264,1709733584268
8941269,8941269,movement,1131,323,1709733584358
8941269,8941269,movement,930,398,1709733584948
8941269,8941269,singleclick,930,398,1709733583992
8941269,8941269,movement,930,398,1709733585126
8941269,8941269,movement,929,399,1709733585206
8941269,8941269,movement,928,399,1709733585228
8941269,8941269,movement,927,399,1709733585244
8941269,8941269,movement,924,400,1709733585253
8941269,8941269,movement,921,401,1709733585269
8941269,8941269,movement,915,401,1709733585286
8941269,8941269,movement,908,401,1709733585303
8941269,8941269,movement,901,402,1709733585324
8941269,8941269,movement,894,402,1709733585338
8941269,8941269,movement,888,402,1709733585353
8941269,8941269,movement,883,402,1709733585370
8941269,8941269,movement,882,402,1709733585387
8941269,8941269,movement,882,402,1709733585403
8941269,8941269,movement,881,402,1709733585480
8941269,8941269,movement,880,402,1709733585495
8941269,8941269,movement,880,403,1709733585506
8941269,8941269,movement,879,403,1709733585520
8941269,8941269,movement,879,404,1709733585551
8941269,8941269,movement,878,404,1709733585591
8941269,8941269,movement,878,405,1709733585615
8941269,8941269,movement,878,405,1709733585872
8941269,8941269,movement,877,405,1709733585920
8941269,8941269,movement,874,405,1709733585936
8941269,8941269,movement,866,403,1709733585953
8941269,8941269,movement,855,401,1709733585972
8941269,8941269,movement,850,398,1709733585986
8941269,8941269,movement,848,395,1709733586002
8941269,8941269,movement,842,390,1709733586018
8941269,8941269,movement,840,385,1709733586040
8941269,8941269,movement,838,382,1709733586056
8941269,8941269,movement,837,378,1709733586070
8941269,8941269,movement,835,374,1709733586086
8941269,8941269,movement,834,373,1709733586102
8941269,8941269,movement,834,372,1709733586125
8941269,8941269,movement,832,367,1709733586169
8941269,8941269,movement,832,366,1709733586189
8941269,8941269,movement,831,361,1709733586214
8941269,8941269,movement,831,358,1709733586239
8941269,8941269,movement,831,356,1709733586264
8941269,8941269,movement,831,354,1709733586289
8941269,8941269,movement,831,354,1709733586312
8941269,8941269,mousedown,831,354,1709733586340
8941269,8941269,mouseup,831,354,1709733586436
8941269,8941269,movement,829,354,1709733586536
8941269,8941269,movement,789,350,1709733586569
8941269,8941269,movement,742,342,1709733586594
8941269,8941269,movement,681,330,1709733586623
8941269,8941269,movement,592,306,1709733586656
8941269,8941269,movement,532,290,1709733586674
8941269,8941269,movement,403,235,1709733586843
8941269,8941269,movement,375,210,1709733586964
8941269,8941269,singleclick,375,210,1709733586445
8941269,8941269,movement,362,201,1709733587040
8941269,8941269,movement,334,190,1709733587127
8941269,8941269,movement,302,182,1709733587157
8941269,8941269,movement,299,182,1709733587171
8941269,8941269,movement,296,181,1709733587201
8941269,8941269,movement,293,181,1709733587258
8941269,8941269,movement,291,181,1709733587271
8941269,8941269,movement,290,181,1709733587288
8941269,8941269,movement,290,181,1709733587319
8941269,8941269,movement,290,180,1709733587370
8941269,8941269,mousedown,290,180,1709733587387
8941269,8941269,movement,290,180,1709733587497
8941269,8941269,mouseup,290,180,1709733587504
8941269,8941269,movement,292,180,1709733587507
8941269,8941269,movement,306,189,1709733587574
8941269,8941269,movement,694,416,1709733587704
8941269,8941269,movement,781,481,1709733587760
8941269,8941269,movement,790,498,1709733587793
8941269,8941269,movement,791,500,1709733587809
8941269,8941269,movement,791,502,1709733587817
8941269,8941269,movement,792,503,1709733587837
8941269,8941269,movement,792,505,1709733587853
8941269,8941269,movement,792,506,1709733587868
8941269,8941269,movement,792,506,1709733587885
8941269,8941269,movement,792,508,1709733587900
8941269,8941269,movement,792,509,1709733587918
8941269,8941269,singleclick,792,509,1709733587506
8941269,8941269,movement,792,510,1709733587939
8941269,8941269,movement,792,510,1709733587951
8941269,8941269,movement,791,510,1709733587969
8941269,8941269,movement,791,512,1709733587985
8941269,8941269,movement,791,513,1709733588037
8941269,8941269,movement,790,510,1709733588233
8941269,8941269,movement,789,504,1709733588263
8941269,8941269,movement,787,497,1709733588293
8941269,8941269,movement,786,494,1709733588300
8941269,8941269,movement,786,489,1709733588322
8941269,8941269,movement,782,478,1709733588343
8941269,8941269,movement,782,474,1709733588355
8941269,8941269,movement,781,470,1709733588367
8941269,8941269,movement,781,461,1709733588397
8941269,8941269,movement,779,454,1709733588412
8941269,8941269,movement,779,450,1709733588428
8941269,8941269,movement,778,439,1709733588445
8941269,8941269,movement,778,436,1709733588450
8941269,8941269,movement,777,431,1709733588466
8941269,8941269,movement,777,426,1709733588484
8941269,8941269,movement,777,422,1709733588504
8941269,8941269,movement,777,419,1709733588517
8941269,8941269,movement,777,414,1709733588534
8941269,8941269,movement,777,411,1709733588563
8941269,8941269,movement,779,399,1709733588606
8941269,8941269,movement,781,388,1709733588642
8941269,8941269,movement,782,385,1709733588649
8941269,8941269,movement,782,378,1709733588669
8941269,8941269,movement,783,372,1709733588688
8941269,8941269,movement,783,369,1709733588701
8941269,8941269,movement,783,366,1709733588716
8941269,8941269,movement,784,364,1709733588733
8941269,8941269,movement,785,363,1709733588751
8941269,8941269,movement,785,362,1709733588772
8941269,8941269,movement,786,360,1709733588787
8941269,8941269,movement,786,358,1709733588811
8941269,8941269,movement,788,353,1709733588858
8941269,8941269,movement,790,348,1709733588911
8941269,8941269,mousedown,790,348,1709733588973
8941269,8941269,mouseup,790,348,1709733589061
8941269,8941269,movement,739,330,1709733589190
8941269,8941269,movement,659,300,1709733589218
8941269,8941269,movement,582,265,1709733589252
8941269,8941269,movement,440,204,1709733589303
8941269,8941269,movement,420,198,1709733589320
8941269,8941269,movement,410,194,1709733589335
8941269,8941269,movement,403,191,1709733589415
8941269,8941269,singleclick,403,191,1709733589068
8941269,8941269,movement,382,187,1709733589500
8941269,8941269,movement,346,183,1709733589560
8941269,8941269,movement,341,182,1709733589566
8941269,8941269,movement,322,181,1709733589584
8941269,8941269,movement,310,180,1709733589602
8941269,8941269,movement,301,180,1709733589620
8941269,8941269,movement,296,180,1709733589636
8941269,8941269,movement,294,179,1709733589650
8941269,8941269,movement,293,179,1709733589667
8941269,8941269,mousedown,293,179,1709733589795
8941269,8941269,movement,292,179,1709733589820
8941269,8941269,movement,292,178,1709733589850
8941269,8941269,mouseup,292,178,1709733589883
8941269,8941269,movement,292,178,1709733589982
8941269,8941269,movement,403,178,1709733590104
8941269,8941269,movement,942,173,1709733590207
8941269,8941269,movement,1179,175,1709733590267
8941269,8941269,movement,1210,175,1709733590281
8941269,8941269,movement,1233,175,1709733590300
8941269,8941269,singleclick,1233,175,1709733589886
8941269,8941269,movement,1255,175,1709733590316
8941269,8941269,movement,1274,175,1709733590337
8941269,8941269,movement,1316,175,1709733590372
8941269,8941269,movement,1331,175,1709733590428
8941269,8941269,movement,1346,175,1709733590470
8941269,8941269,movement,1357,175,1709733590490
8941269,8941269,movement,1363,175,1709733590506
8941269,8941269,movement,1367,175,1709733590520
8941269,8941269,movement,1368,175,1709733590533
8941269,8941269,movement,1370,175,1709733590551
8941269,8941269,movement,1374,175,1709733590567
8941269,8941269,movement,1385,175,1709733590609
8941269,8941269,movement,1406,175,1709733590636
8941269,8941269,movement,1409,174,1709733590657
8941269,8941269,movement,1411,174,1709733590669
8941269,8941269,movement,1412,174,1709733590750
8941269,8941269,movement,1413,174,1709733590785
8941269,8941269,movement,1414,174,1709733590832
8941269,8941269,mousedown,1414,174,1709733590927
8941269,8941269,mouseup,1414,174,1709733591022
8941269,8941269,movement,1414,175,1709733591219
8941269,8941269,movement,1412,176,1709733591231
8941269,8941269,movement,1403,180,1709733591253
8941269,8941269,movement,1390,185,1709733591710
8941269,8941269,movement,765,329,1709733591717
8941269,8941269,singleclick,765,329,1709733591023
8941269,8941269,movement,714,344,1709733591894
8941269,8941269,movement,699,345,1709733591973
8941269,8941269,movement,697,345,1709733591985
8941269,8941269,movement,692,345,1709733591996
8941269,8941269,movement,687,345,1709733592014
8941269,8941269,movement,683,345,1709733592030
8941269,8941269,movement,680,345,1709733592048
8941269,8941269,movement,675,345,1709733592065
8941269,8941269,movement,672,345,1709733592081
8941269,8941269,movement,670,345,1709733592097
8941269,8941269,movement,669,345,1709733592114
8941269,8941269,movement,668,345,1709733592137
8941269,8941269,movement,667,344,1709733592165
8941269,8941269,movement,666,343,1709733592184
8941269,8941269,movement,666,343,1709733592203
8941269,8941269,movement,665,342,1709733592225
8941269,8941269,movement,664,341,1709733592229
8941269,8941269,movement,662,340,1709733592247
8941269,8941269,movement,662,339,1709733592265
8941269,8941269,movement,662,338,1709733592280
8941269,8941269,movement,661,338,1709733592299
8941269,8941269,movement,661,337,1709733592441
8941269,8941269,mousedown,661,337,1709733592516
8941269,8941269,movement,662,337,1709733592604
8941269,8941269,mouseup,662,337,1709733592611
8941269,8941269,movement,662,337,1709733592646
8941269,8941269,movement,663,337,1709733592664
8941269,8941269,movement,665,338,1709733593010
8941269,8941269,movement,666,339,1709733593035
8941269,8941269,singleclick,666,339,1709733592621
8941269,8941269,movement,664,339,1709733593113
8941269,8941269,movement,647,326,1709733593203
8941269,8941269,movement,522,263,1709733593295
8941269,8941269,movement,493,254,1709733593305
8941269,8941269,movement,479,249,1709733593315
8941269,8941269,movement,456,242,1709733593330
8941269,8941269,movement,435,234,1709733593346
8941269,8941269,movement,418,230,1709733593364
8941269,8941269,movement,403,224,1709733593379
8941269,8941269,movement,390,220,1709733593396
8941269,8941269,movement,380,217,1709733593412
8941269,8941269,movement,370,210,1709733593433
8941269,8941269,movement,367,209,1709733593446
8941269,8941269,movement,363,205,1709733593463
8941269,8941269,movement,361,202,1709733593480
8941269,8941269,movement,359,202,1709733593496
8941269,8941269,movement,358,202,1709733593512
8941269,8941269,movement,358,201,1709733593535
8941269,8941269,movement,354,201,1709733593554
8941269,8941269,movement,350,200,1709733593580
8941269,8941269,movement,346,198,1709733593612
8941269,8941269,movement,342,197,1709733593628
8941269,8941269,movement,338,196,1709733593646
8941269,8941269,movement,332,194,1709733593662
8941269,8941269,movement,323,193,1709733593678
8941269,8941269,movement,311,189,1709733593696
8941269,8941269,movement,296,186,1709733593723
8941269,8941269,movement,293,184,1709733593728
8941269,8941269,movement,289,182,1709733593746
8941269,8941269,movement,288,181,1709733593762
8941269,8941269,movement,286,178,1709733593780
8941269,8941269,movement,286,177,1709733593808
8941269,8941269,movement,285,177,1709733593878
8941269,8941269,mousedown,285,177,1709733593963
8941269,8941269,mouseup,285,177,1709733594047
8941269,8941269,movement,291,178,1709733594118
8941269,8941269,movement,393,188,1709733594247
8941269,8941269,movement,418,193,1709733594283
8941269,8941269,movement,498,218,1709733594338
8941269,8941269,movement,506,223,1709733594353
8941269,8941269,movement,510,225,1709733594363
8941269,8941269,movement,516,229,1709733594378
8941269,8941269,movement,520,233,1709733594396
8941269,8941269,movement,523,236,1709733594412
8941269,8941269,movement,525,238,1709733594429
8941269,8941269,movement,526,238,1709733594445
8941269,8941269,movement,528,242,1709733594461
8941269,8941269,singleclick,528,242,1709733594049
8941269,8941269,movement,529,243,1709733594478
8941269,8941269,movement,530,245,1709733594494
8941269,8941269,movement,533,251,1709733594515
8941269,8941269,movement,538,258,1709733594548
8941269,8941269,movement,546,278,1709733594590
8941269,8941269,movement,546,280,1709733594597
8941269,8941269,movement,548,284,1709733594614
8941269,8941269,movement,550,286,1709733594628
8941269,8941269,movement,554,292,1709733594644
8941269,8941269,movement,554,296,1709733594668
8941269,8941269,movement,556,301,1709733594681
8941269,8941269,movement,557,304,1709733594697
8941269,8941269,movement,558,306,1709733594733
8941269,8941269,movement,558,308,1709733594753
8941269,8941269,movement,558,309,1709733594781
8941269,8941269,movement,558,310,1709733594803
8941269,8941269,mousedown,558,310,1709733594894
8941269,8941269,mouseup,558,310,1709733594961
8941269,8941269,movement,558,310,1709733595104
8941269,8941269,movement,457,258,1709733595331
8941269,8941269,singleclick,457,258,1709733594971
8941269,8941269,movement,427,244,1709733595434
8941269,8941269,movement,411,242,1709733595519
8941269,8941269,movement,388,226,1709733595552
8941269,8941269,movement,373,215,1709733595560
8941269,8941269,movement,360,206,1709733595577
8941269,8941269,movement,347,197,1709733595594
8941269,8941269,movement,333,187,1709733595617
8941269,8941269,movement,318,180,1709733595631
8941269,8941269,movement,300,174,1709733595649
8941269,8941269,movement,291,171,1709733595661
8941269,8941269,movement,288,171,1709733595680
8941269,8941269,movement,286,171,1709733595694
8941269,8941269,movement,282,170,1709733595726
8941269,8941269,movement,282,170,1709733595769
8941269,8941269,movement,281,170,1709733595791
8941269,8941269,movement,281,169,1709733595811
8941269,8941269,movement,280,168,1709733595834
8941269,8941269,movement,279,167,1709733595853
8941269,8941269,mousedown,279,167,1709733595904
8941269,8941269,movement,278,167,1709733595909
8941269,8941269,movement,278,166,1709733595928
8941269,8941269,movement,278,166,1709733595944
8941269,8941269,movement,278,166,1709733595959
8941269,8941269,mouseup,278,166,1709733595964
8941269,8941269,movement,292,167,1709733596058
8941269,8941269,movement,651,176,1709733596176
8941269,8941269,movement,1122,173,1709733596271
8941269,8941269,movement,1182,166,1709733596360
8941269,8941269,singleclick,1182,166,1709733595966
8941269,8941269,movement,1182,166,1709733596401
8941269,8941269,movement,1183,166,1709733596411
8941269,8941269,movement,1185,166,1709733596427
8941269,8941269,movement,1193,162,1709733596453
8941269,8941269,movement,1201,157,1709733596470
8941269,8941269,movement,1213,150,1709733596488
8941269,8941269,movement,1234,142,1709733596509
8941269,8941269,movement,1266,134,1709733596534
8941269,8941269,movement,1328,126,1709733596569
8941269,8941269,movement,1375,125,1709733596620
8941269,8941269,movement,1420,126,1709733596697
8941269,8941269,movement,1428,128,1709733596723
8941269,8941269,movement,1430,130,1709733596738
8941269,8941269,movement,1430,130,1709733596745
8941269,8941269,movement,1431,130,1709733596776
8941269,8941269,movement,1431,130,1709733596793
8941269,8941269,movement,1432,131,1709733596819
8941269,8941269,movement,1433,131,1709733596826
8941269,8941269,movement,1433,132,1709733596843
8941269,8941269,movement,1434,132,1709733596867
8941269,8941269,movement,1435,132,1709733596876
8941269,8941269,movement,1437,132,1709733596896
8941269,8941269,movement,1441,132,1709733596909
8941269,8941269,movement,1442,133,1709733596925
8941269,8941269,movement,1442,133,1709733596943
8941269,8941269,movement,1442,134,1709733596960
8941269,8941269,movement,1443,134,1709733596976
8941269,8941269,movement,1444,135,1709733596992
8941269,8941269,movement,1445,136,1709733597010
8941269,8941269,movement,1446,137,1709733597027
8941269,8941269,movement,1446,138,1709733597043
8941269,8941269,movement,1446,142,1709733597061
8941269,8941269,movement,1446,146,1709733597076
8941269,8941269,movement,1446,150,1709733597095
8941269,8941269,movement,1446,152,1709733597111
8941269,8941269,movement,1444,154,1709733597131
8941269,8941269,movement,1438,162,1709733597156
8941269,8941269,movement,1437,164,1709733597164
8941269,8941269,movement,1434,168,1709733597177
8941269,8941269,movement,1433,170,1709733597203
8941269,8941269,movement,1432,170,1709733597229
8941269,8941269,movement,1432,171,1709733597243
8941269,8941269,movement,1431,171,1709733597260
8941269,8941269,movement,1430,172,1709733597275
8941269,8941269,movement,1430,172,1709733597293
8941269,8941269,movement,1429,172,1709733597362
8941269,8941269,movement,1427,172,1709733597378
8941269,8941269,movement,1426,172,1709733597420
8941269,8941269,movement,1426,171,1709733597479
8941269,8941269,mousedown,1426,171,1709733597498
8941269,8941269,mouseup,1426,171,1709733597603
8941269,8941269,movement,1256,201,1709733598354
8941269,8941269,singleclick,1256,201,1709733597605
8941269,8941269,movement,730,274,1709733598585
8941269,8941269,movement,709,330,1709733598662
8941269,8941269,movement,706,344,1709733598696
8941269,8941269,movement,709,353,1709733598741
8941269,8941269,movement,708,353,1709733598809
8941269,8941269,movement,707,353,1709733598824
8941269,8941269,movement,703,353,1709733598841
8941269,8941269,movement,686,355,1709733598857
8941269,8941269,movement,670,360,1709733598874
8941269,8941269,movement,655,366,1709733598897
8941269,8941269,movement,646,373,1709733598915
8941269,8941269,movement,630,386,1709733598942
8941269,8941269,movement,628,388,1709733598946
8941269,8941269,movement,625,391,1709733598957
8941269,8941269,movement,622,393,1709733598974
8941269,8941269,movement,621,395,1709733598991
8941269,8941269,movement,621,397,1709733599008
8941269,8941269,movement,621,398,1709733599024
8941269,8941269,movement,621,398,1709733599041
8941269,8941269,movement,621,399,1709733599058
8941269,8941269,movement,621,400,1709733599097
8941269,8941269,movement,622,401,1709733599120
8941269,8941269,movement,622,402,1709733599137
8941269,8941269,movement,623,405,1709733599144
8941269,8941269,movement,625,406,1709733599157
8941269,8941269,movement,627,410,1709733599174
8941269,8941269,movement,628,414,1709733599199
8941269,8941269,movement,629,416,1709733599216
8941269,8941269,movement,630,416,1709733599229
8941269,8941269,movement,630,417,1709733599271
8941269,8941269,movement,630,418,1709733599309
8941269,8941269,movement,630,418,1709733599384
8941269,8941269,movement,631,419,1709733599394
8941269,8941269,mousedown,631,419,1709733599483
8941269,8941269,mouseup,631,419,1709733599566
8941269,8941269,movement,631,418,1709733599697
8941269,8941269,movement,630,418,1709733599702
8941269,8941269,movement,630,416,1709733599714
8941269,8941269,movement,629,414,1709733599725
8941269,8941269,movement,625,410,1709733599753
8941269,8941269,movement,590,383,1709733599797
8941269,8941269,movement,558,362,1709733599832
8941269,8941269,movement,415,297,1709733599939
8941269,8941269,singleclick,415,297,1709733599576
8941269,8941269,movement,312,229,1709733600044
8941269,8941269,movement,275,199,1709733600158
8941269,8941269,movement,273,196,1709733600160
8941269,8941269,movement,262,182,1709733600245
8941269,8941269,movement,261,180,1709733600257
8941269,8941269,movement,260,178,1709733600275
8941269,8941269,movement,260,175,1709733600289
8941269,8941269,movement,259,174,1709733600308
8941269,8941269,movement,259,174,1709733600323
8941269,8941269,movement,259,173,1709733600341
8941269,8941269,movement,262,171,1709733600359
8941269,8941269,movement,262,170,1709733600375
8941269,8941269,movement,266,169,1709733600389
8941269,8941269,movement,268,168,1709733600407
8941269,8941269,movement,270,168,1709733600423
8941269,8941269,movement,270,168,1709733600441
8941269,8941269,movement,273,168,1709733600482
8941269,8941269,movement,278,168,1709733600504
8941269,8941269,movement,279,168,1709733600529
8941269,8941269,movement,280,168,1709733600568
8941269,8941269,mousedown,280,168,1709733600593
8941269,8941269,mouseup,280,168,1709733600669
8941269,8941269,movement,306,194,1709733600801
8941269,8941269,movement,651,438,1709733600885
8941269,8941269,movement,729,466,1709733600946
8941269,8941269,singleclick,729,466,1709733600671
8941269,8941269,movement,722,465,1709733601376
8941269,8941269,movement,718,465,1709733601397
8941269,8941269,movement,718,465,1709733601405
8941269,8941269,movement,717,464,1709733601446
8941269,8941269,movement,716,464,1709733601455
8941269,8941269,movement,715,462,1709733601475
8941269,8941269,movement,714,462,1709733601489
8941269,8941269,movement,714,462,1709733601506
8941269,8941269,movement,713,461,1709733601529
8941269,8941269,movement,712,461,1709733601538
8941269,8941269,movement,710,459,1709733601555
8941269,8941269,movement,710,458,1709733601587
8941269,8941269,movement,710,457,1709733601601
8941269,8941269,movement,709,457,1709733601696
8941269,8941269,mousedown,709,457,1709733601736
8941269,8941269,mouseup,709,457,1709733601853
8941269,8941269,movement,691,449,1709733602267
8941269,8941269,singleclick,691,449,1709733601860
8941269,8941269,movement,447,318,1709733602331
8941269,8941269,movement,334,236,1709733602365
8941269,8941269,movement,323,227,1709733602371
8941269,8941269,movement,313,218,1709733602387
8941269,8941269,movement,306,209,1709733602404
8941269,8941269,movement,305,205,1709733602421
8941269,8941269,movement,305,202,1709733602438
8941269,8941269,movement,305,201,1709733602455
8941269,8941269,movement,305,199,1709733602472
8941269,8941269,movement,305,198,1709733602490
8941269,8941269,movement,305,197,1709733602495
8941269,8941269,movement,305,194,1709733602504
8941269,8941269,movement,305,193,1709733602521
8941269,8941269,movement,305,191,1709733602538
8941269,8941269,movement,305,189,1709733602559
8941269,8941269,movement,305,187,1709733602576
8941269,8941269,movement,305,183,1709733602606
8941269,8941269,movement,300,178,1709733602644
8941269,8941269,movement,298,176,1709733602653
8941269,8941269,movement,296,174,1709733602670
8941269,8941269,movement,292,174,1709733602688
8941269,8941269,movement,288,173,1709733602705
8941269,8941269,movement,282,173,1709733602722
8941269,8941269,movement,280,172,1709733602738
8941269,8941269,movement,278,171,1709733602755
8941269,8941269,mousedown,278,171,1709733602836
8941269,8941269,mouseup,278,171,1709733602914
8941269,8941269,movement,346,180,1709733603005
8941269,8941269,movement,891,213,1709733603090
8941269,8941269,movement,1242,217,1709733603147
8941269,8941269,movement,1380,200,1709733603250
8941269,8941269,movement,1407,182,1709733603254
8941269,8941269,movement,1450,156,1709733603308
8941269,8941269,movement,1457,152,1709733603321
8941269,8941269,singleclick,1457,152,1709733602916
8941269,8941269,movement,1461,149,1709733603337
8941269,8941269,movement,1466,146,1709733603355
8941269,8941269,movement,1471,145,1709733603370
8941269,8941269,movement,1476,143,1709733603386
8941269,8941269,movement,1478,142,1709733603403
8941269,8941269,movement,1479,142,1709733603444
8941269,8941269,movement,1480,141,1709733603449
8941269,8941269,movement,1481,141,1709733603457
8941269,8941269,movement,1482,141,1709733603477
8941269,8941269,movement,1482,141,1709733603488
8941269,8941269,movement,1482,140,1709733603521
8941269,8941269,movement,1486,138,1709733603596
8941269,8941269,movement,1485,137,1709733603676
8941269,8941269,movement,1466,146,1709733603773
8941269,8941269,movement,1463,151,1709733603811
8941269,8941269,movement,1460,154,1709733603821
8941269,8941269,movement,1458,158,1709733603836
8941269,8941269,movement,1452,162,1709733603855
8941269,8941269,movement,1446,164,1709733603872
8941269,8941269,movement,1441,166,1709733603888
8941269,8941269,movement,1434,168,1709733603906
8941269,8941269,movement,1431,169,1709733603923
8941269,8941269,movement,1430,169,1709733603942
8941269,8941269,movement,1430,169,1709733603956
8941269,8941269,movement,1428,169,1709733604027
8941269,8941269,movement,1427,169,1709733604084
8941269,8941269,mousedown,1427,169,1709733604136
8941269,8941269,mouseup,1427,169,1709733604219
8941269,8941269,movement,1427,170,1709733604330
8941269,8941269,movement,1427,170,1709733604345
8941269,8941269,movement,1427,171,1709733604356
8941269,8941269,movement,1427,172,1709733604369
8941269,8941269,movement,1425,177,1709733604391
8941269,8941269,movement,1422,181,1709733604403
8941269,8941269,movement,1419,186,1709733604422
8941269,8941269,movement,1415,191,1709733604437
8941269,8941269,movement,1408,196,1709733604457
8941269,8941269,movement,1395,206,1709733604482
8941269,8941269,movement,1192,288,1709733604569
8941269,8941269,movement,791,323,1709733605069
8941269,8941269,singleclick,791,323,1709733604221
8941269,8941269,movement,790,323,1709733605210
8941269,8941269,movement,791,323,1709733605361
8941269,8941269,movement,791,324,1709733605436
8941269,8941269,movement,791,325,1709733605475
8941269,8941269,movement,791,326,1709733605499
8941269,8941269,movement,792,326,1709733605591
8941269,8941269,movement,792,326,1709733605668
8941269,8941269,movement,793,326,1709733605779
8941269,8941269,movement,793,326,1709733605784
8941269,8941269,movement,794,325,1709733605792
8941269,8941269,movement,794,324,1709733605802
8941269,8941269,movement,794,323,1709733605819
8941269,8941269,movement,794,322,1709733605840
8941269,8941269,movement,794,321,1709733605855
8941269,8941269,movement,794,320,1709733605868
8941269,8941269,mousedown,794,320,1709733605923
8941269,8941269,mouseup,794,320,1709733605997
8941269,8941269,movement,794,320,1709733606016
8941269,8941269,movement,793,320,1709733606100
8941269,8941269,movement,785,319,1709733606118
8941269,8941269,movement,767,317,1709733606134
8941269,8941269,movement,737,311,1709733606151
8941269,8941269,movement,689,301,1709733606169
8941269,8941269,movement,623,290,1709733606195
8941269,8941269,movement,428,260,1709733606213
8941269,8941269,movement,394,255,1709733606220
8941269,8941269,movement,366,252,1709733606239
8941269,8941269,movement,283,238,1709733606270
8941269,8941269,movement,270,230,1709733606384
8941269,8941269,singleclick,270,230,1709733606013
8941269,8941269,movement,268,221,1709733606485
8941269,8941269,movement,267,202,1709733606575
8941269,8941269,movement,266,197,1709733606620
8941269,8941269,movement,266,192,1709733606656
8941269,8941269,movement,266,191,1709733606662
8941269,8941269,movement,266,190,1709733606666
8941269,8941269,movement,266,189,1709733606685
8941269,8941269,movement,266,188,1709733606700
8941269,8941269,movement,266,186,1709733606736
8941269,8941269,movement,267,186,1709733606751
8941269,8941269,movement,269,185,1709733606772
8941269,8941269,movement,270,183,1709733606787
8941269,8941269,movement,270,182,1709733606820
8941269,8941269,movement,270,182,1709733606834
8941269,8941269,movement,272,181,1709733606850
8941269,8941269,movement,273,180,1709733606872
8941269,8941269,movement,273,179,1709733606898
8941269,8941269,mousedown,273,179,1709733606959
8941269,8941269,mouseup,273,179,1709733607028
8941269,8941269,movement,291,194,1709733607223
8941269,8941269,movement,304,206,1709733607226
8941269,8941269,movement,346,238,1709733607267
8941269,8941269,movement,352,242,1709733607269
8941269,8941269,movement,357,246,1709733607285
8941269,8941269,movement,370,254,1709733607304
8941269,8941269,movement,390,268,1709733607321
8941269,8941269,movement,406,278,1709733607337
8941269,8941269,movement,418,286,1709733607354
8941269,8941269,movement,425,291,1709733607366
8941269,8941269,movement,428,296,1709733607390
8941269,8941269,movement,434,302,1709733607404
8941269,8941269,movement,435,303,1709733607421
8941269,8941269,movement,441,311,1709733607438
8941269,8941269,singleclick,441,311,1709733607030
8941269,8941269,movement,443,315,1709733607449
8941269,8941269,movement,448,324,1709733607469
8941269,8941269,movement,451,330,1709733607483
8941269,8941269,movement,454,337,1709733607506
8941269,8941269,movement,458,342,1709733607520
8941269,8941269,movement,460,347,1709733607534
8941269,8941269,movement,462,352,1709733607551
8941269,8941269,movement,466,359,1709733607566
8941269,8941269,movement,469,366,1709733607586
8941269,8941269,movement,474,375,1709733607606
8941269,8941269,movement,478,385,1709733607622
8941269,8941269,movement,479,388,1709733607633
8941269,8941269,movement,482,395,1709733607651
8941269,8941269,movement,484,398,1709733607666
8941269,8941269,movement,486,401,1709733607682
8941269,8941269,movement,490,408,1709733607728
8941269,8941269,movement,492,413,1709733607755
8941269,8941269,movement,493,414,1709733607779
8941269,8941269,mousedown,493,414,1709733607815
8941269,8941269,mouseup,493,414,1709733607920
8941269,8941269,movement,492,414,1709733608094
8941269,8941269,movement,449,351,1709733608292
8941269,8941269,movement,376,263,1709733608395
8941269,8941269,singleclick,376,263,1709733607929
8941269,8941269,movement,350,235,1709733608497
8941269,8941269,movement,330,214,1709733608584
8941269,8941269,movement,322,206,1709733608671
8941269,8941269,movement,320,206,1709733608681
8941269,8941269,movement,318,205,1709733608698
8941269,8941269,movement,317,203,1709733608715
8941269,8941269,movement,312,202,1709733608734
8941269,8941269,movement,306,198,1709733608749
8941269,8941269,movement,303,198,1709733608764
8941269,8941269,movement,301,195,1709733608766
8941269,8941269,movement,298,194,1709733608785
8941269,8941269,movement,291,190,1709733608804
8941269,8941269,movement,287,187,1709733608815
8941269,8941269,movement,286,186,1709733608833
8941269,8941269,movement,286,186,1709733608851
8941269,8941269,movement,285,184,1709733608872
8941269,8941269,movement,284,183,1709733608885
8941269,8941269,movement,283,182,1709733608904
8941269,8941269,movement,283,182,1709733608967
8941269,8941269,mousedown,283,182,1709733609018
8941269,8941269,mouseup,283,182,1709733609104
8941269,8941269,movement,306,186,1709733609245
8941269,8941269,movement,378,193,1709733609286
8941269,8941269,movement,391,194,1709733609316
8941269,8941269,movement,458,200,1709733609338
8941269,8941269,movement,594,215,1709733609397
8941269,8941269,movement,834,233,1709733609463
8941269,8941269,singleclick,834,233,1709733609106
8941269,8941269,movement,1057,241,1709733609518
8941269,8941269,movement,1133,241,1709733609530
8941269,8941269,movement,1203,241,1709733609546
8941269,8941269,movement,1289,238,1709733609563
8941269,8941269,movement,1326,234,1709733609581
8941269,8941269,movement,1354,230,1709733609597
8941269,8941269,movement,1376,228,1709733609614
8941269,8941269,movement,1406,222,1709733609640
8941269,8941269,movement,1443,213,1709733609670
8941269,8941269,movement,1455,208,1709733609685
8941269,8941269,movement,1464,205,1709733609696
8941269,8941269,movement,1472,201,1709733609714
8941269,8941269,movement,1482,198,1709733609731
8941269,8941269,movement,1487,194,1709733609748
8941269,8941269,movement,1494,189,1709733609785
8941269,8941269,movement,1498,184,1709733609795
8941269,8941269,movement,1498,182,1709733609799
8941269,8941269,movement,1498,181,1709733609814
8941269,8941269,movement,1498,178,1709733609831
8941269,8941269,movement,1498,177,1709733609847
8941269,8941269,movement,1497,176,1709733609863
8941269,8941269,movement,1493,174,1709733609880
8941269,8941269,movement,1486,173,1709733609902
8941269,8941269,movement,1481,171,1709733609921
8941269,8941269,movement,1471,170,1709733609933
8941269,8941269,movement,1466,170,1709733609952
8941269,8941269,movement,1458,170,1709733609967
8941269,8941269,movement,1451,169,1709733609983
8941269,8941269,movement,1442,169,1709733609998
8941269,8941269,movement,1434,169,1709733610019
8941269,8941269,movement,1431,169,1709733610035
8941269,8941269,movement,1430,169,1709733610049
8941269,8941269,movement,1428,169,1709733610065
8941269,8941269,movement,1426,170,1709733610080
8941269,8941269,movement,1426,170,1709733610099
8941269,8941269,mousedown,1426,170,1709733610247
8941269,8941269,mouseup,1426,170,1709733610351
8941269,8941269,movement,1425,171,1709733610463
8941269,8941269,movement,1424,174,1709733610479
8941269,8941269,movement,1422,178,1709733610496
8941269,8941269,movement,1419,182,1709733610513
8941269,8941269,movement,1414,190,1709733610530
8941269,8941269,movement,1412,195,1709733610538
8941269,8941269,movement,1408,201,1709733610548
8941269,8941269,movement,1402,208,1709733610573
8941269,8941269,movement,995,326,1709733610954
8941269,8941269,singleclick,995,326,1709733610353
8941269,8941269,movement,837,340,1709733611064
8941269,8941269,movement,814,343,1709733611084
8941269,8941269,movement,746,354,1709733611127
8941269,8941269,movement,713,357,1709733611151
8941269,8941269,movement,706,358,1709733611162
8941269,8941269,movement,697,360,1709733611179
8941269,8941269,movement,690,361,1709733611198
8941269,8941269,movement,686,361,1709733611214
8941269,8941269,movement,683,361,1709733611229
8941269,8941269,movement,682,361,1709733611246
8941269,8941269,movement,680,361,1709733611263
8941269,8941269,movement,678,361,1709733611279
8941269,8941269,movement,674,361,1709733611297
8941269,8941269,movement,669,361,1709733611316
8941269,8941269,movement,667,361,1709733611328
8941269,8941269,movement,666,361,1709733611346
8941269,8941269,movement,666,362,1709733611494
8941269,8941269,movement,666,363,1709733611498
8941269,8941269,movement,666,370,1709733611513
8941269,8941269,movement,666,380,1709733611538
8941269,8941269,movement,669,396,1709733611559
8941269,8941269,movement,669,398,1709733611567
8941269,8941269,movement,669,402,1709733611580
8941269,8941269,movement,670,404,1709733611598
8941269,8941269,movement,671,406,1709733611612
8941269,8941269,movement,674,411,1709733611629
8941269,8941269,movement,674,416,1709733611652
8941269,8941269,movement,677,422,1709733611667
8941269,8941269,movement,678,426,1709733611684
8941269,8941269,movement,680,430,1709733611698
8941269,8941269,movement,681,434,1709733611712
8941269,8941269,movement,682,441,1709733611728
8941269,8941269,movement,683,446,1709733611749
8941269,8941269,movement,684,452,1709733611763
8941269,8941269,movement,685,456,1709733611788
8941269,8941269,movement,686,458,1709733611806
8941269,8941269,mousedown,686,458,1709733611948
8941269,8941269,mouseup,686,458,1709733612024
8941269,8941269,movement,686,458,1709733612171
8941269,8941269,movement,685,457,1709733612178
8941269,8941269,movement,685,456,1709733612187
8941269,8941269,movement,685,455,1709733612195
8941269,8941269,movement,684,453,1709733612212
8941269,8941269,movement,683,450,1709733612235
8941269,8941269,movement,680,442,1709733612258
8941269,8941269,movement,678,439,1709733612270
8941269,8941269,movement,531,284,1709733612461
8941269,8941269,singleclick,531,284,1709733612033
8941269,8941269,movement,378,202,1709733612559
8941269,8941269,movement,354,190,1709733612563
8941269,8941269,movement,346,186,1709733612642
8941269,8941269,movement,344,186,1709733612684
8941269,8941269,movement,343,185,1709733612697
8941269,8941269,movement,342,184,1709733612710
8941269,8941269,movement,340,183,1709733612729
8941269,8941269,movement,335,183,1709733612747
8941269,8941269,movement,329,182,1709733612764
8941269,8941269,movement,318,180,1709733612777
8941269,8941269,movement,311,178,1709733612796
8941269,8941269,movement,305,177,1709733612815
8941269,8941269,movement,298,175,1709733612831
8941269,8941269,movement,288,174,1709733612846
8941269,8941269,movement,282,173,1709733612862
8941269,8941269,movement,280,173,1709733612879
8941269,8941269,movement,279,172,1709733612898
8941269,8941269,mousedown,279,172,1709733613007
8941269,8941269,mouseup,279,172,1709733613086
8941269,8941269,movement,294,186,1709733613196
8941269,8941269,movement,341,239,1709733613252
8941269,8941269,movement,418,334,1709733613329
8941269,8941269,movement,439,358,1709733613403
8941269,8941269,movement,494,425,1709733613409
8941269,8941269,movement,513,444,1709733613451
8941269,8941269,movement,520,453,1709733613477
8941269,8941269,movement,524,458,1709733613491
8941269,8941269,movement,526,461,1709733613493
8941269,8941269,singleclick,526,461,1709733613088
8941269,8941269,movement,533,468,1709733613515
8941269,8941269,movement,538,474,1709733613527
8941269,8941269,movement,544,480,1709733613544
8941269,8941269,movement,549,486,1709733613564
8941269,8941269,movement,554,491,1709733613578
8941269,8941269,movement,558,497,1709733613600
8941269,8941269,movement,568,509,1709733613619
8941269,8941269,movement,570,511,1709733613627
8941269,8941269,movement,573,514,1709733613645
8941269,8941269,movement,575,517,1709733613661
8941269,8941269,movement,576,518,1709733613678
8941269,8941269,movement,577,519,1709733613694
8941269,8941269,movement,578,519,1709733613711
8941269,8941269,movement,578,521,1709733613747
8941269,8941269,movement,579,521,1709733613781
8941269,8941269,movement,579,522,1709733613818
8941269,8941269,mousedown,579,522,1709733613879
8941269,8941269,mouseup,579,522,1709733613991
8941269,8941269,movement,530,441,1709733614248
8941269,8941269,movement,433,318,1709733614320
8941269,8941269,movement,357,242,1709733614380
8941269,8941269,movement,353,238,1709733614394
8941269,8941269,singleclick,353,238,1709733613997
8941269,8941269,movement,342,225,1709733614417
8941269,8941269,movement,339,221,1709733614427
8941269,8941269,movement,334,215,1709733614444
8941269,8941269,movement,334,214,1709733614459
8941269,8941269,movement,333,214,1709733614477
8941269,8941269,movement,330,211,1709733614509
8941269,8941269,movement,329,210,1709733614532
8941269,8941269,movement,327,208,1709733614561
8941269,8941269,movement,325,206,1709733614575
8941269,8941269,movement,322,202,1709733614592
8941269,8941269,movement,320,200,1709733614610
8941269,8941269,movement,318,198,1709733614626
8941269,8941269,movement,317,198,1709733614635
8941269,8941269,movement,315,196,1709733614643
8941269,8941269,movement,310,191,1709733614659
8941269,8941269,movement,306,187,1709733614676
8941269,8941269,movement,302,185,1709733614693
8941269,8941269,movement,302,185,1709733614714
8941269,8941269,movement,301,184,1709733614726
8941269,8941269,movement,301,183,1709733614745
8941269,8941269,movement,300,183,1709733614759
8941269,8941269,movement,299,183,1709733614778
8941269,8941269,movement,298,182,1709733614794
8941269,8941269,movement,298,181,1709733614809
8941269,8941269,movement,297,181,1709733614845
8941269,8941269,movement,297,180,1709733614859
8941269,8941269,movement,296,180,1709733614877
8941269,8941269,movement,296,179,1709733614893
8941269,8941269,movement,295,179,1709733614908
8941269,8941269,movement,294,178,1709733614925
8941269,8941269,movement,294,178,1709733614945
8941269,8941269,movement,292,178,1709733614965
8941269,8941269,movement,291,177,1709733615001
8941269,8941269,movement,290,177,1709733615025
8941269,8941269,mousedown,290,177,1709733615076
8941269,8941269,mouseup,290,177,1709733615160
8941269,8941269,movement,291,177,1709733615236
8941269,8941269,movement,320,194,1709733615366
8941269,8941269,movement,338,205,1709733615368
8941269,8941269,movement,529,238,1709733615466
8941269,8941269,movement,598,226,1709733615497
8941269,8941269,movement,634,214,1709733615509
8941269,8941269,movement,674,197,1709733615526
8941269,8941269,movement,714,177,1709733615543
8941269,8941269,movement,764,145,1709733615565
8941269,8941269,singleclick,764,145,1709733615162
8941269,8941269,movement,774,136,1709733615576
8941269,8941269,movement,794,117,1709733615593
8941269,8941269,movement,821,91,1709733615609
8941269,8941269,movement,690,91,1709733622339
8941269,8941269,movement,706,141,1709733622343
8941269,8941269,movement,712,167,1709733622356
8941269,8941269,movement,722,230,1709733622374
8941269,8941269,movement,728,290,1709733622399
8941269,8941269,movement,741,372,1709733622437
8941269,8941269,movement,746,413,1709733622465
8941269,8941269,movement,746,418,1709733622483
8941269,8941269,movement,746,419,1709733622490
8941269,8941269,movement,746,420,1709733622502
8941269,8941269,movement,746,422,1709733622518
8941269,8941269,movement,746,430,1709733622544
8941269,8941269,movement,745,442,1709733622557
8941269,8941269,movement,742,455,1709733622577
8941269,8941269,movement,739,470,1709733622596
8941269,8941269,movement,737,475,1709733622601
8941269,8941269,movement,736,485,1709733622623
8941269,8941269,movement,735,494,1709733622643
8941269,8941269,movement,734,510,1709733622662
8941269,8941269,movement,732,518,1709733622669
8941269,8941269,movement,732,525,1709733622690
8941269,8941269,movement,732,530,1709733622702
8941269,8941269,movement,732,534,1709733622726
8941269,8941269,movement,732,540,1709733622742
8941269,8941269,movement,732,541,1709733622760
8941269,8941269,movement,732,542,1709733622772
8941269,8941269,movement,732,542,1709733622786
8941269,8941269,movement,732,543,1709733622804
8941269,8941269,movement,732,544,1709733622825
8941269,8941269,movement,733,545,1709733622834
8941269,8941269,movement,734,545,1709733622851
8941269,8941269,movement,734,546,1709733622869
8941269,8941269,mousedown,734,546,1709733622917
8941269,8941269,mouseup,734,546,1709733623001
8941269,8941269,movement,737,546,1709733623159
8941269,8941269,movement,738,546,1709733623169
8941269,8941269,movement,741,546,1709733623197
8941269,8941269,movement,763,540,1709733623235
8941269,8941269,movement,800,526,1709733623271
8941269,8941269,movement,847,507,1709733623313
8941269,8941269,movement,888,488,1709733623359
8941269,8941269,movement,914,455,1709733623408
8941269,8941269,singleclick,914,455,1709733623016
8941269,8941269,movement,932,391,1709733623478
8941269,8941269,movement,930,386,1709733623488
8941269,8941269,movement,926,378,1709733623502
8941269,8941269,movement,916,359,1709733623521
8941269,8941269,movement,902,342,1709733623542
8941269,8941269,movement,878,324,1709733623551
8941269,8941269,movement,853,309,1709733623570
8941269,8941269,movement,807,289,1709733623587
8941269,8941269,movement,770,275,1709733623603
8941269,8941269,movement,740,264,1709733623619
8941269,8941269,movement,710,256,1709733623635
8941269,8941269,movement,674,246,1709733623652
8941269,8941269,movement,628,234,1709733623670
8941269,8941269,movement,600,230,1709733623685
8941269,8941269,movement,563,226,1709733623705
8941269,8941269,movement,543,223,1709733623724
8941269,8941269,movement,516,219,1709733623743
8941269,8941269,movement,490,215,1709733623767
8941269,8941269,movement,462,208,1709733623807
8941269,8941269,movement,461,207,1709733623827
8941269,8941269,movement,461,206,1709733623843
8941269,8941269,movement,462,206,1709733623853
8941269,8941269,movement,471,203,1709733623871
8941269,8941269,movement,489,200,1709733623888
8941269,8941269,movement,526,198,1709733623905
8941269,8941269,movement,565,198,1709733623915
8941269,8941269,movement,614,196,1709733623922
8941269,8941269,movement,819,197,1709733623939
8941269,8941269,movement,966,199,1709733623956
8941269,8941269,movement,1112,206,1709733623972
8941269,8941269,movement,1243,214,1709733623987
8941269,8941269,movement,1348,223,1709733624006
8941269,8941269,movement,1455,237,1709733624038
8941269,8941269,movement,1488,242,1709733624076
8941269,8941269,movement,1508,242,1709733624080
8941269,8941269,movement,1530,242,1709733624131
8941269,8941269,movement,1535,237,1709733624194
8941269,8941269,movement,1527,225,1709733624264
8941269,8941269,movement,1520,222,1709733624299
8941269,8941269,movement,1518,220,1709733624317
8941269,8941269,movement,1516,222,1709733624372
8941269,8941269,movement,1514,222,1709733624383
8941269,8941269,movement,1513,223,1709733624401
8941269,8941269,movement,1511,225,1709733624417
8941269,8941269,movement,1509,225,1709733624427
8941269,8941269,movement,1507,226,1709733624441
8941269,8941269,movement,1504,230,1709733624451
8941269,8941269,movement,1499,232,1709733624469
8941269,8941269,movement,1498,234,1709733624484
8941269,8941269,movement,1497,234,1709733624505
8941269,8941269,movement,1494,235,1709733624519
8941269,8941269,movement,1490,236,1709733624537
8941269,8941269,movement,1483,238,1709733624554
8941269,8941269,movement,1479,238,1709733624568
8941269,8941269,movement,1478,238,1709733624584
8941269,8941269,movement,1474,239,1709733624600
8941269,8941269,movement,1466,241,1709733624624
8941269,8941269,movement,1455,243,1709733624633
8941269,8941269,movement,1447,246,1709733624651
8941269,8941269,movement,1444,250,1709733624669
8941269,8941269,movement,1443,256,1709733624689
8941269,8941269,movement,1443,261,1709733624701
8941269,8941269,movement,1443,265,1709733624724
8941269,8941269,movement,1444,269,1709733624733
8941269,8941269,movement,1446,273,1709733624753
8941269,8941269,movement,1447,275,1709733624770
8941269,8941269,movement,1454,282,1709733624786
8941269,8941269,movement,1457,286,1709733624800
8941269,8941269,movement,1462,289,1709733624817
8941269,8941269,movement,1467,292,1709733624837
8941269,8941269,movement,1471,294,1709733624853
8941269,8941269,movement,1475,294,1709733624871
8941269,8941269,movement,1476,294,1709733624902
8941269,8941269,movement,1479,293,1709733624917
8941269,8941269,movement,1482,291,1709733624934
8941269,8941269,movement,1482,290,1709733624950
8941269,8941269,movement,1482,288,1709733624967
8941269,8941269,movement,1483,286,1709733624983
8941269,8941269,movement,1484,284,1709733625018
8941269,8941269,movement,1484,282,1709733625033
8941269,8941269,movement,1484,282,1709733625050
8941269,8941269,mousedown,1484,282,1709733625134
8941269,8941269,mouseup,1484,282,1709733625183
8941269,8941269,movement,1484,283,1709733625299
8941269,8941269,movement,1484,286,1709733625306
8941269,8941269,movement,1484,287,1709733625316
8941269,8941269,movement,1484,290,1709733625334
8941269,8941269,movement,1484,294,1709733625355
8941269,8941269,movement,1484,302,1709733625370
8941269,8941269,movement,1484,305,1709733625385
8941269,8941269,movement,1482,316,1709733625400
8941269,8941269,movement,1480,325,1709733625416
8941269,8941269,movement,1477,334,1709733625436
8941269,8941269,movement,1472,346,1709733625455
8941269,8941269,movement,1466,355,1709733625470
8941269,8941269,movement,1456,364,1709733625489
8941269,8941269,movement,1444,372,1709733625503
8941269,8941269,movement,1430,379,1709733625517
8941269,8941269,movement,1410,386,1709733625532
8941269,8941269,movement,1386,390,1709733625551
8941269,8941269,movement,1367,392,1709733625566
8941269,8941269,movement,1354,394,1709733625582
8941269,8941269,movement,1342,396,1709733625600
8941269,8941269,movement,1335,396,1709733625642
8941269,8941269,movement,1334,396,1709733625649
8941269,8941269,movement,1334,396,1709733625667
8941269,8941269,movement,1333,396,1709733625682
8941269,8941269,movement,1331,396,1709733625699
8941269,8941269,movement,1330,396,1709733625717
8941269,8941269,movement,1329,395,1709733625733
8941269,8941269,movement,1327,394,1709733625751
8941269,8941269,movement,1326,394,1709733625766
8941269,8941269,movement,1326,393,1709733625782
8941269,8941269,movement,1326,393,1709733625812
8941269,8941269,movement,1325,393,1709733625833
8941269,8941269,movement,1325,392,1709733625849
8941269,8941269,movement,1324,391,1709733625867
8941269,8941269,movement,1323,390,1709733625882
8941269,8941269,movement,1322,390,1709733625899
8941269,8941269,movement,1322,389,1709733625915
8941269,8941269,movement,1321,387,1709733625934
8941269,8941269,movement,1320,386,1709733625949
8941269,8941269,movement,1319,386,1709733625966
8941269,8941269,mousedown,1319,386,1709733626001
8941269,8941269,mouseup,1319,386,1709733626101
8941269,8941269,movement,1319,386,1709733626284
8941269,8941269,movement,1319,387,1709733626303
8941269,8941269,movement,1319,388,1709733626318
8941269,8941269,movement,1319,389,1709733626334
8941269,8941269,movement,1318,390,1709733626352
8941269,8941269,movement,1317,390,1709733626365
8941269,8941269,movement,1314,391,1709733626382
8941269,8941269,movement,1309,392,1709733626399
8941269,8941269,movement,1300,394,1709733626415
8941269,8941269,movement,1286,394,1709733626435
8941269,8941269,movement,871,406,1709733626780
8941269,8941269,singleclick,871,406,1709733626105
8941269,8941269,movement,870,406,1709733626935
8941269,8941269,movement,870,402,1709733627033
8941269,8941269,movement,870,400,1709733627107
8941269,8941269,movement,870,399,1709733627114
8941269,8941269,movement,869,399,1709733627148
8941269,8941269,movement,870,399,1709733627198
8941269,8941269,movement,871,399,1709733627214
8941269,8941269,movement,872,399,1709733627265
8941269,8941269,movement,873,399,1709733627282
8941269,8941269,movement,874,399,1709733627349
8941269,8941269,movement,875,400,1709733627365
8941269,8941269,movement,876,400,1709733627397
8941269,8941269,movement,878,401,1709733627414
8941269,8941269,movement,878,402,1709733627433
8941269,8941269,movement,879,402,1709733627447
8941269,8941269,movement,879,402,1709733627464
8941269,8941269,movement,880,402,1709733627483
8941269,8941269,movement,882,403,1709733627499
8941269,8941269,movement,882,404,1709733627515
8941269,8941269,movement,882,404,1709733627532
8941269,8941269,movement,883,404,1709733627547
8941269,8941269,movement,884,404,1709733627564
8941269,8941269,movement,885,404,1709733627599
8941269,8941269,movement,885,405,1709733627622
8941269,8941269,movement,886,406,1709733627630
8941269,8941269,movement,886,406,1709733627848
8941269,8941269,movement,886,406,1709733628092
8941269,8941269,movement,886,407,1709733628233
8941269,8941269,movement,883,408,1709733628249
8941269,8941269,movement,882,409,1709733628266
8941269,8941269,movement,876,414,1709733628312
8941269,8941269,movement,870,420,1709733628364
8941269,8941269,movement,867,422,1709733628381
8941269,8941269,movement,864,424,1709733628396
8941269,8941269,movement,856,426,1709733628417
8941269,8941269,movement,849,430,1709733628432
8941269,8941269,movement,843,430,1709733628447
8941269,8941269,movement,840,432,1709733628464
8941269,8941269,movement,836,434,1709733628480
8941269,8941269,movement,832,435,1709733628496
8941269,8941269,movement,826,437,1709733628513
8941269,8941269,movement,821,441,1709733628530
8941269,8941269,movement,811,448,1709733628550
8941269,8941269,movement,801,456,1709733628566
8941269,8941269,movement,788,467,1709733628582
8941269,8941269,movement,776,481,1709733628598
8941269,8941269,movement,760,505,1709733628616
8941269,8941269,movement,751,523,1709733628633
8941269,8941269,movement,747,534,1709733628647
8941269,8941269,movement,746,540,1709733628665
8941269,8941269,movement,745,542,1709733628682
8941269,8941269,movement,746,542,1709733628713
8941269,8941269,movement,749,540,1709733628730
8941269,8941269,movement,754,539,1709733628747
8941269,8941269,movement,762,534,1709733628765
8941269,8941269,movement,775,530,1709733628781
8941269,8941269,movement,790,526,1709733628797
8941269,8941269,movement,805,522,1709733628814
8941269,8941269,movement,828,515,1709733628829
8941269,8941269,movement,843,511,1709733628847
8941269,8941269,movement,862,508,1709733628863
8941269,8941269,movement,880,504,1709733628884
8941269,8941269,movement,898,498,1709733628897
8941269,8941269,movement,913,493,1709733628913
8941269,8941269,movement,925,486,1709733628932
8941269,8941269,movement,935,480,1709733628946
8941269,8941269,movement,942,475,1709733628962
8941269,8941269,movement,942,474,1709733628979
8941269,8941269,movement,944,472,1709733628997
8941269,8941269,movement,944,471,1709733629014
8941269,8941269,movement,945,470,1709733629030
8941269,8941269,movement,946,470,1709733629046
8941269,8941269,movement,948,470,1709733629063
8941269,8941269,movement,950,470,1709733629080
8941269,8941269,movement,950,470,1709733629098
8941269,8941269,movement,951,470,1709733629163
8941269,8941269,movement,952,470,1709733629180
8941269,8941269,movement,953,470,1709733629196
8941269,8941269,movement,954,473,1709733629292
8941269,8941269,movement,956,476,1709733629354
8941269,8941269,movement,957,477,1709733629368
8941269,8941269,movement,958,477,1709733629379
8941269,8941269,movement,958,478,1709733629397
8941269,8941269,movement,958,478,1709733629412
8941269,8941269,movement,958,479,1709733629428
8941269,8941269,movement,959,479,1709733629463
8941269,8941269,movement,959,480,1709733629479
8941269,8941269,movement,960,480,1709733629512
8941269,8941269,movement,959,479,1709733629879
8941269,8941269,movement,958,479,1709733629909
8941269,8941269,movement,958,479,1709733629915
8941269,8941269,movement,957,479,1709733629928
8941269,8941269,movement,954,479,1709733629945
8941269,8941269,movement,954,478,1709733629962
8941269,8941269,movement,956,478,1709733629978
8941269,8941269,movement,967,481,1709733629995
8941269,8941269,movement,990,498,1709733630011
8941269,8941269,movement,1013,510,1709733630028
8941269,8941269,movement,1018,511,1709733630045
8941269,8941269,movement,1018,506,1709733630283
8941269,8941269,movement,1013,501,1709733630298
8941269,8941269,movement,986,486,1709733630339
8941269,8941269,movement,845,459,1709733630387
8941269,8941269,movement,824,457,1709733630401
8941269,8941269,movement,790,455,1709733630416
8941269,8941269,movement,750,453,1709733630430
8941269,8941269,movement,710,449,1709733630444
8941269,8941269,movement,672,443,1709733630466
8941269,8941269,movement,632,439,1709733630482
8941269,8941269,movement,610,437,1709733630499
8941269,8941269,movement,600,434,1709733630510
8941269,8941269,movement,593,431,1709733630529
8941269,8941269,movement,589,430,1709733630545
8941269,8941269,movement,586,429,1709733630562
8941269,8941269,movement,583,428,1709733630578
8941269,8941269,movement,582,426,1709733630595
8941269,8941269,movement,582,426,1709733630611
8941269,8941269,movement,580,422,1709733630628
8941269,8941269,movement,580,418,1709733630645
8941269,8941269,movement,580,413,1709733630661
8941269,8941269,movement,580,408,1709733630679
8941269,8941269,movement,580,402,1709733630697
8941269,8941269,movement,579,396,1709733630712
8941269,8941269,movement,579,394,1709733630729
8941269,8941269,movement,579,392,1709733630745
8941269,8941269,movement,579,390,1709733630761
8941269,8941269,movement,579,388,1709733630779
8941269,8941269,movement,579,385,1709733630798
8941269,8941269,movement,580,383,1709733630812
8941269,8941269,movement,581,382,1709733630829
8941269,8941269,movement,581,381,1709733630847
8941269,8941269,movement,581,380,1709733630862
8941269,8941269,movement,581,379,1709733630878
8941269,8941269,movement,581,378,1709733630895
8941269,8941269,movement,581,378,1709733630929
8941269,8941269,mouseup,581,378,1709733631025
8941269,8941269,movement,570,408,1709733631172
8941269,8941269,movement,559,499,1709733631264
8941269,8941269,movement,582,525,1709733631322
8941269,8941269,movement,595,534,1709733631327
8941269,8941269,movement,657,559,1709733631343
8941269,8941269,movement,746,582,1709733631361
8941269,8941269,movement,839,601,1709733631381
8941269,8941269,movement,923,614,1709733631406
8941269,8941269,movement,1087,635,1709733631413
8941269,8941269,movement,1198,651,1709733631429
8941269,8941269,movement,1290,661,1709733631444
8941269,8941269,singleclick,1290,661,1709733631037
8941269,8941269,movement,1349,667,1709733631461
8941269,8941269,movement,1375,670,1709733631478
8941269,8941269,movement,1391,673,1709733631496
8941269,8941269,movement,1401,673,1709733631511
8941269,8941269,movement,1418,674,1709733631530
8941269,8941269,movement,1431,674,1709733631544
8941269,8941269,movement,1445,675,1709733631561
8941269,8941269,movement,1455,675,1709733631577
8941269,8941269,movement,1461,674,1709733631594
8941269,8941269,movement,1463,673,1709733631610
8941269,8941269,movement,1469,671,1709733631626
8941269,8941269,movement,1481,668,1709733631645
8941269,8941269,movement,1486,667,1709733631660
8941269,8941269,movement,1489,666,1709733631679
8941269,8941269,movement,1489,666,1709733631694
8941269,8941269,movement,1489,665,1709733631710
8941269,8941269,movement,1487,662,1709733631745
8941269,8941269,movement,1478,658,1709733631767
8941269,8941269,movement,1466,653,1709733631780
8941269,8941269,movement,1442,648,1709733631806
8941269,8941269,movement,1417,645,1709733631833
8941269,8941269,movement,1411,645,1709733631844
8941269,8941269,movement,1406,645,1709733631860
8941269,8941269,movement,1402,646,1709733631880
8941269,8941269,movement,1399,647,1709733631894
8941269,8941269,movement,1398,648,1709733631911
8941269,8941269,movement,1396,650,1709733631927
8941269,8941269,movement,1396,650,1709733631943
8941269,8941269,movement,1396,652,1709733631994
8941269,8941269,movement,1399,654,1709733632054
8941269,8941269,movement,1403,657,1709733632115
8941269,8941269,movement,1404,657,1709733632144
8941269,8941269,movement,1405,657,1709733632161
8941269,8941269,movement,1406,657,1709733632178
8941269,8941269,movement,1407,657,1709733632196
8941269,8941269,movement,1408,656,1709733632230
8941269,8941269,movement,1408,655,1709733632256
8941269,8941269,movement,1409,654,1709733632305
8941269,8941269,mouseup,1409,654,1709733632398
8941269,8941269,movement,1400,655,1709733632513
8941269,8941269,movement,1180,658,1709733632604
8941269,8941269,movement,1051,658,1709733632679
8941269,8941269,movement,1009,659,1709733632757
8941269,8941269,movement,1002,659,1709733632775
8941269,8941269,movement,994,659,1709733632792
8941269,8941269,movement,985,660,1709733632808
8941269,8941269,movement,973,661,1709733632826
8941269,8941269,movement,954,662,1709733632842
8941269,8941269,movement,943,663,1709733632858
8941269,8941269,movement,936,665,1709733632875
8941269,8941269,movement,918,670,1709733632897
8941269,8941269,movement,910,673,1709733632908
8941269,8941269,movement,893,678,1709733632927
8941269,8941269,movement,865,687,1709733632944
8941269,8941269,movement,847,692,1709733632958
8941269,8941269,movement,838,695,1709733632976
8941269,8941269,movement,834,696,1709733632992
8941269,8941269,movement,834,697,1709733633009
8941269,8941269,movement,834,698,1709733633027
8941269,8941269,movement,834,698,1709733633043
8941269,8941269,movement,834,698,1709733633258
8941269,8941269,movement,836,698,1709733633275
8941269,8941269,movement,838,696,1709733633292
8941269,8941269,movement,841,694,1709733633308
8941269,8941269,movement,843,693,1709733633342
8941269,8941269,movement,846,693,1709733633359
8941269,8941269,movement,846,692,1709733633376
8941269,8941269,movement,847,693,1709733633434
8941269,8941269,movement,850,694,1709733633442
8941269,8941269,movement,851,694,1709733633459
8941269,8941269,movement,854,696,1709733633475
8941269,8941269,movement,854,697,1709733633492
8941269,8941269,movement,856,698,1709733633509
8941269,8941269,movement,858,698,1709733633543
8941269,8941269,movement,858,700,1709733633561
8941269,8941269,movement,858,700,1709733633575
8941269,8941269,movement,859,700,1709733633592
8941269,8941269,movement,858,701,1709733633643
8941269,8941269,movement,854,703,1709733633705
8941269,8941269,movement,802,714,1709733633746
8941269,8941269,movement,773,716,1709733633760
8941269,8941269,movement,743,719,1709733633777
8941269,8941269,movement,703,722,1709733633794
8941269,8941269,movement,678,722,1709733633808
8941269,8941269,movement,656,725,1709733633828
8941269,8941269,movement,634,727,1709733633841
8941269,8941269,movement,614,728,1709733633859
8941269,8941269,movement,594,727,1709733633877
8941269,8941269,movement,574,726,1709733633892
8941269,8941269,movement,547,719,1709733633907
8941269,8941269,movement,538,713,1709733633927
8941269,8941269,movement,528,705,1709733633943
8941269,8941269,movement,517,694,1709733633958
8941269,8941269,movement,504,680,1709733633980
8941269,8941269,movement,486,661,1709733633992
8941269,8941269,movement,478,651,1709733634000
8941269,8941269,movement,472,642,1709733634018
8941269,8941269,movement,457,621,1709733634026
8941269,8941269,movement,450,609,1709733634046
8941269,8941269,movement,446,598,1709733634062
8941269,8941269,movement,446,592,1709733634077
8941269,8941269,movement,446,587,1709733634095
8941269,8941269,movement,449,578,1709733634113
8941269,8941269,movement,450,575,1709733634127
8941269,8941269,movement,462,558,1709733634143
8941269,8941269,movement,474,550,1709733634160
8941269,8941269,movement,486,539,1709733634176
8941269,8941269,movement,499,529,1709733634195
8941269,8941269,movement,511,519,1709733634212
8941269,8941269,movement,520,511,1709733634230
8941269,8941269,movement,530,504,1709733634242
8941269,8941269,movement,537,499,1709733634260
8941269,8941269,movement,551,490,1709733634277
8941269,8941269,movement,559,485,1709733634293
8941269,8941269,movement,564,481,1709733634309
8941269,8941269,movement,566,478,1709733634327
8941269,8941269,movement,569,474,1709733634344
8941269,8941269,movement,570,472,1709733634359
8941269,8941269,movement,573,469,1709733634375
8941269,8941269,movement,574,465,1709733634391
8941269,8941269,movement,577,462,1709733634408
8941269,8941269,movement,577,460,1709733634426
8941269,8941269,movement,579,458,1709733634442
8941269,8941269,movement,580,458,1709733634459
8941269,8941269,movement,581,456,1709733634475
8941269,8941269,movement,581,455,1709733634491
8941269,8941269,movement,582,455,1709733634509
8941269,8941269,movement,582,454,1709733634675
8941269,8941269,movement,582,454,1709733634710
8941269,8941269,movement,583,452,1709733634726
8941269,8941269,movement,584,451,1709733634741
8941269,8941269,movement,586,450,1709733634757
8941269,8941269,movement,588,447,1709733634774
8941269,8941269,movement,589,446,1709733634792
8941269,8941269,movement,590,444,1709733634809
8941269,8941269,movement,591,442,1709733634826
8941269,8941269,movement,593,440,1709733634840
8941269,8941269,movement,594,437,1709733634858
8941269,8941269,movement,595,435,1709733634874
8941269,8941269,movement,596,434,1709733634895
8941269,8941269,movement,598,431,1709733634909
8941269,8941269,movement,598,430,1709733634926
8941269,8941269,movement,599,429,1709733634941
8941269,8941269,movement,601,427,1709733634960
8941269,8941269,movement,602,426,1709733634976
8941269,8941269,movement,602,424,1709733634990
8941269,8941269,movement,603,422,1709733635007
8941269,8941269,movement,603,422,1709733635025
8941269,8941269,movement,604,420,1709733635042
8941269,8941269,movement,605,418,1709733635057
8941269,8941269,movement,605,417,1709733635075
8941269,8941269,movement,606,416,1709733635091
8941269,8941269,movement,606,415,1709733635108
8941269,8941269,movement,606,414,1709733635124
8941269,8941269,movement,606,414,1709733635157
8941269,8941269,mouseup,606,414,1709733635247
8941269,8941269,movement,606,414,1709733635474
8941269,8941269,movement,607,414,1709733635557
8941269,8941269,movement,608,414,1709733635590
8941269,8941269,movement,609,415,1709733635607
8941269,8941269,movement,610,415,1709733635642
8941269,8941269,movement,610,416,1709733635657
8941269,8941269,singleclick,610,416,1709733635256
8941269,8941269,movement,610,417,1709733635674
8941269,8941269,movement,611,417,1709733635690
8941269,8941269,movement,613,418,1709733635707
8941269,8941269,movement,614,419,1709733635724
8941269,8941269,movement,614,419,1709733635741
8941269,8941269,movement,615,420,1709733635758
8941269,8941269,movement,616,421,1709733635775
8941269,8941269,movement,617,421,1709733635790
8941269,8941269,movement,618,422,1709733635807
8941269,8941269,movement,619,422,1709733635826
8941269,8941269,movement,621,423,1709733635840
8941269,8941269,movement,622,424,1709733635857
8941269,8941269,movement,624,425,1709733635873
8941269,8941269,movement,626,425,1709733635889
8941269,8941269,movement,630,426,1709733635907
8941269,8941269,movement,632,426,1709733635937
8941269,8941269,movement,633,426,1709733635947
8941269,8941269,movement,634,426,1709733635972
8941269,8941269,movement,635,426,1709733636005
8941269,8941269,movement,636,426,1709733636022
8941269,8941269,movement,637,426,1709733636039
8941269,8941269,movement,638,426,1709733636072
8941269,8941269,movement,638,426,1709733636090
8941269,8941269,movement,639,426,1709733636106
8941269,8941269,movement,642,426,1709733636124
8941269,8941269,movement,645,427,1709733636140
8941269,8941269,movement,649,430,1709733636156
8941269,8941269,movement,652,434,1709733636178
8941269,8941269,movement,662,454,1709733636205
8941269,8941269,movement,673,498,1709733636244
8941269,8941269,movement,679,516,1709733636259
8941269,8941269,movement,687,537,1709733636271
8941269,8941269,movement,697,554,1709733636288
8941269,8941269,movement,707,570,1709733636309
8941269,8941269,movement,713,580,1709733636322
8941269,8941269,movement,716,585,1709733636339
8941269,8941269,movement,717,588,1709733636358
8941269,8941269,movement,718,590,1709733636373
8941269,8941269,movement,718,591,1709733636405
8941269,8941269,movement,718,592,1709733636423
8941269,8941269,movement,718,594,1709733636438
8941269,8941269,movement,718,595,1709733636456
8941269,8941269,movement,718,596,1709733636474
8941269,8941269,movement,718,597,1709733636528
8941269,8941269,movement,718,598,1709733636652
8941269,8941269,movement,718,598,1709733636772
8941269,8941269,movement,718,599,1709733636794
8941269,8941269,movement,718,601,1709733636827
8941269,8941269,movement,718,602,1709733636875
8941269,8941269,movement,709,607,1709733636936
8941269,8941269,movement,676,620,1709733636975
8941269,8941269,movement,659,624,1709733636988
8941269,8941269,movement,613,631,1709733637028
8941269,8941269,movement,602,634,1709733637038
8941269,8941269,movement,576,637,1709733637058
8941269,8941269,movement,570,638,1709733637072
8941269,8941269,movement,569,638,1709733637087
8941269,8941269,movement,568,638,1709733637163
8941269,8941269,movement,568,638,1709733637173
8941269,8941269,movement,567,641,1709733637190
8941269,8941269,movement,562,648,1709733637206
8941269,8941269,movement,554,659,1709733637224
8941269,8941269,movement,538,672,1709733637238
8941269,8941269,movement,516,686,1709733637255
8941269,8941269,movement,492,699,1709733637273
8941269,8941269,movement,471,711,1709733637290
8941269,8941269,movement,456,718,1709733637306
8941269,8941269,movement,443,723,1709733637323
8941269,8941269,movement,435,727,1709733637338
8941269,8941269,movement,424,730,1709733637356
8941269,8941269,movement,419,730,1709733637371
8941269,8941269,movement,412,732,1709733637393
8941269,8941269,movement,402,733,1709733637412
8941269,8941269,movement,393,734,1709733637424
8941269,8941269,movement,389,734,1709733637440
8941269,8941269,movement,385,734,1709733637455
8941269,8941269,movement,384,734,1709733637471
8941269,8941269,movement,382,734,1709733637488
8941269,8941269,movement,382,735,1709733637521
8941269,8941269,movement,381,737,1709733637539
8941269,8941269,movement,380,741,1709733637554
8941269,8941269,movement,380,742,1709733637572
8941269,8941269,movement,379,742,1709733637588
8941269,8941269,movement,379,742,1709733637605
8941269,8941269,mousedown,379,742,1709733637713
8941269,8941269,mouseup,379,742,1709733637774
8941269,8941269,movement,534,726,1709733638417
8941269,8941269,movement,535,722,1709733638483
8941269,8941269,movement,542,701,1709733638531
8941269,8941269,movement,543,665,1709733638589
8941269,8941269,movement,544,606,1709733638654
8941269,8941269,movement,491,395,1709733638788
8941269,8941269,movement,393,123,1709733638826
8941269,8941269,singleclick,393,123,1709733638405
8941269,8941269,movement,291,133,1709733639274
8941269,8941269,movement,282,153,1709733639394
8941269,8941269,movement,270,168,1709733639441
8941269,8941269,movement,270,169,1709733639456
8941269,8941269,movement,269,169,1709733639487
8941269,8941269,mousedown,269,169,1709733639584
8941269,8941269,mouseup,269,169,1709733639694
8941269,8941269,movement,270,169,1709733640122
8941269,8941269,movement,470,288,1709733640130
8941269,8941269,singleclick,470,288,1709733639697
8941269,8941269,movement,518,384,1709733640312
8941269,8941269,movement,618,466,1709733640421
8941269,8941269,movement,630,482,1709733640529
8941269,8941269,movement,593,537,1709733640652
8941269,8941269,movement,585,577,1709733640765
8941269,8941269,movement,585,586,1709733640938
8941269,8941269,mousedown,585,586,1709733640970
8941269,8941269,mouseup,585,586,1709733641075
8941269,8941269,movement,586,585,1709733641196
8941269,8941269,movement,591,585,1709733641227
8941269,8941269,movement,594,586,1709733641255
8941269,8941269,movement,623,584,1709733641300
8941269,8941269,movement,712,562,1709733641350
8941269,8941269,movement,891,506,1709733641421
8941269,8941269,movement,1082,397,1709733641481
8941269,8941269,movement,1107,381,1709733641485
8941269,8941269,singleclick,1107,381,1709733641087
8941269,8941269,movement,1166,335,1709733641507
8941269,8941269,movement,1179,322,1709733641517
8941269,8941269,movement,1197,302,1709733641535
8941269,8941269,movement,1210,284,1709733641553
8941269,8941269,movement,1222,270,1709733641568
8941269,8941269,movement,1229,262,1709733641583
8941269,8941269,movement,1240,252,1709733641602
8941269,8941269,movement,1251,242,1709733641617
8941269,8941269,movement,1262,230,1709733641635
8941269,8941269,movement,1274,219,1709733641652
8941269,8941269,movement,1281,211,1709733641671
8941269,8941269,movement,1288,204,1709733641686
8941269,8941269,movement,1294,199,1709733641710
8941269,8941269,movement,1302,196,1709733641712
8941269,8941269,movement,1320,190,1709733641751
8941269,8941269,movement,1326,190,1709733641792
8941269,8941269,movement,1328,190,1709733641801
8941269,8941269,movement,1333,190,1709733641817
8941269,8941269,movement,1346,190,1709733641833
8941269,8941269,movement,1374,187,1709733641876
8941269,8941269,movement,1386,188,1709733641887
8941269,8941269,movement,1406,190,1709733641905
8941269,8941269,movement,1427,194,1709733641921
8941269,8941269,movement,1437,198,1709733641923
8941269,8941269,movement,1450,205,1709733641937
8941269,8941269,movement,1457,212,1709733641956
8941269,8941269,movement,1466,220,1709733641971
8941269,8941269,movement,1482,234,1709733642000
8941269,8941269,movement,1490,238,1709733642036
8941269,8941269,movement,1491,239,1709733642073
8941269,8941269,movement,1491,242,1709733642115
8941269,8941269,movement,1491,244,1709733642123
8941269,8941269,movement,1487,250,1709733642144
8941269,8941269,movement,1485,254,1709733642167
8941269,8941269,movement,1483,258,1709733642189
8941269,8941269,movement,1482,266,1709733642216
8941269,8941269,movement,1481,268,1709733642223
8941269,8941269,movement,1481,270,1709733642241
8941269,8941269,movement,1481,272,1709733642263
8941269,8941269,movement,1481,273,1709733642271
8941269,8941269,movement,1482,276,1709733642416
8941269,8941269,mousedown,1482,276,1709733642431
8941269,8941269,mouseup,1482,276,1709733642493
8941269,8941269,movement,1482,276,1709733642526
8941269,8941269,movement,1482,277,1709733642550
8941269,8941269,movement,1482,278,1709733642601
8941269,8941269,movement,1482,279,1709733642618
8941269,8941269,movement,1478,283,1709733642633
8941269,8941269,movement,1470,288,1709733642654
8941269,8941269,movement,1453,302,1709733642673
8941269,8941269,movement,1434,314,1709733642689
8941269,8941269,movement,1412,323,1709733642704
8941269,8941269,movement,1389,334,1709733642721
8941269,8941269,movement,1368,341,1709733642739
8941269,8941269,movement,1342,354,1709733642752
8941269,8941269,movement,1328,362,1709733642768
8941269,8941269,movement,1315,369,1709733642785
8941269,8941269,movement,1304,375,1709733642813
8941269,8941269,movement,1302,377,1709733642819
8941269,8941269,movement,1298,378,1709733642832
8941269,8941269,movement,1294,380,1709733642849
8941269,8941269,movement,1291,382,1709733642867
8941269,8941269,movement,1286,385,1709733642882
8941269,8941269,movement,1286,386,1709733642899
8941269,8941269,movement,1285,386,1709733642916
8941269,8941269,movement,1284,386,1709733643002
8941269,8941269,movement,1282,385,1709733643034
8941269,8941269,movement,1282,383,1709733643050
8941269,8941269,movement,1282,382,1709733643067
8941269,8941269,movement,1282,382,1709733643083
8941269,8941269,movement,1282,381,1709733643099
8941269,8941269,mousedown,1282,381,1709733643135
8941269,8941269,mouseup,1282,381,1709733643234
8941269,8941269,movement,1276,382,1709733643537
8941269,8941269,movement,1275,382,1709733643576
8941269,8941269,movement,1274,382,1709733643602
8941269,8941269,singleclick,1274,382,1709733643237
8941269,8941269,movement,1274,382,1709733643734
8941269,8941269,movement,1273,382,1709733643749
8941269,8941269,movement,1270,382,1709733643798
8941269,8941269,movement,1268,382,1709733643816
8941269,8941269,movement,1266,381,1709733643833
8941269,8941269,movement,1262,380,1709733643849
8941269,8941269,movement,1261,380,1709733643866
8941269,8941269,movement,1258,380,1709733643881
8941269,8941269,movement,1257,380,1709733643899
8941269,8941269,movement,1255,380,1709733643916
8941269,8941269,movement,1254,380,1709733643933
8941269,8941269,movement,1252,380,1709733643949
8941269,8941269,movement,1250,380,1709733643965
8941269,8941269,movement,1250,380,1709733643983
8941269,8941269,movement,1249,380,1709733643998
8941269,8941269,movement,1247,380,1709733644018
8941269,8941269,movement,1243,380,1709733644051
8941269,8941269,movement,1230,381,1709733644097
8941269,8941269,movement,1225,382,1709733644108
8941269,8941269,movement,1219,382,1709733644118
8941269,8941269,movement,1201,386,1709733644134
8941269,8941269,movement,1182,389,1709733644149
8941269,8941269,movement,1158,392,1709733644165
8941269,8941269,movement,1120,397,1709733644181
8941269,8941269,movement,1106,398,1709733644198
8941269,8941269,movement,1060,404,1709733644216
8941269,8941269,movement,1020,408,1709733644232
8941269,8941269,movement,967,417,1709733644253
8941269,8941269,movement,906,430,1709733644266
8941269,8941269,movement,851,448,1709733644283
8941269,8941269,movement,826,458,1709733644286
8941269,8941269,movement,785,478,1709733644301
8941269,8941269,movement,742,505,1709733644319
8941269,8941269,movement,702,533,1709733644339
8941269,8941269,movement,676,552,1709733644354
8941269,8941269,movement,658,565,1709733644370
8941269,8941269,movement,645,571,1709733644384
8941269,8941269,movement,638,571,1709733644412
8941269,8941269,movement,634,564,1709733644428
8941269,8941269,movement,631,560,1709733644436
8941269,8941269,movement,626,548,1709733644453
8941269,8941269,movement,614,518,1709733644482
8941269,8941269,movement,597,484,1709733644495
8941269,8941269,movement,588,470,1709733644517
8941269,8941269,movement,583,446,1709733644543
8941269,8941269,movement,580,419,1709733644573
8941269,8941269,movement,576,359,1709733644695
8941269,8941269,movement,576,336,1709733644781
8941269,8941269,movement,576,327,1709733644825
8941269,8941269,movement,576,326,1709733644833
8941269,8941269,movement,576,326,1709733644847
8941269,8941269,movement,576,325,1709733644865
8941269,8941269,movement,576,324,1709733644898
8941269,8941269,movement,576,323,1709733644915
8941269,8941269,mouseup,576,323,1709733645015
8941269,8941269,movement,576,326,1709733645092
8941269,8941269,movement,570,366,1709733645158
8941269,8941269,movement,566,386,1709733645170
8941269,8941269,movement,564,395,1709733645180
8941269,8941269,movement,560,417,1709733645204
8941269,8941269,movement,539,474,1709733645226
8941269,8941269,movement,532,490,1709733645237
8941269,8941269,movement,526,504,1709733645247
8941269,8941269,movement,510,542,1709733645265
8941269,8941269,movement,504,561,1709733645281
8941269,8941269,movement,499,569,1709733645299
8941269,8941269,movement,498,573,1709733645314
8941269,8941269,movement,496,575,1709733645331
8941269,8941269,movement,495,578,1709733645347
8941269,8941269,movement,494,586,1709733645365
8941269,8941269,movement,494,591,1709733645383
8941269,8941269,movement,492,598,1709733645397
8941269,8941269,movement,492,605,1709733645423
8941269,8941269,singleclick,492,605,1709733645023
8941269,8941269,movement,491,610,1709733645434
8941269,8941269,movement,490,614,1709733645451
8941269,8941269,movement,490,621,1709733645473
8941269,8941269,movement,490,625,1709733645482
8941269,8941269,movement,490,627,1709733645498
8941269,8941269,movement,490,629,1709733645515
8941269,8941269,movement,490,630,1709733645548
8941269,8941269,movement,490,630,1709733645566
8941269,8941269,movement,490,632,1709733645582
8941269,8941269,movement,492,635,1709733645598
8941269,8941269,movement,494,637,1709733645614
8941269,8941269,movement,526,645,1709733645648
8941269,8941269,movement,622,648,1709733645673
8941269,8941269,movement,677,650,1709733645681
8941269,8941269,movement,802,649,1709733645699
8941269,8941269,movement,929,646,1709733645715
8941269,8941269,movement,1040,642,1709733645733
8941269,8941269,movement,1127,642,1709733645747
8941269,8941269,movement,1219,642,1709733645764
8941269,8941269,movement,1289,647,1709733645785
8941269,8941269,movement,1340,652,1709733645798
8941269,8941269,movement,1382,652,1709733645815
8941269,8941269,movement,1406,652,1709733645838
8941269,8941269,movement,1420,653,1709733645852
8941269,8941269,movement,1425,653,1709733645875
8941269,8941269,movement,1429,654,1709733645909
8941269,8941269,movement,1430,654,1709733645926
8941269,8941269,movement,1430,654,1709733645963
8941269,8941269,movement,1430,653,1709733645981
8941269,8941269,movement,1430,653,1709733646146
8941269,8941269,movement,1428,652,1709733646179
8941269,8941269,movement,1427,652,1709733646230
8941269,8941269,movement,1426,652,1709733646250
8941269,8941269,movement,1426,652,1709733646270
8941269,8941269,movement,1425,652,1709733646285
8941269,8941269,movement,1424,652,1709733646309
8941269,8941269,movement,1422,652,1709733646342
8941269,8941269,movement,1422,652,1709733646375
8941269,8941269,movement,1421,652,1709733646470
8941269,8941269,mousedown,1421,652,1709733646527
8941269,8941269,mouseup,1421,652,1709733646644
8941269,8941269,movement,1420,652,1709733646831
8941269,8941269,movement,1419,652,1709733646915
8941269,8941269,movement,1418,652,1709733647031
8941269,8941269,singleclick,1418,652,1709733646649
8941269,8941269,movement,1417,652,1709733647097
8941269,8941269,movement,1417,653,1709733647130
8941269,8941269,movement,1416,653,1709733647167
8941269,8941269,movement,1416,654,1709733647294
8941269,8941269,mouseup,1416,654,1709733647295
8941269,8941269,movement,1416,654,1709733647699
8941269,8941269,movement,1416,655,1709733647729
8941269,8941269,movement,1415,655,1709733647762
8941269,8941269,movement,1415,656,1709733647795
8941269,8941269,movement,1415,657,1709733647811
8941269,8941269,movement,1415,658,1709733647829
8941269,8941269,movement,1414,658,1709733647846
8941269,8941269,movement,1414,659,1709733647863
8941269,8941269,movement,1413,660,1709733647879
8941269,8941269,movement,1412,661,1709733647896
8941269,8941269,movement,1409,662,1709733647913
8941269,8941269,movement,1405,662,1709733647929
8941269,8941269,movement,1387,664,1709733647946
8941269,8941269,movement,1355,661,1709733647963
8941269,8941269,movement,1281,652,1709733647979
8941269,8941269,movement,1213,646,1709733647997
8941269,8941269,movement,1123,632,1709733648015
8941269,8941269,movement,1015,617,1709733648029
8941269,8941269,movement,888,596,1709733648055
8941269,8941269,movement,757,569,1709733648065
8941269,8941269,movement,590,541,1709733648080
8941269,8941269,movement,526,530,1709733648097
8941269,8941269,movement,502,523,1709733648112
8941269,8941269,movement,490,516,1709733648129
8941269,8941269,movement,487,507,1709733648148
8941269,8941269,movement,486,498,1709733648163
8941269,8941269,movement,486,490,1709733648181
8941269,8941269,movement,486,483,1709733648197
8941269,8941269,movement,486,466,1709733648217
8941269,8941269,movement,483,454,1709733648234
8941269,8941269,movement,482,446,1709733648245
8941269,8941269,movement,482,442,1709733648266
8941269,8941269,movement,482,440,1709733648278
8941269,8941269,movement,483,438,1709733648294
8941269,8941269,movement,484,438,1709733648311
8941269,8941269,movement,485,438,1709733648329
8941269,8941269,movement,486,438,1709733648378
8941269,8941269,movement,486,438,1709733648414
8941269,8941269,movement,487,438,1709733648445
8941269,8941269,movement,488,438,1709733648478
8941269,8941269,movement,490,438,1709733648494
8941269,8941269,movement,490,436,1709733648521
8941269,8941269,movement,492,433,1709733648547
8941269,8941269,movement,494,423,1709733648568
8941269,8941269,movement,497,417,1709733648580
8941269,8941269,movement,500,410,1709733648596
8941269,8941269,movement,503,404,1709733648610
8941269,8941269,movement,504,401,1709733648628
8941269,8941269,movement,505,399,1709733648646
8941269,8941269,movement,505,398,1709733648678
8941269,8941269,mouseup,505,398,1709733648781
8941269,8941269,movement,507,405,1709733648861
8941269,8941269,movement,510,410,1709733648893
8941269,8941269,movement,512,416,1709733648894
8941269,8941269,movement,520,434,1709733648923
8941269,8941269,movement,530,453,1709733648955
8941269,8941269,movement,532,456,1709733648960
8941269,8941269,movement,535,462,1709733648976
8941269,8941269,movement,537,465,1709733648994
8941269,8941269,movement,538,466,1709733649010
8941269,8941269,movement,538,467,1709733649027
8941269,8941269,movement,538,467,1709733649045
8941269,8941269,movement,538,468,1709733649061
8941269,8941269,movement,539,469,1709733649078
8941269,8941269,movement,540,469,1709733649095
8941269,8941269,movement,540,470,1709733649112
8941269,8941269,movement,540,470,1709733649128
8941269,8941269,movement,540,471,1709733649145
8941269,8941269,movement,541,472,1709733649163
8941269,8941269,movement,541,473,1709733649185
8941269,8941269,singleclick,542,474,1709733648789
8941269,8941269,movement,542,474,1709733649202
8941269,8941269,movement,542,474,1709733649217
8941269,8941269,movement,542,475,1709733649251
8941269,8941269,movement,542,478,1709733649301
8941269,8941269,movement,542,479,1709733649323
8941269,8941269,movement,542,484,1709733649352
8941269,8941269,movement,538,498,1709733649394
8941269,8941269,movement,528,520,1709733649420
8941269,8941269,movement,524,526,1709733649427
8941269,8941269,movement,514,539,1709733649444
8941269,8941269,movement,504,552,1709733649463
8941269,8941269,movement,491,569,1709733649481
8941269,8941269,movement,487,574,1709733649494
8941269,8941269,movement,479,582,1709733649510
8941269,8941269,movement,475,584,1709733649527
8941269,8941269,movement,474,584,1709733649544
8941269,8941269,movement,470,584,1709733649561
8941269,8941269,movement,462,583,1709733649592
8941269,8941269,movement,454,586,1709733649625
8941269,8941269,movement,451,586,1709733649627
8941269,8941269,movement,446,593,1709733649643
8941269,8941269,movement,443,598,1709733649661
8941269,8941269,movement,435,620,1709733649678
8941269,8941269,movement,431,634,1709733649695
8941269,8941269,movement,425,648,1709733649715
8941269,8941269,movement,416,667,1709733649730
8941269,8941269,movement,412,674,1709733649744
8941269,8941269,movement,403,696,1709733649760
8941269,8941269,movement,393,714,1709733649777
8941269,8941269,movement,385,738,1709733649801
8941269,8941269,movement,377,758,1709733649841
8941269,8941269,movement,377,758,1709733649852
8941269,8941269,movement,376,757,1709733649945
8941269,8941269,movement,376,755,1709733649961
8941269,8941269,movement,376,754,1709733649977
8941269,8941269,movement,376,754,1709733649993
8941269,8941269,movement,376,753,1709733650010
8941269,8941269,movement,376,751,1709733650045
8941269,8941269,movement,376,750,1709733650061
8941269,8941269,movement,376,749,1709733650078
8941269,8941269,movement,376,748,1709733650094
8941269,8941269,movement,376,747,1709733650112
8941269,8941269,mousedown,376,747,1709733650151
8941269,8941269,movement,375,747,1709733650230
8941269,8941269,mouseup,375,747,1709733650260
8941269,8941269,movement,375,746,1709733650437
8941269,8941269,movement,376,746,1709733650460
8941269,8941269,movement,378,744,1709733650480
8941269,8941269,movement,388,726,1709733650711
8941269,8941269,movement,524,523,1709733650719
8941269,8941269,movement,569,357,1709733650820
8941269,8941269,movement,558,266,1709733650905
8941269,8941269,singleclick,558,266,1709733650382
8941269,8941269,movement,465,209,1709733651014
8941269,8941269,movement,384,197,1709733651059
8941269,8941269,movement,314,186,1709733651116
8941269,8941269,movement,295,174,1709733651238
8941269,8941269,movement,299,171,1709733651302
8941269,8941269,movement,300,171,1709733651312
8941269,8941269,movement,302,170,1709733651326
8941269,8941269,movement,305,169,1709733651385
8941269,8941269,movement,321,182,1709733651436
8941269,8941269,movement,323,186,1709733651458
8941269,8941269,movement,326,197,1709733651462
8941269,8941269,movement,330,210,1709733651478
8941269,8941269,movement,332,219,1709733651491
8941269,8941269,movement,334,231,1709733651508
8941269,8941269,movement,337,241,1709733651526
8941269,8941269,movement,337,246,1709733651542
8941269,8941269,movement,338,250,1709733651559
8941269,8941269,movement,338,250,1709733651575
8941269,8941269,movement,338,250,1709733651592
8941269,8941269,movement,340,250,1709733651609
8941269,8941269,movement,342,246,1709733651625
8941269,8941269,movement,352,240,1709733651652
8941269,8941269,movement,436,218,1709733651701
8941269,8941269,movement,464,206,1709733651715
8941269,8941269,movement,644,90,1709733651767
8941269,8941269,movement,227,169,1709733652011
8941269,8941269,movement,165,430,1709733652042
8941269,8941269,movement,243,768,1709733652084
8941269,8941269,movement,266,810,1709733652101
8941269,8941269,movement,422,807,1709733652187
8941269,8941269,movement,417,798,1709733652201
8941269,8941269,movement,402,778,1709733652208
8941269,8941269,movement,375,752,1709733652224
8941269,8941269,movement,333,727,1709733652244
8941269,8941269,movement,288,710,1709733652259
8941269,8941269,movement,262,700,1709733652271
8941269,8941269,movement,238,690,1709733652277
8941269,8941269,movement,198,676,1709733652294
8941269,8941269,movement,156,655,1709733652317
8941269,8941269,movement,152,620,1709733652355
8941269,8941269,movement,168,565,1709733652380
8941269,8941269,movement,175,545,1709733652390
8941269,8941269,movement,191,505,1709733652407
8941269,8941269,movement,212,452,1709733652427
8941269,8941269,movement,250,354,1709733652444
8941269,8941269,movement,277,299,1709733652462
8941269,8941269,movement,294,270,1709733652477
8941269,8941269,movement,302,253,1709733652492
8941269,8941269,movement,304,235,1709733652513
8941269,8941269,movement,306,228,1709733652558
8941269,8941269,movement,309,218,1709733652674
8941269,8941269,movement,297,202,1709733652746
8941269,8941269,movement,289,194,1709733652748
8941269,8941269,movement,271,185,1709733652802
8941269,8941269,movement,270,184,1709733652823
8941269,8941269,movement,270,183,1709733652848
8941269,8941269,movement,269,183,1709733652858
8941269,8941269,movement,268,182,1709733652874
8941269,8941269,movement,267,182,1709733652891
8941269,8941269,movement,266,181,1709733652907
8941269,8941269,movement,265,181,1709733652924
8941269,8941269,movement,265,180,1709733652991
8941269,8941269,movement,266,180,1709733653007
8941269,8941269,movement,267,179,1709733653023
8941269,8941269,movement,269,178,1709733653042
8941269,8941269,movement,270,178,1709733653057
8941269,8941269,movement,272,176,1709733653073
8941269,8941269,movement,274,175,1709733653091
8941269,8941269,movement,274,174,1709733653108
8941269,8941269,movement,275,174,1709733653125
8941269,8941269,mousedown,275,174,1709733653174
8941269,8941269,mouseup,275,174,1709733653271
8941269,8941269,movement,278,174,1709733653358
8941269,8941269,movement,292,184,1709733653443
8941269,8941269,movement,384,234,1709733653477
8941269,8941269,movement,728,458,1709733653572
8941269,8941269,movement,797,514,1709733653655
8941269,8941269,movement,798,514,1709733653669
8941269,8941269,movement,798,515,1709733653677
8941269,8941269,singleclick,798,515,1709733653275
8941269,8941269,movement,797,515,1709733653718
8941269,8941269,movement,796,515,1709733653727
8941269,8941269,movement,794,515,1709733653738
8941269,8941269,movement,790,516,1709733653756
8941269,8941269,movement,775,520,1709733653778
8941269,8941269,movement,761,525,1709733653794
8941269,8941269,movement,748,530,1709733653806
8941269,8941269,movement,734,537,1709733653829
8941269,8941269,movement,721,545,1709733653853
8941269,8941269,movement,718,548,1709733653858
8941269,8941269,movement,708,558,1709733653888
8941269,8941269,movement,707,560,1709733653895
8941269,8941269,movement,706,562,1709733653914
8941269,8941269,movement,706,565,1709733653926
8941269,8941269,movement,705,566,1709733653965
8941269,8941269,movement,705,567,1709733653989
8941269,8941269,movement,705,568,1709733654012
8941269,8941269,movement,705,569,1709733654047
8941269,8941269,movement,704,570,1709733654087
8941269,8941269,movement,704,571,1709733654117
8941269,8941269,movement,702,575,1709733654147
8941269,8941269,movement,701,576,1709733654156
8941269,8941269,movement,700,579,1709733654182
8941269,8941269,movement,696,590,1709733654205
8941269,8941269,movement,694,595,1709733654220
8941269,8941269,movement,694,598,1709733654225
8941269,8941269,movement,694,602,1709733654241
8941269,8941269,movement,694,606,1709733654257
8941269,8941269,movement,694,609,1709733654272
8941269,8941269,movement,694,610,1709733654288
8941269,8941269,movement,694,610,1709733654323
8941269,8941269,movement,694,610,1709733654348
8941269,8941269,mousedown,694,610,1709733654448
8941269,8941269,mouseup,694,610,1709733654544
8941269,8941269,movement,694,611,1709733654674
8941269,8941269,movement,695,611,1709733654772
8941269,8941269,movement,697,611,1709733654832
8941269,8941269,movement,702,607,1709733654926
8941269,8941269,movement,709,600,1709733654952
8941269,8941269,movement,712,595,1709733654956
8941269,8941269,singleclick,712,595,1709733654552
8941269,8941269,movement,724,582,1709733654971
8941269,8941269,movement,750,564,1709733654988
8941269,8941269,movement,787,536,1709733655018
8941269,8941269,movement,854,492,1709733655023
8941269,8941269,movement,948,434,1709733655041
8941269,8941269,movement,1040,372,1709733655055
8941269,8941269,movement,1142,314,1709733655075
8941269,8941269,movement,1285,244,1709733655089
8941269,8941269,movement,1354,214,1709733655106
8941269,8941269,movement,1383,198,1709733655119
8941269,8941269,movement,1410,186,1709733655126
8941269,8941269,movement,1446,167,1709733655147
8941269,8941269,movement,1467,154,1709733655172
8941269,8941269,movement,1468,154,1709733655181
8941269,8941269,movement,1468,155,1709733655242
8941269,8941269,movement,1467,166,1709733655278
8941269,8941269,movement,1466,176,1709733655290
8941269,8941269,movement,1464,186,1709733655307
8941269,8941269,movement,1463,193,1709733655323
8941269,8941269,movement,1462,198,1709733655326
8941269,8941269,movement,1462,214,1709733655346
8941269,8941269,movement,1461,238,1709733655359
8941269,8941269,movement,1461,243,1709733655373
8941269,8941269,movement,1459,257,1709733655394
8941269,8941269,movement,1459,268,1709733655410
8941269,8941269,movement,1459,274,1709733655423
8941269,8941269,movement,1460,278,1709733655441
8941269,8941269,movement,1460,279,1709733655466
8941269,8941269,movement,1461,279,1709733655495
8941269,8941269,movement,1462,279,1709733655524
8941269,8941269,movement,1462,279,1709733655561
8941269,8941269,movement,1467,281,1709733655608
8941269,8941269,movement,1470,282,1709733655627
8941269,8941269,movement,1472,282,1709733655639
8941269,8941269,movement,1474,282,1709733655661
8941269,8941269,movement,1476,282,1709733655673
8941269,8941269,movement,1477,282,1709733655691
8941269,8941269,movement,1478,281,1709733655705
8941269,8941269,mousedown,1478,281,1709733655833
8941269,8941269,mouseup,1478,281,1709733655906
8941269,8941269,movement,1479,281,1709733655931
8941269,8941269,movement,1480,281,1709733655950
8941269,8941269,movement,1480,282,1709733656029
8941269,8941269,movement,1480,282,1709733656053
8941269,8941269,movement,1479,284,1709733656061
8941269,8941269,movement,1478,286,1709733656075
8941269,8941269,movement,1477,289,1709733656087
8941269,8941269,movement,1474,293,1709733656105
8941269,8941269,movement,1470,298,1709733656126
8941269,8941269,movement,1460,308,1709733656139
8941269,8941269,movement,1449,316,1709733656155
8941269,8941269,movement,1438,322,1709733656172
8941269,8941269,movement,1426,329,1709733656190
8941269,8941269,movement,1414,337,1709733656213
8941269,8941269,movement,1399,348,1709733656242
8941269,8941269,movement,1397,350,1709733656245
8941269,8941269,movement,1395,352,1709733656256
8941269,8941269,movement,1394,352,1709733656270
8941269,8941269,movement,1393,354,1709733656286
8941269,8941269,movement,1393,356,1709733656304
8941269,8941269,movement,1392,358,1709733656320
8941269,8941269,movement,1391,361,1709733656340
8941269,8941269,movement,1390,365,1709733656356
8941269,8941269,movement,1388,371,1709733656373
8941269,8941269,movement,1388,374,1709733656387
8941269,8941269,movement,1388,376,1709733656404
8941269,8941269,movement,1387,377,1709733656420
8941269,8941269,movement,1387,378,1709733656437
8941269,8941269,movement,1387,378,1709733656597
8941269,8941269,movement,1386,378,1709733656612
8941269,8941269,mousedown,1386,378,1709733656638
8941269,8941269,mouseup,1386,378,1709733656731
8941269,8941269,movement,1379,381,1709733656958
8941269,8941269,movement,1374,382,1709733656971
8941269,8941269,movement,1366,384,1709733656996
8941269,8941269,movement,1359,385,1709733657013
8941269,8941269,movement,1355,385,1709733657020
8941269,8941269,movement,1347,385,1709733657038
8941269,8941269,movement,1342,385,1709733657054
8941269,8941269,movement,1335,385,1709733657070
8941269,8941269,movement,1331,385,1709733657086
8941269,8941269,movement,1324,385,1709733657103
8941269,8941269,movement,1311,382,1709733657120
8941269,8941269,movement,1294,382,1709733657136
8941269,8941269,singleclick,1294,382,1709733656735
8941269,8941269,movement,1275,382,1709733657154
8941269,8941269,movement,1253,382,1709733657171
8941269,8941269,movement,1230,384,1709733657187
8941269,8941269,movement,1193,389,1709733657206
8941269,8941269,movement,1176,390,1709733657220
8941269,8941269,movement,1113,397,1709733657236
8941269,8941269,movement,1064,401,1709733657253
8941269,8941269,movement,1016,406,1709733657272
8941269,8941269,movement,968,410,1709733657287
8941269,8941269,movement,931,416,1709733657304
8941269,8941269,movement,903,420,1709733657323
8941269,8941269,movement,866,427,1709733657338
8941269,8941269,movement,840,433,1709733657353
8941269,8941269,movement,770,451,1709733657394
8941269,8941269,movement,737,462,1709733657414
8941269,8941269,movement,718,467,1709733657421
8941269,8941269,movement,670,478,1709733657441
8941269,8941269,movement,642,484,1709733657452
8941269,8941269,movement,614,487,1709733657470
8941269,8941269,movement,584,490,1709733657485
8941269,8941269,movement,553,493,1709733657507
8941269,8941269,movement,524,498,1709733657519
8941269,8941269,movement,489,503,1709733657537
8941269,8941269,movement,474,508,1709733657556
8941269,8941269,movement,462,511,1709733657573
8941269,8941269,movement,453,514,1709733657586
8941269,8941269,movement,442,518,1709733657605
8941269,8941269,movement,426,521,1709733657636
8941269,8941269,movement,425,521,1709733657661
8941269,8941269,movement,426,518,1709733657697
8941269,8941269,movement,427,517,1709733657702
8941269,8941269,movement,431,509,1709733657720
8941269,8941269,movement,437,497,1709733657736
8941269,8941269,movement,442,481,1709733657759
8941269,8941269,movement,448,466,1709733657771
8941269,8941269,movement,451,457,1709733657788
8941269,8941269,movement,461,438,1709733657805
8941269,8941269,movement,474,421,1709733657826
8941269,8941269,movement,480,410,1709733657840
8941269,8941269,movement,486,399,1709733657855
8941269,8941269,movement,494,386,1709733657882
8941269,8941269,movement,504,370,1709733657911
8941269,8941269,movement,512,356,1709733657945
8941269,8941269,movement,526,336,1709733658007
8941269,8941269,movement,537,321,1709733658046
8941269,8941269,movement,539,315,1709733658066
8941269,8941269,movement,541,312,1709733658104
8941269,8941269,movement,542,311,1709733658223
8941269,8941269,mouseup,542,311,1709733658254
8941269,8941269,movement,542,311,1709733658301
8941269,8941269,movement,542,312,1709733658330
8941269,8941269,movement,543,337,1709733658378
8941269,8941269,movement,551,420,1709733658456
8941269,8941269,movement,554,443,1709733658472
8941269,8941269,movement,556,461,1709733658484
8941269,8941269,movement,556,477,1709733658503
8941269,8941269,movement,556,488,1709733658518
8941269,8941269,movement,558,499,1709733658542
8941269,8941269,movement,564,512,1709733658556
8941269,8941269,movement,577,526,1709733658575
8941269,8941269,movement,598,539,1709733658589
8941269,8941269,movement,637,553,1709733658605
8941269,8941269,movement,702,562,1709733658619
8941269,8941269,movement,860,582,1709733658637
8941269,8941269,movement,989,594,1709733658654
8941269,8941269,singleclick,989,594,1709733658260
8941269,8941269,movement,1088,602,1709733658670
8941269,8941269,movement,1160,606,1709733658692
8941269,8941269,movement,1212,607,1709733658704
8941269,8941269,movement,1243,609,1709733658719
8941269,8941269,movement,1266,611,1709733658738
8941269,8941269,movement,1277,614,1709733658756
8941269,8941269,movement,1294,618,1709733658769
8941269,8941269,movement,1306,621,1709733658786
8941269,8941269,movement,1325,623,1709733658816
8941269,8941269,movement,1330,623,1709733658835
8941269,8941269,movement,1354,624,1709733658871
8941269,8941269,movement,1359,624,1709733658885
8941269,8941269,movement,1362,624,1709733658902
8941269,8941269,movement,1362,624,1709733658935
8941269,8941269,movement,1363,626,1709733658953
8941269,8941269,movement,1366,630,1709733658968
8941269,8941269,movement,1376,642,1709733658985
8941269,8941269,movement,1381,647,1709733659006
8941269,8941269,movement,1384,650,1709733659019
8941269,8941269,movement,1386,650,1709733659036
8941269,8941269,movement,1400,651,1709733659090
8941269,8941269,movement,1410,653,1709733659142
8941269,8941269,movement,1413,653,1709733659168
8941269,8941269,movement,1414,653,1709733659187
8941269,8941269,movement,1418,652,1709733659203
8941269,8941269,movement,1422,651,1709733659219
8941269,8941269,movement,1422,650,1709733659235
8941269,8941269,movement,1422,650,1709733659297
8941269,8941269,movement,1422,650,1709733659460
8941269,8941269,movement,1421,650,1709733659483
8941269,8941269,movement,1419,650,1709733659543
8941269,8941269,movement,1417,651,1709733659594
8941269,8941269,movement,1415,652,1709733659652
8941269,8941269,mouseup,1415,652,1709733659805
8941269,8941269,movement,1414,652,1709733659882
8941269,8941269,movement,1178,636,1709733659972
8941269,8941269,movement,1021,624,1709733659993
8941269,8941269,movement,977,621,1709733660001
8941269,8941269,movement,884,618,1709733660017
8941269,8941269,movement,799,615,1709733660034
8941269,8941269,movement,714,615,1709733660050
8941269,8941269,movement,686,618,1709733660067
8941269,8941269,movement,659,621,1709733660093
8941269,8941269,movement,654,622,1709733660100
8941269,8941269,movement,638,624,1709733660117
8941269,8941269,movement,611,628,1709733660133
8941269,8941269,movement,591,632,1709733660150
8941269,8941269,movement,572,637,1709733660168
8941269,8941269,movement,557,638,1709733660188
8941269,8941269,movement,547,640,1709733660202
8941269,8941269,movement,542,640,1709733660219
8941269,8941269,movement,541,638,1709733660273
8941269,8941269,movement,538,634,1709733660292
8941269,8941269,movement,535,630,1709733660303
8941269,8941269,movement,533,615,1709733660331
8941269,8941269,movement,533,594,1709733660344
8941269,8941269,movement,533,581,1709733660352
8941269,8941269,movement,533,554,1709733660370
8941269,8941269,movement,529,508,1709733660388
8941269,8941269,movement,527,494,1709733660405
8941269,8941269,movement,522,460,1709733660420
8941269,8941269,movement,522,442,1709733660436
8941269,8941269,movement,522,430,1709733660451
8941269,8941269,movement,524,422,1709733660470
8941269,8941269,movement,528,414,1709733660485
8941269,8941269,movement,531,408,1709733660503
8941269,8941269,movement,534,404,1709733660517
8941269,8941269,movement,535,401,1709733660533
8941269,8941269,movement,537,399,1709733660550
8941269,8941269,movement,538,398,1709733660569
8941269,8941269,movement,539,398,1709733660585
8941269,8941269,movement,540,399,1709733660634
8941269,8941269,movement,542,402,1709733660650
8941269,8941269,movement,542,404,1709733660668
8941269,8941269,movement,542,405,1709733660700
8941269,8941269,mouseup,542,405,1709733660940
8941269,8941269,movement,542,406,1709733661015
8941269,8941269,movement,559,458,1709733661082
8941269,8941269,movement,584,534,1709733661158
8941269,8941269,movement,586,537,1709733661165
8941269,8941269,movement,589,544,1709733661184
8941269,8941269,movement,592,552,1709733661204
8941269,8941269,movement,593,557,1709733661216
8941269,8941269,movement,594,562,1709733661232
8941269,8941269,movement,594,570,1709733661251
8941269,8941269,movement,594,594,1709733661268
8941269,8941269,movement,594,611,1709733661290
8941269,8941269,movement,590,631,1709733661305
8941269,8941269,movement,582,662,1709733661323
8941269,8941269,movement,580,674,1709733661334
8941269,8941269,movement,579,678,1709733661350
8941269,8941269,singleclick,579,678,1709733660951
8941269,8941269,movement,578,683,1709733661369
8941269,8941269,movement,577,685,1709733661388
8941269,8941269,movement,576,686,1709733661402
8941269,8941269,movement,575,686,1709733661590
8941269,8941269,movement,574,686,1709733661639
8941269,8941269,movement,573,686,1709733661678
8941269,8941269,movement,571,686,1709733661699
8941269,8941269,movement,570,686,1709733661702
8941269,8941269,movement,570,686,1709733661716
8941269,8941269,movement,568,686,1709733661733
8941269,8941269,movement,567,687,1709733661753
8941269,8941269,movement,559,689,1709733661790
8941269,8941269,movement,554,689,1709733661826
8941269,8941269,movement,552,689,1709733661839
8941269,8941269,movement,543,685,1709733661849
8941269,8941269,movement,527,678,1709733661865
8941269,8941269,movement,510,674,1709733661884
8941269,8941269,movement,486,670,1709733661903
8941269,8941269,movement,481,670,1709733661916
8941269,8941269,movement,470,670,1709733661932
8941269,8941269,movement,461,670,1709733661948
8941269,8941269,movement,456,673,1709733661972
8941269,8941269,movement,450,676,1709733661990
8941269,8941269,movement,438,682,1709733662010
8941269,8941269,movement,430,688,1709733662029
8941269,8941269,movement,423,692,1709733662033
8941269,8941269,movement,414,700,1709733662051
8941269,8941269,movement,404,709,1709733662064
8941269,8941269,movement,396,718,1709733662082
8941269,8941269,movement,390,726,1709733662102
8941269,8941269,movement,388,731,1709733662116
8941269,8941269,movement,387,734,1709733662137
8941269,8941269,movement,386,737,1709733662156
8941269,8941269,movement,386,738,1709733662167
8941269,8941269,movement,386,739,1709733662182
8941269,8941269,movement,386,740,1709733662198
8941269,8941269,movement,385,741,1709733662228
8941269,8941269,mousedown,385,741,1709733662356
8941269,8941269,mouseup,385,741,1709733662438
8941269,8941269,movement,422,733,1709733662759
8941269,8941269,movement,555,693,1709733662762
8941269,8941269,movement,594,673,1709733662779
8941269,8941269,movement,659,616,1709733662810
8941269,8941269,movement,697,556,1709733662844
8941269,8941269,movement,717,506,1709733662891
8941269,8941269,movement,732,468,1709733662942
8941269,8941269,singleclick,732,468,1709733662513
8941269,8941269,movement,736,460,1709733662988
8941269,8941269,movement,740,450,1709733663050
8941269,8941269,movement,740,450,1709733663122
8941269,8941269,movement,766,469,1709733663232
8941269,8941269,movement,767,469,1709733663271
8941269,8941269,movement,766,466,1709733663281
8941269,8941269,movement,760,461,1709733663299
8941269,8941269,movement,750,455,1709733663314
8941269,8941269,movement,742,453,1709733663332
8941269,8941269,movement,736,450,1709733663350
8941269,8941269,movement,729,450,1709733663363
8941269,8941269,movement,725,449,1709733663380
8941269,8941269,movement,719,446,1709733663399
8941269,8941269,movement,702,438,1709733663425
8941269,8941269,movement,681,430,1709733663448
8941269,8941269,movement,666,426,1709733663479
8941269,8941269,movement,659,426,1709733663506
8941269,8941269,movement,658,426,1709733663525
8941269,8941269,movement,658,427,1709733663533
8941269,8941269,movement,658,427,1709733663546
8941269,8941269,movement,657,432,1709733663565
8941269,8941269,movement,657,434,1709733663581
8941269,8941269,movement,658,438,1709733663608
8941269,8941269,movement,659,443,1709733663645
8941269,8941269,movement,668,454,1709733663705
8941269,8941269,movement,670,457,1709733663769
8941269,8941269,movement,670,456,1709733663839
8941269,8941269,movement,670,454,1709733663847
8941269,8941269,movement,666,449,1709733663863
8941269,8941269,movement,660,441,1709733663880
8941269,8941269,movement,649,428,1709733663902
8941269,8941269,movement,636,414,1709733663918
8941269,8941269,movement,621,403,1709733663933
8941269,8941269,movement,604,394,1709733663949
8941269,8941269,movement,571,379,1709733663964
8941269,8941269,movement,549,370,1709733663984
8941269,8941269,movement,508,354,1709733664009
8941269,8941269,movement,490,347,1709733664048
8941269,8941269,movement,486,346,1709733664054
8941269,8941269,movement,480,344,1709733664063
8941269,8941269,movement,470,341,1709733664079
8941269,8941269,movement,458,335,1709733664097
8941269,8941269,movement,448,330,1709733664113
8941269,8941269,movement,438,322,1709733664131
8941269,8941269,movement,428,311,1709733664148
8941269,8941269,movement,414,293,1709733664163
8941269,8941269,movement,398,269,1709733664180
8941269,8941269,movement,371,234,1709733664197
8941269,8941269,movement,362,223,1709733664214
8941269,8941269,movement,337,202,1709733664230
8941269,8941269,movement,325,194,1709733664251
8941269,8941269,movement,319,190,1709733664270
8941269,8941269,movement,318,189,1709733664286
8941269,8941269,movement,318,188,1709733664300
8941269,8941269,movement,318,188,1709733664354
8941269,8941269,movement,317,188,1709733664401
8941269,8941269,movement,316,188,1709733664514
8941269,8941269,movement,315,187,1709733664530
8941269,8941269,movement,314,186,1709733664546
8941269,8941269,movement,309,183,1709733664566
8941269,8941269,movement,302,181,1709733664595
8941269,8941269,movement,294,177,1709733664615
8941269,8941269,movement,286,174,1709733664636
8941269,8941269,movement,282,172,1709733664658
8941269,8941269,movement,281,170,1709733664680
8941269,8941269,movement,279,170,1709733664715
8941269,8941269,movement,278,169,1709733664768
8941269,8941269,movement,278,168,1709733664791
8941269,8941269,mousedown,278,168,1709733664798
8941269,8941269,movement,277,168,1709733664813
8941269,8941269,mouseup,277,168,1709733664899
8941269,8941269,movement,293,194,1709733665001
8941269,8941269,movement,342,262,1709733665058
8941269,8941269,movement,486,468,1709733665113
8941269,8941269,movement,624,550,1709733665181
8941269,8941269,movement,778,520,1709733665259
8941269,8941269,movement,795,506,1709733665293
8941269,8941269,movement,796,499,1709733665325
8941269,8941269,singleclick,796,499,1709733664902
8941269,8941269,movement,794,491,1709733665353
8941269,8941269,movement,784,481,1709733665395
8941269,8941269,movement,776,478,1709733665444
8941269,8941269,movement,774,478,1709733665501
8941269,8941269,movement,767,491,1709733665585
8941269,8941269,movement,765,495,1709733665701
8941269,8941269,movement,763,496,1709733665796
8941269,8941269,movement,762,502,1709733665826
8941269,8941269,movement,762,506,1709733665849
8941269,8941269,movement,760,514,1709733665859
8941269,8941269,movement,758,524,1709733665873
8941269,8941269,movement,758,528,1709733665884
8941269,8941269,movement,758,539,1709733665900
8941269,8941269,movement,758,549,1709733665916
8941269,8941269,movement,757,557,1709733665937
8941269,8941269,movement,755,567,1709733665954
8941269,8941269,movement,755,570,1709733665961
8941269,8941269,movement,754,571,1709733665978
8941269,8941269,movement,755,571,1709733666039
8941269,8941269,movement,754,570,1709733666153
8941269,8941269,movement,754,570,1709733666170
8941269,8941269,movement,754,569,1709733666187
8941269,8941269,movement,753,568,1709733666194
8941269,8941269,movement,753,566,1709733666211
8941269,8941269,movement,752,565,1709733666228
8941269,8941269,movement,752,564,1709733666244
8941269,8941269,movement,749,554,1709733666265
8941269,8941269,movement,746,546,1709733666283
8941269,8941269,movement,745,536,1709733666297
8941269,8941269,movement,744,536,1709733666381
8941269,8941269,movement,744,535,1709733666397
8941269,8941269,movement,744,534,1709733666413
8941269,8941269,movement,744,534,1709733666420
8941269,8941269,movement,744,533,1709733666435
8941269,8941269,movement,744,532,1709733666451
8941269,8941269,movement,744,529,1709733666473
8941269,8941269,movement,744,527,1709733666480
8941269,8941269,movement,743,523,1709733666497
8941269,8941269,movement,742,514,1709733666516
8941269,8941269,movement,741,511,1709733666528
8941269,8941269,movement,741,510,1709733666546
8941269,8941269,movement,741,509,1709733666561
8941269,8941269,movement,740,506,1709733666578
8941269,8941269,movement,739,506,1709733666596
8941269,8941269,movement,739,506,1709733666611
8941269,8941269,mousedown,739,506,1709733666664
8941269,8941269,mouseup,739,506,1709733666765
8941269,8941269,movement,740,506,1709733666934
8941269,8941269,movement,745,507,1709733666964
8941269,8941269,movement,766,510,1709733666999
8941269,8941269,movement,835,507,1709733667043
8941269,8941269,movement,967,490,1709733667095
8941269,8941269,movement,1186,413,1709733667144
8941269,8941269,movement,1318,315,1709733667197
8941269,8941269,movement,1378,265,1709733667245
8941269,8941269,movement,1407,250,1709733667306
8941269,8941269,movement,1443,233,1709733667410
8941269,8941269,singleclick,1443,233,1709733666776
8941269,8941269,movement,1459,236,1709733667498
8941269,8941269,movement,1486,254,1709733667556
8941269,8941269,movement,1488,256,1709733667562
8941269,8941269,movement,1488,257,1709733667583
8941269,8941269,movement,1490,260,1709733667595
8941269,8941269,movement,1492,264,1709733667616
8941269,8941269,movement,1494,266,1709733667627
8941269,8941269,movement,1494,268,1709733667644
8941269,8941269,movement,1496,270,1709733667660
8941269,8941269,movement,1496,274,1709733667681
8941269,8941269,movement,1496,279,1709733667695
8941269,8941269,movement,1496,281,1709733667711
8941269,8941269,movement,1496,283,1709733667727
8941269,8941269,movement,1496,284,1709733667745
8941269,8941269,movement,1495,284,1709733667823
8941269,8941269,movement,1494,284,1709733667846
8941269,8941269,mousedown,1494,284,1709733667919
8941269,8941269,mouseup,1494,284,1709733667992
8941269,8941269,movement,1494,285,1709733668063
8941269,8941269,movement,1494,286,1709733668075
8941269,8941269,movement,1491,290,1709733668099
8941269,8941269,movement,1487,293,1709733668123
8941269,8941269,movement,1477,300,1709733668140
8941269,8941269,movement,1466,308,1709733668159
8941269,8941269,movement,1446,321,1709733668176
8941269,8941269,movement,1441,326,1709733668194
8941269,8941269,movement,1430,334,1709733668211
8941269,8941269,movement,1418,340,1709733668229
8941269,8941269,movement,1414,343,1709733668244
8941269,8941269,movement,1410,345,1709733668259
8941269,8941269,movement,1406,353,1709733668292
8941269,8941269,movement,1399,358,1709733668310
8941269,8941269,movement,1397,362,1709733668325
8941269,8941269,movement,1394,365,1709733668345
8941269,8941269,movement,1392,368,1709733668366
8941269,8941269,movement,1391,371,1709733668385
8941269,8941269,movement,1390,372,1709733668395
8941269,8941269,movement,1390,373,1709733668409
8941269,8941269,movement,1390,374,1709733668425
8941269,8941269,movement,1390,375,1709733668441
8941269,8941269,movement,1389,376,1709733668459
8941269,8941269,movement,1389,377,1709733668476
8941269,8941269,movement,1389,378,1709733668493
8941269,8941269,movement,1389,379,1709733668509
8941269,8941269,mousedown,1389,379,1709733668668
8941269,8941269,mouseup,1389,379,1709733668760
8941269,8941269,movement,1386,378,1709733668893
8941269,8941269,movement,1376,377,1709733668908
8941269,8941269,movement,1367,374,1709733668925
8941269,8941269,movement,1322,369,1709733668942
8941269,8941269,movement,1267,366,1709733668959
8941269,8941269,movement,1198,364,1709733668976
8941269,8941269,movement,1135,362,1709733668993
8941269,8941269,movement,1091,361,1709733669010
8941269,8941269,movement,707,361,1709733669254
8941269,8941269,singleclick,707,361,1709733668763
8941269,8941269,movement,621,366,1709733669379
8941269,8941269,movement,563,370,1709733669437
8941269,8941269,movement,555,370,1709733669450
8941269,8941269,movement,546,372,1709733669461
8941269,8941269,movement,530,375,1709733669477
8941269,8941269,movement,521,379,1709733669494
8941269,8941269,movement,514,386,1709733669509
8941269,8941269,movement,506,391,1709733669529
8941269,8941269,movement,499,398,1709733669542
8941269,8941269,movement,492,407,1709733669558
8941269,8941269,movement,484,418,1709733669576
8941269,8941269,movement,476,438,1709733669594
8941269,8941269,movement,472,451,1709733669612
8941269,8941269,movement,470,463,1709733669625
8941269,8941269,movement,469,474,1709733669641
8941269,8941269,movement,469,486,1709733669659
8941269,8941269,movement,470,499,1709733669676
8941269,8941269,movement,471,514,1709733669694
8941269,8941269,movement,471,535,1709733669708
8941269,8941269,movement,471,551,1709733669726
8941269,8941269,movement,471,569,1709733669744
8941269,8941269,movement,471,593,1709733669758
8941269,8941269,movement,471,605,1709733669785
8941269,8941269,movement,471,616,1709733669795
8941269,8941269,movement,471,626,1709733669809
8941269,8941269,movement,471,632,1709733669825
8941269,8941269,movement,472,636,1709733669841
8941269,8941269,movement,472,638,1709733669865
8941269,8941269,movement,473,638,1709733669884
8941269,8941269,movement,473,638,1709733669957
8941269,8941269,movement,473,639,1709733669974
8941269,8941269,movement,472,639,1709733669992
8941269,8941269,movement,471,639,1709733670145
8941269,8941269,movement,471,638,1709733670181
8941269,8941269,movement,470,633,1709733670198
8941269,8941269,movement,470,625,1709733670228
8941269,8941269,movement,470,614,1709733670249
8941269,8941269,movement,470,610,1709733670263
8941269,8941269,movement,470,603,1709733670275
8941269,8941269,movement,470,594,1709733670296
8941269,8941269,movement,472,582,1709733670308
8941269,8941269,movement,476,554,1709733670327
8941269,8941269,movement,478,517,1709733670353
8941269,8941269,movement,479,469,1709733670385
8941269,8941269,movement,510,365,1709733670516
8941269,8941269,movement,514,354,1709733670611
8941269,8941269,movement,514,353,1709733670631
8941269,8941269,movement,514,352,1709733670641
8941269,8941269,movement,514,350,1709733670658
8941269,8941269,movement,516,345,1709733670673
8941269,8941269,movement,517,342,1709733670693
8941269,8941269,movement,518,340,1709733670707
8941269,8941269,movement,518,338,1709733670724
8941269,8941269,movement,519,337,1709733670741
8941269,8941269,movement,520,335,1709733670760
8941269,8941269,movement,520,334,1709733670791
8941269,8941269,movement,520,334,1709733670808
8941269,8941269,movement,520,332,1709733670824
8941269,8941269,movement,520,331,1709733670842
8941269,8941269,movement,520,330,1709733670857
8941269,8941269,mouseup,520,330,1709733670995
8941269,8941269,movement,521,335,1709733671228
8941269,8941269,movement,522,339,1709733671241
8941269,8941269,movement,522,346,1709733671257
8941269,8941269,movement,522,355,1709733671276
8941269,8941269,movement,523,367,1709733671290
8941269,8941269,movement,523,383,1709733671306
8941269,8941269,movement,523,403,1709733671323
8941269,8941269,movement,521,441,1709733671344
8941269,8941269,movement,516,477,1709733671366
8941269,8941269,movement,515,489,1709733671375
8941269,8941269,movement,514,515,1709733671390
8941269,8941269,movement,514,526,1709733671406
8941269,8941269,singleclick,514,526,1709733671001
8941269,8941269,movement,519,553,1709733671428
8941269,8941269,movement,527,563,1709733671445
8941269,8941269,movement,547,576,1709733671460
8941269,8941269,movement,558,581,1709733671473
8941269,8941269,movement,600,594,1709733671490
8941269,8941269,movement,666,603,1709733671515
8941269,8941269,movement,800,622,1709733671527
8941269,8941269,movement,917,638,1709733671540
8941269,8941269,movement,1029,646,1709733671560
8941269,8941269,movement,1127,650,1709733671573
8941269,8941269,movement,1211,650,1709733671590
8941269,8941269,movement,1277,649,1709733671606
8941269,8941269,movement,1339,646,1709733671623
8941269,8941269,movement,1358,644,1709733671643
8941269,8941269,movement,1406,642,1709733671658
8941269,8941269,movement,1424,642,1709733671676
8941269,8941269,movement,1438,640,1709733671691
8941269,8941269,movement,1449,640,1709733671707
8941269,8941269,movement,1464,642,1709733671723
8941269,8941269,movement,1471,642,1709733671740
8941269,8941269,movement,1476,644,1709733671757
8941269,8941269,movement,1478,644,1709733671773
8941269,8941269,movement,1480,646,1709733671793
8941269,8941269,movement,1481,646,1709733671807
8941269,8941269,movement,1479,646,1709733671891
8941269,8941269,movement,1474,646,1709733671913
8941269,8941269,movement,1466,646,1709733671928
8941269,8941269,movement,1453,648,1709733671948
8941269,8941269,movement,1438,654,1709733671973
8941269,8941269,movement,1430,656,1709733671989
8941269,8941269,movement,1424,660,1709733672007
8941269,8941269,movement,1417,661,1709733672034
8941269,8941269,movement,1416,662,1709733672038
8941269,8941269,movement,1414,662,1709733672056
8941269,8941269,movement,1414,662,1709733672073
8941269,8941269,movement,1413,660,1709733672191
8941269,8941269,movement,1413,658,1709733672206
8941269,8941269,movement,1413,657,1709733672223
8941269,8941269,movement,1413,654,1709733672239
8941269,8941269,movement,1413,653,1709733672287
8941269,8941269,mouseup,1413,653,1709733672410
8941269,8941269,movement,1407,655,1709733672556
8941269,8941269,movement,1086,639,1709733672633
8941269,8941269,movement,635,618,1709733672707
8941269,8941269,movement,551,622,1709733672792
8941269,8941269,movement,539,625,1709733672818
8941269,8941269,movement,536,625,1709733672841
8941269,8941269,movement,535,625,1709733672854
8941269,8941269,movement,537,625,1709733672983
8941269,8941269,movement,542,620,1709733673018
8941269,8941269,movement,542,618,1709733673024
8941269,8941269,movement,545,612,1709733673041
8941269,8941269,movement,549,602,1709733673054
8941269,8941269,movement,552,589,1709733673075
8941269,8941269,movement,552,569,1709733673095
8941269,8941269,movement,552,551,1709733673109
8941269,8941269,movement,552,535,1709733673124
8941269,8941269,movement,553,523,1709733673142
8941269,8941269,movement,554,517,1709733673156
8941269,8941269,movement,556,511,1709733673174
8941269,8941269,movement,557,506,1709733673188
8941269,8941269,movement,558,496,1709733673206
8941269,8941269,movement,558,482,1709733673226
8941269,8941269,movement,558,470,1709733673244
8941269,8941269,movement,558,462,1709733673260
8941269,8941269,movement,558,458,1709733673272
8941269,8941269,movement,558,457,1709733673289
8941269,8941269,movement,559,455,1709733673356
8941269,8941269,movement,559,454,1709733673373
8941269,8941269,movement,559,450,1709733673388
8941269,8941269,movement,559,443,1709733673404
8941269,8941269,movement,559,436,1709733673423
8941269,8941269,movement,559,429,1709733673440
8941269,8941269,movement,559,425,1709733673459
8941269,8941269,movement,559,421,1709733673471
8941269,8941269,movement,559,420,1709733673489
8941269,8941269,movement,559,419,1709733673504
8941269,8941269,movement,559,417,1709733673521
8941269,8941269,movement,559,416,1709733673541
8941269,8941269,movement,560,415,1709733673555
8941269,8941269,movement,560,414,1709733673571
8941269,8941269,movement,561,413,1709733673590
8941269,8941269,mouseup,561,413,1709733673789
8941269,8941269,movement,589,440,1709733673901
8941269,8941269,movement,604,455,1709733673931
8941269,8941269,movement,638,488,1709733673934
8941269,8941269,movement,647,497,1709733673964
8941269,8941269,movement,718,550,1709733674000
8941269,8941269,movement,725,555,1709733674011
8941269,8941269,movement,727,558,1709733674020
8941269,8941269,movement,733,562,1709733674036
8941269,8941269,movement,737,565,1709733674054
8941269,8941269,movement,738,566,1709733674074
8941269,8941269,movement,742,570,1709733674089
8941269,8941269,movement,750,580,1709733674104
8941269,8941269,movement,751,583,1709733674120
8941269,8941269,movement,752,585,1709733674137
8941269,8941269,movement,754,588,1709733674156
8941269,8941269,movement,754,591,1709733674172
8941269,8941269,movement,755,594,1709733674189
8941269,8941269,movement,756,598,1709733674205
8941269,8941269,movement,757,602,1709733674221
8941269,8941269,singleclick,757,602,1709733673799
8941269,8941269,movement,758,607,1709733674250
8941269,8941269,movement,758,611,1709733674269
8941269,8941269,movement,758,614,1709733674284
8941269,8941269,movement,758,615,1709733674307
8941269,8941269,movement,758,618,1709733674332
8941269,8941269,movement,758,619,1709733674363
8941269,8941269,movement,754,622,1709733674383
8941269,8941269,movement,750,625,1709733674405
8941269,8941269,movement,741,631,1709733674430
8941269,8941269,movement,716,643,1709733674455
8941269,8941269,movement,695,650,1709733674478
8941269,8941269,movement,635,672,1709733674510
8941269,8941269,movement,500,716,1709733674566
8941269,8941269,movement,492,720,1709733674583
8941269,8941269,movement,478,727,1709733674598
8941269,8941269,movement,474,729,1709733674618
8941269,8941269,movement,474,729,1709733674633
8941269,8941269,movement,470,726,1709733674657
8941269,8941269,movement,466,722,1709733674675
8941269,8941269,movement,464,722,1709733674694
8941269,8941269,movement,462,720,1709733674714
8941269,8941269,movement,458,718,1709733674755
8941269,8941269,movement,454,719,1709733674793
8941269,8941269,movement,448,726,1709733674831
8941269,8941269,movement,438,732,1709733674856
8941269,8941269,movement,430,734,1709733674883
8941269,8941269,movement,427,734,1709733674907
8941269,8941269,movement,426,735,1709733674928
8941269,8941269,movement,422,735,1709733674965
8941269,8941269,movement,416,736,1709733675000
8941269,8941269,movement,413,737,1709733675024
8941269,8941269,movement,411,737,1709733675043
8941269,8941269,movement,410,737,1709733675060
8941269,8941269,movement,410,737,1709733675077
8941269,8941269,movement,409,737,1709733675094
8941269,8941269,movement,408,737,1709733675132
8941269,8941269,movement,407,737,1709733675149
8941269,8941269,movement,406,738,1709733675167
8941269,8941269,movement,403,738,1709733675189
8941269,8941269,movement,399,740,1709733675208
8941269,8941269,movement,398,741,1709733675225
8941269,8941269,movement,397,741,1709733675259
8941269,8941269,mousedown,397,741,1709733675352
8941269,8941269,mouseup,397,741,1709733675462
8941269,8941269,movement,411,738,1709733677004
8941269,8941269,singleclick,411,738,1709733675663
8941269,8941269,movement,404,738,1709733677105
8941269,8941269,movement,395,739,1709733677182
8941269,8941269,movement,382,742,1709733677277
8941269,8941269,movement,381,742,1709733677418
8941269,8941269,movement,381,733,1709733677495
8941269,8941269,movement,346,498,1709733677559
8941269,8941269,movement,97,233,1709733677690
8941269,8941269,movement,89,239,1709733677741
8941269,8941269,movement,89,246,1709733677751
8941269,8941269,movement,89,254,1709733677771
8941269,8941269,movement,89,264,1709733677786
8941269,8941269,movement,94,277,1709733677805
8941269,8941269,movement,99,291,1709733677819
8941269,8941269,movement,106,304,1709733677839
8941269,8941269,movement,112,316,1709733677850
8941269,8941269,movement,136,341,1709733677882
8941269,8941269,movement,174,359,1709733677905
8941269,8941269,movement,250,385,1709733677937
8941269,8941269,movement,316,406,1709733677938
8941269,8941269,movement,354,417,1709733677951
8941269,8941269,movement,430,438,1709733677967
8941269,8941269,movement,508,458,1709733677984
8941269,8941269,movement,590,474,1709733678000
8941269,8941269,movement,615,475,1709733678017
8941269,8941269,movement,630,475,1709733678037
8941269,8941269,movement,634,475,1709733678050
8941269,8941269,movement,634,474,1709733678067
8941269,8941269,movement,635,474,1709733678084
8941269,8941269,movement,635,473,1709733678114
8941269,8941269,movement,632,468,1709733678138
8941269,8941269,movement,535,381,1709733678216
8941269,8941269,movement,367,213,1709733678316
8941269,8941269,movement,348,201,1709733678357
8941269,8941269,movement,311,185,1709733678409
8941269,8941269,movement,302,183,1709733678429
8941269,8941269,movement,300,182,1709733678441
8941269,8941269,movement,298,182,1709733678449
8941269,8941269,movement,292,178,1709733678466
8941269,8941269,movement,288,176,1709733678483
8941269,8941269,movement,283,173,1709733678500
8941269,8941269,movement,281,171,1709733678520
8941269,8941269,movement,279,170,1709733678540
8941269,8941269,movement,278,170,1709733678549
8941269,8941269,movement,278,169,1709733678566
8941269,8941269,movement,277,168,1709733678584
8941269,8941269,movement,275,167,1709733678603
8941269,8941269,movement,274,166,1709733678639
8941269,8941269,movement,274,166,1709733678684
8941269,8941269,mousedown,274,166,1709733678730
8941269,8941269,mouseup,274,166,1709733678806
8941269,8941269,movement,283,170,1709733678898
8941269,8941269,movement,318,199,1709733678958
8941269,8941269,movement,338,216,1709733678974
8941269,8941269,movement,575,438,1709733679013
8941269,8941269,movement,789,535,1709733679128
8941269,8941269,movement,751,512,1709733679224
8941269,8941269,singleclick,751,512,1709733678811
8941269,8941269,movement,705,505,1709733679244
8941269,8941269,movement,634,499,1709733679276
8941269,8941269,movement,490,494,1709733679320
8941269,8941269,movement,479,496,1709733679360
8941269,8941269,movement,479,498,1709733679399
8941269,8941269,movement,485,503,1709733679467
8941269,8941269,movement,502,510,1709733679611
8941269,8941269,movement,534,423,1709733679698
8941269,8941269,movement,537,422,1709733679841
8941269,8941269,movement,539,426,1709733679915
8941269,8941269,mousedown,539,426,1709733679984
8941269,8941269,mouseup,539,426,1709733680078
8941269,8941269,movement,540,426,1709733680100
8941269,8941269,movement,542,426,1709733680211
8941269,8941269,movement,546,429,1709733680233
8941269,8941269,movement,561,434,1709733680257
8941269,8941269,movement,603,442,1709733680298
8941269,8941269,movement,732,444,1709733680355
8941269,8941269,movement,1094,438,1709733680421
8941269,8941269,movement,1318,418,1709733680503
8941269,8941269,movement,1430,367,1709733680584
8941269,8941269,movement,1481,332,1709733680667
8941269,8941269,movement,1499,281,1709733680751
8941269,8941269,movement,1503,275,1709733680834
8941269,8941269,movement,1502,275,1709733680921
8941269,8941269,movement,1502,275,1709733680981
8941269,8941269,mousedown,1502,275,1709733680995
8941269,8941269,mouseup,1502,275,1709733681072
8941269,8941269,movement,1499,278,1709733681165
8941269,8941269,movement,1474,303,1709733681238
8941269,8941269,movement,1417,342,1709733681319
8941269,8941269,movement,1398,357,1709733681399
8941269,8941269,movement,1397,358,1709733681482
8941269,8941269,movement,1397,362,1709733681568
8941269,8941269,movement,1397,370,1709733681653
8941269,8941269,movement,1398,375,1709733681748
8941269,8941269,singleclick,1398,375,1709733680099
8941269,8941269,movement,1398,376,1709733681825
8941269,8941269,mousedown,1398,376,1709733681901
8941269,8941269,mouseup,1398,376,1709733681977
8941269,8941269,movement,1376,381,1709733682124
8941269,8941269,movement,1364,382,1709733682131
8941269,8941269,movement,1321,382,1709733682145
8941269,8941269,movement,1258,382,1709733682163
8941269,8941269,movement,1187,385,1709733682181
8941269,8941269,movement,1122,384,1709733682197
8941269,8941269,movement,1025,384,1709733682225
8941269,8941269,movement,991,384,1709733682245
8941269,8941269,movement,933,384,1709733682269
8941269,8941269,movement,920,384,1709733682281
8941269,8941269,movement,890,385,1709733682295
8941269,8941269,movement,846,393,1709733682408
8941269,8941269,singleclick,846,393,1709733681981
8941269,8941269,movement,845,394,1709733682429
8941269,8941269,movement,844,397,1709733682447
8941269,8941269,movement,844,398,1709733682462
8941269,8941269,movement,850,398,1709733682479
8941269,8941269,movement,862,398,1709733682500
8941269,8941269,movement,920,396,1709733682518
8941269,8941269,movement,961,396,1709733682530
8941269,8941269,movement,1072,398,1709733682547
8941269,8941269,movement,1202,396,1709733682564
8941269,8941269,movement,1391,382,1709733682581
8941269,8941269,movement,1438,374,1709733682596
8941269,8941269,movement,1484,365,1709733682605
8941269,8941269,movement,1519,354,1709733682614
8941269,8941269,movement,1535,345,1709733682615
8941269,8941269,movement,1535,331,1709733682630
8941269,8941269,movement,1535,324,1709733682646
8941269,8941269,movement,1535,321,1709733682662
8941269,8941269,movement,1535,318,1709733682680
8941269,8941269,movement,1535,317,1709733682696
8941269,8941269,movement,1535,314,1709733682712
8941269,8941269,movement,1535,312,1709733682728
8941269,8941269,movement,1535,310,1709733682746
8941269,8941269,movement,1535,309,1709733682771
8941269,8941269,movement,1535,307,1709733682798
8941269,8941269,movement,1535,306,1709733682811
8941269,8941269,movement,1535,306,1709733682829
8941269,8941269,movement,1534,304,1709733682845
8941269,8941269,movement,1525,300,1709733682862
8941269,8941269,movement,1514,295,1709733682884
8941269,8941269,movement,1501,291,1709733682903
8941269,8941269,movement,1494,290,1709733682913
8941269,8941269,movement,1491,288,1709733682931
8941269,8941269,movement,1490,288,1709733682981
8941269,8941269,movement,1490,287,1709733682998
8941269,8941269,movement,1490,286,1709733683033
8941269,8941269,movement,1490,286,1709733683097
8941269,8941269,movement,1491,286,1709733683179
8941269,8941269,mousedown,1491,286,1709733683239
8941269,8941269,mouseup,1491,286,1709733683332
8941269,8941269,movement,1492,286,1709733683337
8941269,8941269,movement,1493,286,1709733683345
8941269,8941269,movement,1493,286,1709733683367
8941269,8941269,movement,1492,289,1709733683398
8941269,8941269,movement,1490,291,1709733683429
8941269,8941269,movement,1490,293,1709733683451
8941269,8941269,movement,1481,300,1709733683476
8941269,8941269,movement,1475,306,1709733683496
8941269,8941269,movement,1469,311,1709733683513
8941269,8941269,movement,1458,318,1709733683529
8941269,8941269,movement,1441,331,1709733683561
8941269,8941269,movement,1430,342,1709733683595
8941269,8941269,movement,1427,344,1709733683607
8941269,8941269,movement,1426,346,1709733683628
8941269,8941269,movement,1424,348,1709733683645
8941269,8941269,movement,1419,352,1709733683662
8941269,8941269,movement,1418,354,1709733683678
8941269,8941269,movement,1417,354,1709733683696
8941269,8941269,movement,1416,355,1709733683713
8941269,8941269,movement,1416,357,1709733683747
8941269,8941269,movement,1416,358,1709733683763
8941269,8941269,movement,1416,358,1709733683785
8941269,8941269,movement,1416,360,1709733683794
8941269,8941269,movement,1415,361,1709733683812
8941269,8941269,movement,1415,362,1709733683829
8941269,8941269,movement,1414,366,1709733683849
8941269,8941269,movement,1413,368,1709733683865
8941269,8941269,movement,1412,371,1709733683882
8941269,8941269,movement,1412,372,1709733683895
8941269,8941269,movement,1412,373,1709733683911
8941269,8941269,movement,1412,374,1709733683944
8941269,8941269,movement,1412,374,1709733683963
8941269,8941269,movement,1412,375,1709733684045
8941269,8941269,mousedown,1412,375,1709733684068
8941269,8941269,mouseup,1412,375,1709733684155
8941269,8941269,movement,1229,374,1709733684312
8941269,8941269,movement,919,386,1709733684370
8941269,8941269,movement,732,423,1709733684424
8941269,8941269,movement,661,456,1709733684480
8941269,8941269,movement,631,466,1709733684505
8941269,8941269,movement,622,470,1709733684517
8941269,8941269,movement,607,476,1709733684532
8941269,8941269,movement,597,481,1709733684546
8941269,8941269,movement,581,491,1709733684565
8941269,8941269,singleclick,581,491,1709733684158
8941269,8941269,movement,568,499,1709733684578
8941269,8941269,movement,554,510,1709733684599
8941269,8941269,movement,538,521,1709733684612
8941269,8941269,movement,530,528,1709733684630
8941269,8941269,movement,524,534,1709733684647
8941269,8941269,movement,522,537,1709733684661
8941269,8941269,movement,521,539,1709733684677
8941269,8941269,movement,520,543,1709733684696
8941269,8941269,movement,518,550,1709733684710
8941269,8941269,movement,517,558,1709733684728
8941269,8941269,movement,515,565,1709733684745
8941269,8941269,movement,514,572,1709733684762
8941269,8941269,movement,512,581,1709733684777
8941269,8941269,movement,511,588,1709733684796
8941269,8941269,movement,510,595,1709733684813
8941269,8941269,movement,510,601,1709733684829
8941269,8941269,movement,510,608,1709733684858
8941269,8941269,movement,510,610,1709733684870
8941269,8941269,movement,511,610,1709733684877
8941269,8941269,movement,512,611,1709733684893
8941269,8941269,movement,513,612,1709733684912
8941269,8941269,movement,513,613,1709733684961
8941269,8941269,movement,513,614,1709733684977
8941269,8941269,movement,514,614,1709733685000
8941269,8941269,movement,514,614,1709733685011
8941269,8941269,movement,514,615,1709733685028
8941269,8941269,movement,514,616,1709733685043
8941269,8941269,movement,514,618,1709733685096
8941269,8941269,movement,514,618,1709733685152
8941269,8941269,movement,514,619,1709733685160
8941269,8941269,movement,514,620,1709733685176
8941269,8941269,movement,513,620,1709733685193
8941269,8941269,movement,512,620,1709733685210
8941269,8941269,movement,511,620,1709733685227
8941269,8941269,movement,510,618,1709733685245
8941269,8941269,movement,507,613,1709733685260
8941269,8941269,movement,506,611,1709733685276
8941269,8941269,movement,505,607,1709733685277
8941269,8941269,movement,505,605,1709733685304
8941269,8941269,movement,505,598,1709733685319
8941269,8941269,movement,505,594,1709733685330
8941269,8941269,movement,507,571,1709733685352
8941269,8941269,movement,508,561,1709733685360
8941269,8941269,movement,510,533,1709733685384
8941269,8941269,movement,514,501,1709733685397
8941269,8941269,movement,526,458,1709733685413
8941269,8941269,movement,545,426,1709733685443
8941269,8941269,movement,569,385,1709733685554
8941269,8941269,movement,576,373,1709733685596
8941269,8941269,movement,582,362,1709733685626
8941269,8941269,movement,586,355,1709733685646
8941269,8941269,movement,587,354,1709733685659
8941269,8941269,movement,589,350,1709733685677
8941269,8941269,movement,589,347,1709733685693
8941269,8941269,movement,590,344,1709733685709
8941269,8941269,movement,591,341,1709733685732
8941269,8941269,movement,594,338,1709733685743
8941269,8941269,movement,595,335,1709733685761
8941269,8941269,movement,597,333,1709733685777
8941269,8941269,movement,599,328,1709733685793
8941269,8941269,movement,600,326,1709733685809
8941269,8941269,movement,602,324,1709733685825
8941269,8941269,movement,602,322,1709733685843
8941269,8941269,movement,603,321,1709733685861
8941269,8941269,movement,604,320,1709733685876
8941269,8941269,mouseup,604,320,1709733685997
8941269,8941269,movement,608,325,1709733686067
8941269,8941269,movement,618,334,1709733686092
8941269,8941269,movement,637,347,1709733686123
8941269,8941269,movement,682,375,1709733686154
8941269,8941269,movement,730,398,1709733686170
8941269,8941269,movement,761,410,1709733686181
8941269,8941269,movement,843,439,1709733686193
8941269,8941269,movement,941,467,1709733686209
8941269,8941269,movement,1030,494,1709733686226
8941269,8941269,movement,1103,515,1709733686244
8941269,8941269,movement,1174,541,1709733686259
8941269,8941269,movement,1190,550,1709733686275
8941269,8941269,movement,1226,571,1709733686293
8941269,8941269,movement,1244,584,1709733686309
8941269,8941269,movement,1265,598,1709733686328
8941269,8941269,movement,1288,614,1709733686356
8941269,8941269,movement,1313,632,1709733686361
8941269,8941269,movement,1322,640,1709733686380
8941269,8941269,movement,1333,654,1709733686404
8941269,8941269,movement,1336,657,1709733686409
8941269,8941269,singleclick,1336,657,1709733686006
8941269,8941269,movement,1342,661,1709733686429
8941269,8941269,movement,1342,661,1709733686441
8941269,8941269,movement,1347,663,1709733686461
8941269,8941269,movement,1354,665,1709733686477
8941269,8941269,movement,1363,666,1709733686492
8941269,8941269,movement,1370,666,1709733686511
8941269,8941269,movement,1376,666,1709733686527
8941269,8941269,movement,1386,662,1709733686556
8941269,8941269,movement,1388,660,1709733686570
8941269,8941269,movement,1390,658,1709733686576
8941269,8941269,movement,1393,657,1709733686593
8941269,8941269,movement,1396,655,1709733686610
8941269,8941269,movement,1398,655,1709733686626
8941269,8941269,movement,1403,654,1709733686642
8941269,8941269,movement,1406,654,1709733686663
8941269,8941269,movement,1407,653,1709733686677
8941269,8941269,movement,1408,653,1709733686713
8941269,8941269,movement,1408,652,1709733686728
8941269,8941269,movement,1410,652,1709733686755
8941269,8941269,movement,1411,652,1709733686774
8941269,8941269,mouseup,1411,652,1709733686992
8941269,8941269,movement,1367,650,1709733687108
8941269,8941269,movement,1255,642,1709733687133
8941269,8941269,movement,878,640,1709733687179
8941269,8941269,movement,675,665,1709733687214
8941269,8941269,movement,622,675,1709733687225
8941269,8941269,movement,597,683,1709733687242
8941269,8941269,movement,586,687,1709733687261
8941269,8941269,movement,578,690,1709733687274
8941269,8941269,movement,574,690,1709733687291
8941269,8941269,movement,573,691,1709733687308
8941269,8941269,movement,583,669,1709733687509
8941269,8941269,movement,585,655,1709733687526
8941269,8941269,movement,586,646,1709733687534
8941269,8941269,movement,586,635,1709733687543
8941269,8941269,movement,585,599,1709733687560
8941269,8941269,movement,575,571,1709733687579
8941269,8941269,movement,558,534,1709733687595
8941269,8941269,movement,526,474,1709733687622
8941269,8941269,movement,508,441,1709733687651
8941269,8941269,movement,506,427,1709733687741
8941269,8941269,movement,529,441,1709733687824
8941269,8941269,movement,530,442,1709733687846
8941269,8941269,movement,530,442,1709733687891
8941269,8941269,movement,531,440,1709733687908
8941269,8941269,movement,532,437,1709733687925
8941269,8941269,movement,534,434,1709733687941
8941269,8941269,movement,536,427,1709733687978
8941269,8941269,movement,538,425,1709733687993
8941269,8941269,movement,538,424,1709733688008
8941269,8941269,movement,538,423,1709733688041
8941269,8941269,movement,538,422,1709733688057
8941269,8941269,movement,538,422,1709733688074
8941269,8941269,movement,538,421,1709733688093
8941269,8941269,movement,539,421,1709733688109
8941269,8941269,movement,539,420,1709733688125
8941269,8941269,mouseup,539,420,1709733688291
8941269,8941269,movement,544,422,1709733688429
8941269,8941269,movement,550,427,1709733688440
8941269,8941269,movement,562,436,1709733688457
8941269,8941269,movement,575,446,1709733688473
8941269,8941269,movement,597,469,1709733688492
8941269,8941269,movement,609,483,1709733688508
8941269,8941269,movement,618,496,1709733688523
8941269,8941269,movement,624,509,1709733688545
8941269,8941269,movement,630,522,1709733688560
8941269,8941269,movement,634,540,1709733688574
8941269,8941269,movement,640,562,1709733688595
8941269,8941269,movement,642,590,1709733688610
8941269,8941269,movement,642,616,1709733688633
8941269,8941269,movement,641,656,1709733688645
8941269,8941269,movement,638,680,1709733688659
8941269,8941269,movement,634,698,1709733688678
8941269,8941269,movement,630,717,1709733688701
8941269,8941269,movement,625,731,1709733688708
8941269,8941269,singleclick,625,731,1709733688299
8941269,8941269,movement,619,742,1709733688723
8941269,8941269,movement,614,748,1709733688739
8941269,8941269,movement,612,750,1709733688757
8941269,8941269,movement,606,757,1709733688782
8941269,8941269,movement,602,759,1709733688789
8941269,8941269,movement,598,762,1709733688806
8941269,8941269,movement,596,763,1709733688825
8941269,8941269,movement,595,763,1709733688874
8941269,8941269,movement,594,763,1709733689050
8941269,8941269,movement,578,758,1709733689114
8941269,8941269,movement,542,752,1709733689152
8941269,8941269,movement,528,752,1709733689211
8941269,8941269,movement,527,752,1709733689242
8941269,8941269,movement,526,751,1709733689256
8941269,8941269,movement,522,747,1709733689276
8941269,8941269,movement,513,741,1709733689301
8941269,8941269,movement,498,731,1709733689311
8941269,8941269,movement,469,717,1709733689333
8941269,8941269,movement,451,712,1709733689351
8941269,8941269,movement,446,711,1709733689361
8941269,8941269,movement,433,710,1709733689375
8941269,8941269,movement,414,710,1709733689408
8941269,8941269,movement,412,712,1709733689410
8941269,8941269,movement,408,715,1709733689424
8941269,8941269,movement,405,718,1709733689440
8941269,8941269,movement,404,720,1709733689457
8941269,8941269,movement,402,722,1709733689474
8941269,8941269,movement,402,723,1709733689489
8941269,8941269,movement,401,726,1709733689528
8941269,8941269,movement,400,726,1709733689539
8941269,8941269,movement,399,728,1709733689557
8941269,8941269,movement,399,730,1709733689572
8941269,8941269,movement,398,732,1709733689596
8941269,8941269,movement,398,734,1709733689612
8941269,8941269,movement,397,734,1709733689623
8941269,8941269,movement,396,736,1709733689647
8941269,8941269,movement,395,737,1709733689666
8941269,8941269,movement,394,738,1709733689701
8941269,8941269,movement,394,738,1709733689711
8941269,8941269,movement,394,739,1709733689740
8941269,8941269,movement,394,740,1709733689762
8941269,8941269,movement,394,741,1709733689774
8941269,8941269,movement,394,742,1709733689790
8941269,8941269,mousedown,394,742,1709733689854
8941269,8941269,mouseup,394,742,1709733689931
8941269,8941269,movement,407,734,1709733690258
8941269,8941269,movement,934,678,1709733690261
8941269,8941269,movement,1016,648,1709733690341
8941269,8941269,movement,1021,606,1709733690428
8941269,8941269,movement,877,460,1709733690518
8941269,8941269,movement,377,337,1709733690655
8941269,8941269,movement,78,329,1709733690657
8941269,8941269,singleclick,78,329,1709733690253
8941269,8941269,movement,58,331,1709733690686
8941269,8941269,movement,57,331,1709733690698
8941269,8941269,movement,55,331,1709733690726
8941269,8941269,movement,54,331,1709733690738
8941269,8941269,movement,50,334,1709733690755
8941269,8941269,movement,50,335,1709733690772
8941269,8941269,movement,42,339,1709733690790
8941269,8941269,movement,34,345,1709733690804
8941269,8941269,movement,30,348,1709733690821
8941269,8941269,movement,23,353,1709733690841
8941269,8941269,movement,20,354,1709733690861
8941269,8941269,movement,25,354,1709733690989
8941269,8941269,movement,35,352,1709733691004
8941269,8941269,movement,46,350,1709733691022
8941269,8941269,movement,52,350,1709733691041
8941269,8941269,movement,66,347,1709733691079
8941269,8941269,movement,74,346,1709733691090
8941269,8941269,movement,82,344,1709733691106
8941269,8941269,movement,88,342,1709733691130
8941269,8941269,movement,109,337,1709733691209
8941269,8941269,movement,114,337,1709733691288
8941269,8941269,mousedown,114,337,1709733691290
8941269,8941269,mouseup,114,337,1709733691401
8941269,8941269,movement,114,339,1709733691496
8941269,8941269,movement,116,341,1709733691504
8941269,8941269,movement,120,346,1709733691521
8941269,8941269,movement,125,352,1709733691539
8941269,8941269,movement,136,361,1709733691558
8941269,8941269,movement,138,363,1709733691578
8941269,8941269,movement,149,370,1709733691587
8941269,8941269,movement,174,378,1709733691604
8941269,8941269,movement,198,381,1709733691622
8941269,8941269,movement,236,381,1709733691643
8941269,8941269,movement,346,380,1709733691667
8941269,8941269,movement,416,374,1709733691697
8941269,8941269,movement,475,360,1709733691727
8941269,8941269,movement,482,357,1709733691737
8941269,8941269,movement,494,346,1709733691753
8941269,8941269,movement,499,335,1709733691771
8941269,8941269,movement,501,324,1709733691788
8941269,8941269,movement,498,312,1709733691804
8941269,8941269,movement,490,306,1709733691820
8941269,8941269,movement,474,303,1709733691837
8941269,8941269,movement,449,302,1709733691854
8941269,8941269,movement,408,302,1709733691871
8941269,8941269,movement,361,310,1709733691892
8941269,8941269,movement,267,331,1709733691921
8941269,8941269,movement,244,339,1709733691967
8941269,8941269,movement,236,359,1709733692038
8941269,8941269,movement,237,366,1709733692270
8941269,8941269,movement,375,357,1709733692273
8941269,8941269,movement,317,361,1709733692356
8941269,8941269,movement,300,365,1709733692371
8941269,8941269,movement,289,368,1709733692390
8941269,8941269,movement,286,369,1709733692403
8941269,8941269,movement,286,370,1709733692422
8941269,8941269,movement,445,374,1709733692541
8941269,8941269,movement,490,358,1709733692616
8941269,8941269,movement,490,356,1709733692617
8941269,8941269,movement,470,340,1709733692660
8941269,8941269,movement,336,340,1709733692769
8941269,8941269,movement,277,340,1709733692840
8941269,8941269,movement,214,340,1709733692862
8941269,8941269,movement,206,347,1709733692952
8941269,8941269,movement,222,358,1709733693040
8941269,8941269,movement,230,362,1709733693058
8941269,8941269,movement,531,427,1709733693158
8941269,8941269,movement,651,420,1709733693265
8941269,8941269,movement,659,422,1709733693346
8941269,8941269,movement,674,423,1709733693425
8941269,8941269,movement,726,431,1709733693503
8941269,8941269,movement,770,436,1709733693552
8941269,8941269,movement,780,436,1709733693554
8941269,8941269,movement,790,436,1709733693568
8941269,8941269,movement,828,436,1709733693585
8941269,8941269,movement,848,436,1709733693602
8941269,8941269,movement,872,438,1709733693623
8941269,8941269,movement,900,441,1709733693636
8941269,8941269,movement,942,450,1709733693657
8941269,8941269,movement,1003,461,1709733693677
8941269,8941269,movement,1134,489,1709733693697
8941269,8941269,movement,1225,508,1709733693706
8941269,8941269,movement,1306,526,1709733693724
8941269,8941269,movement,1374,536,1709733693741
8941269,8941269,movement,1455,550,1709733693761
8941269,8941269,movement,1514,562,1709733693780
8941269,8941269,movement,1535,576,1709733693806
8941269,8941269,movement,1535,593,1709733693836
8941269,8941269,movement,1535,614,1709733693857
8941269,8941269,movement,1535,621,1709733693868
8941269,8941269,movement,1535,641,1709733693885
8941269,8941269,movement,1535,661,1709733693901
8941269,8941269,movement,1535,675,1709733693919
8941269,8941269,movement,1535,683,1709733693935
8941269,8941269,movement,1534,685,1709733694019
8941269,8941269,movement,1533,686,1709733694030
8941269,8941269,movement,1532,686,1709733694040
8941269,8941269,movement,1531,687,1709733694053
8941269,8941269,movement,1530,687,1709733694071
8941269,8941269,movement,1530,687,1709733694085
8941269,8941269,movement,1529,687,1709733694133
8941269,8941269,movement,1528,687,1709733694160
8941269,8941269,movement,1528,686,1709733694176
8941269,8941269,movement,1527,684,1709733694185
8941269,8941269,movement,1525,682,1709733694193
8941269,8941269,movement,1523,678,1709733694201
8941269,8941269,movement,1521,674,1709733694215
8941269,8941269,movement,1518,668,1709733694222
8941269,8941269,movement,1512,652,1709733694235
8941269,8941269,movement,1503,629,1709733694267
8941269,8941269,movement,1490,577,1709733694298
8941269,8941269,movement,1482,545,1709733694327
8941269,8941269,movement,1478,504,1709733694370
8941269,8941269,movement,1478,479,1709733694407
8941269,8941269,movement,1478,472,1709733694439
8941269,8941269,movement,1479,466,1709733694482
8941269,8941269,movement,1482,431,1709733694548
8941269,8941269,movement,1482,381,1709733694595
8941269,8941269,movement,1485,354,1709733694622
8941269,8941269,movement,1486,319,1709733694646
8941269,8941269,movement,1485,286,1709733694671
8941269,8941269,movement,1468,255,1709733694691
8941269,8941269,movement,1415,232,1709733694709
8941269,8941269,movement,1333,214,1709733694728
8941269,8941269,movement,1223,206,1709733694743
8941269,8941269,movement,1095,204,1709733694754
8941269,8941269,movement,952,204,1709733694767
8941269,8941269,movement,803,203,1709733694785
8941269,8941269,movement,635,210,1709733694801
8941269,8941269,movement,300,235,1709733694831
8941269,8941269,movement,0,266,1709733694876
8941269,8941269,movement,0,277,1709733694889
8941269,8941269,movement,0,282,1709733694901
8941269,8941269,movement,0,286,1709733694917
8941269,8941269,movement,0,290,1709733694934
8941269,8941269,movement,0,292,1709733694953
8941269,8941269,movement,0,294,1709733694972
8941269,8941269,movement,0,295,1709733694984
8941269,8941269,movement,0,297,1709733695003
8941269,8941269,movement,0,299,1709733695019
8941269,8941269,movement,0,301,1709733695033
8941269,8941269,movement,0,306,1709733695052
8941269,8941269,movement,0,311,1709733695069
8941269,8941269,movement,0,314,1709733695086
8941269,8941269,movement,0,316,1709733695119
8941269,8941269,movement,0,314,1709733695267
8941269,8941269,movement,0,314,1709733695277
8941269,8941269,movement,0,311,1709733695289
8941269,8941269,movement,0,310,1709733695300
8941269,8941269,movement,0,306,1709733695318
8941269,8941269,movement,0,301,1709733695336
8941269,8941269,movement,0,298,1709733695351
8941269,8941269,movement,0,294,1709733695367
8941269,8941269,movement,0,291,1709733695386
8941269,8941269,movement,0,286,1709733695401
8941269,8941269,movement,0,282,1709733695419
8941269,8941269,movement,0,278,1709733695436
8941269,8941269,movement,0,275,1709733695451
8941269,8941269,movement,0,263,1709733695487
8941269,8941269,movement,0,256,1709733695511
8941269,8941269,movement,0,247,1709733695550
8941269,8941269,movement,0,246,1709733695553
8941269,8941269,movement,0,244,1709733695577
8941269,8941269,movement,0,243,1709733695619
8941269,8941269,movement,0,244,1709733695963
8941269,8941269,movement,0,245,1709733695966
8941269,8941269,movement,0,248,1709733695998
8941269,8941269,movement,0,249,1709733696004
8941269,8941269,movement,0,250,1709733696031
8941269,8941269,movement,0,252,1709733696036
8941269,8941269,movement,0,254,1709733696067
8941269,8941269,movement,0,254,1709733696094
8941269,8941269,movement,0,255,1709733696104
8941269,8941269,movement,0,254,1709733696192
8941269,8941269,movement,0,253,1709733696200
8941269,8941269,movement,0,252,1709733696207
8941269,8941269,movement,1,250,1709733696238
8941269,8941269,movement,8,249,1709733696261
8941269,8941269,movement,15,249,1709733696281
8941269,8941269,movement,26,251,1709733696301
8941269,8941269,movement,31,253,1709733696302
8941269,8941269,movement,44,258,1709733696323
8941269,8941269,movement,58,267,1709733696339
8941269,8941269,movement,76,275,1709733696351
8941269,8941269,movement,91,285,1709733696366
8941269,8941269,movement,105,292,1709733696387
8941269,8941269,movement,111,294,1709733696403
8941269,8941269,movement,114,295,1709733696416
8941269,8941269,movement,114,295,1709733696465
8941269,8941269,movement,116,295,1709733696484
8941269,8941269,movement,117,292,1709733696510
8941269,8941269,movement,117,286,1709733696531
8941269,8941269,movement,117,283,1709733696535
8941269,8941269,movement,117,276,1709733696550
8941269,8941269,movement,117,270,1709733696566
8941269,8941269,movement,117,266,1709733696586
8941269,8941269,movement,117,263,1709733696602
8941269,8941269,movement,117,262,1709733696617
8941269,8941269,movement,117,261,1709733696633
8941269,8941269,movement,117,260,1709733696653
8941269,8941269,movement,117,259,1709733696667
8941269,8941269,movement,117,258,1709733696683
8941269,8941269,mousedown,117,258,1709733696729
8941269,8941269,mouseup,117,258,1709733696824
8941269,8941269,movement,474,86,1709733697272
8941269,8941269,movement,534,89,1709733701288
8941269,8941269,movement,530,97,1709733701300
8941269,8941269,movement,527,100,1709733701312
8941269,8941269,movement,526,105,1709733701328
8941269,8941269,movement,525,109,1709733701349
8941269,8941269,movement,525,114,1709733701363
8941269,8941269,movement,524,118,1709733701379
8941269,8941269,movement,523,121,1709733701395
8941269,8941269,movement,523,122,1709733701412
8941269,8941269,movement,522,123,1709733701429
8941269,8941269,movement,522,124,1709733701445
8941269,8941269,movement,522,123,1709733701533
8941269,8941269,movement,522,122,1709733701548
8941269,8941269,movement,522,122,1709733701563
8941269,8941269,movement,524,119,1709733701578
8941269,8941269,movement,525,115,1709733701597
8941269,8941269,movement,527,113,1709733701617
8941269,8941269,movement,527,112,1709733701628
8941269,8941269,movement,527,110,1709733701657
8941269,8941269,movement,528,109,1709733701684
8941269,8941269,mousedown,528,109,1709733701689
8941269,8941269,mouseup,528,109,1709733701825
8941269,8941269,movement,528,110,1709733701978
8941269,8941269,movement,528,110,1709733702092
8941269,8941269,movement,528,111,1709733702113
8941269,8941269,movement,528,112,1709733702136
8941269,8941269,movement,528,113,1709733702155
8941269,8941269,movement,529,114,1709733702187
8941269,8941269,movement,529,116,1709733702227
8941269,8941269,singleclick,529,116,1709733701827
8941269,8941269,movement,529,117,1709733702261
8941269,8941269,movement,529,118,1709733702294
8941269,8941269,movement,530,118,1709733702313
8941269,8941269,movement,530,118,1709733702337
8941269,8941269,movement,531,118,1709733702369
8941269,8941269,movement,532,118,1709733702413
8941269,8941269,movement,533,117,1709733702432
8941269,8941269,movement,534,116,1709733702454
8941269,8941269,movement,538,114,1709733702501
8941269,8941269,movement,541,108,1709733702570
8941269,8941269,movement,542,108,1709733702944
8941269,8941269,movement,543,108,1709733702949
8941269,8941269,movement,546,108,1709733702963
8941269,8941269,movement,556,112,1709733702979
8941269,8941269,movement,569,119,1709733702995
8941269,8941269,movement,579,126,1709733703012
8941269,8941269,movement,580,126,1709733703027
8941269,8941269,movement,578,126,1709733703059
8941269,8941269,movement,571,126,1709733703068
8941269,8941269,movement,565,128,1709733703081
8941269,8941269,movement,560,133,1709733703095
8941269,8941269,movement,561,135,1709733703111
8941269,8941269,movement,563,138,1709733703129
8941269,8941269,movement,566,139,1709733703144
8941269,8941269,movement,568,142,1709733703161
8941269,8941269,movement,570,148,1709733703178
8941269,8941269,movement,570,160,1709733703199
8941269,8941269,movement,570,174,1709733703213
8941269,8941269,movement,569,194,1709733703229
8941269,8941269,movement,566,204,1709733703245
8941269,8941269,movement,563,212,1709733703264
8941269,8941269,movement,562,214,1709733703279
8941269,8941269,movement,562,215,1709733703295
8941269,8941269,movement,562,216,1709733703309
8941269,8941269,movement,561,216,1709733703326
8941269,8941269,movement,561,217,1709733703342
8941269,8941269,movement,561,218,1709733703359
8941269,8941269,movement,561,218,1709733703377
8941269,8941269,movement,560,219,1709733703543
8941269,8941269,mouseup,560,219,1709733703651
8941269,8941269,movement,559,219,1709733703730
8941269,8941269,movement,560,219,1709733703869
8941269,8941269,movement,561,219,1709733703905
8941269,8941269,movement,561,220,1709733703961
8941269,8941269,movement,555,219,1709733704028
8941269,8941269,movement,546,218,1709733704047
8941269,8941269,movement,539,216,1709733704062
8941269,8941269,movement,534,214,1709733704077
8941269,8941269,movement,532,213,1709733704094
8941269,8941269,singleclick,532,213,1709733703697
8941269,8941269,movement,531,212,1709733704110
8941269,8941269,movement,530,212,1709733704128
8941269,8941269,movement,530,211,1709733704143
8941269,8941269,movement,529,210,1709733704230
8941269,8941269,movement,530,210,1709733704250
8941269,8941269,movement,626,392,1709733704522
8941269,8941269,movement,643,402,1709733704581
8941269,8941269,movement,673,413,1709733704606
8941269,8941269,movement,691,419,1709733704615
8941269,8941269,movement,736,431,1709733704663
8941269,8941269,movement,747,434,1709733704677
8941269,8941269,movement,760,435,1709733704702
8941269,8941269,movement,768,438,1709733704722
8941269,8941269,movement,775,442,1709733704749
8941269,8941269,movement,778,442,1709733704758
8941269,8941269,movement,783,446,1709733704776
8941269,8941269,movement,786,450,1709733704799
8941269,8941269,movement,790,455,1709733704811
8941269,8941269,movement,790,459,1709733704826
8941269,8941269,movement,790,462,1709733704847
8941269,8941269,movement,791,463,1709733704862
8941269,8941269,movement,791,466,1709733704875
8941269,8941269,movement,791,470,1709733704894
8941269,8941269,movement,790,474,1709733704909
8941269,8941269,movement,789,482,1709733704928
8941269,8941269,movement,787,487,1709733704942
8941269,8941269,movement,786,494,1709733704966
8941269,8941269,movement,784,501,1709733704981
8941269,8941269,movement,783,503,1709733704994
8941269,8941269,movement,783,507,1709733705012
8941269,8941269,movement,783,514,1709733705026
8941269,8941269,movement,788,526,1709733705045
8941269,8941269,movement,793,535,1709733705065
8941269,8941269,movement,798,542,1709733705082
8941269,8941269,movement,802,549,1709733705092
8941269,8941269,movement,809,556,1709733705109
8941269,8941269,movement,814,561,1709733705129
8941269,8941269,movement,819,564,1709733705143
8941269,8941269,movement,822,566,1709733705158
8941269,8941269,movement,822,566,1709733705176
8941269,8941269,movement,822,566,1709733705192
8941269,8941269,movement,823,567,1709733705210
8941269,8941269,movement,822,567,1709733705231
8941269,8941269,movement,822,567,1709733705244
8941269,8941269,movement,821,567,1709733705260
8941269,8941269,movement,818,567,1709733705274
8941269,8941269,movement,818,566,1709733705295
8941269,8941269,movement,818,560,1709733705308
8941269,8941269,movement,818,546,1709733705329
8941269,8941269,movement,816,533,1709733705346
8941269,8941269,movement,816,518,1709733705367
8941269,8941269,movement,818,491,1709733705384
8941269,8941269,movement,822,472,1709733705396
8941269,8941269,movement,830,440,1709733705416
8941269,8941269,movement,838,402,1709733705436
8941269,8941269,movement,842,374,1709733705452
8941269,8941269,movement,845,354,1709733705468
8941269,8941269,movement,846,339,1709733705484
8941269,8941269,movement,849,334,1709733705490
8941269,8941269,movement,850,329,1709733705496
8941269,8941269,movement,850,322,1709733705512
8941269,8941269,movement,850,318,1709733705527
8941269,8941269,movement,850,315,1709733705540
8941269,8941269,movement,850,314,1709733705557
8941269,8941269,movement,850,313,1709733705579
8941269,8941269,movement,851,314,1709733705678
8941269,8941269,movement,857,328,1709733705708
8941269,8941269,movement,862,346,1709733705732
8941269,8941269,movement,870,381,1709733705763
8941269,8941269,movement,875,402,1709733705776
8941269,8941269,movement,878,418,1709733705795
8941269,8941269,movement,878,424,1709733705811
8941269,8941269,movement,878,425,1709733705825
8941269,8941269,movement,878,426,1709733705937
8941269,8941269,movement,878,426,1709733705944
8941269,8941269,movement,878,427,1709733705958
8941269,8941269,movement,878,433,1709733705975
8941269,8941269,movement,874,449,1709733705993
8941269,8941269,movement,871,464,1709733706014
8941269,8941269,movement,868,477,1709733706027
8941269,8941269,movement,865,490,1709733706052
8941269,8941269,movement,862,506,1709733706064
8941269,8941269,movement,861,509,1709733706074
8941269,8941269,movement,859,516,1709733706092
8941269,8941269,movement,859,518,1709733706108
8941269,8941269,movement,859,518,1709733706124
8941269,8941269,movement,859,519,1709733706147
8941269,8941269,movement,858,519,1709733706158
8941269,8941269,movement,858,520,1709733706178
8941269,8941269,movement,857,522,1709733706200
8941269,8941269,movement,855,523,1709733706230
8941269,8941269,movement,855,526,1709733706246
8941269,8941269,movement,854,527,1709733706271
8941269,8941269,movement,853,531,1709733706305
8941269,8941269,movement,853,533,1709733706342
8941269,8941269,movement,853,534,1709733706387
8941269,8941269,movement,853,534,1709733706394
8941269,8941269,movement,853,536,1709733706409
8941269,8941269,movement,853,537,1709733706424
8941269,8941269,movement,853,538,1709733706441
8941269,8941269,movement,852,539,1709733706473
8941269,8941269,movement,851,539,1709733706492
8941269,8941269,movement,850,539,1709733706542
8941269,8941269,movement,849,539,1709733706600
8941269,8941269,movement,847,539,1709733706636
8941269,8941269,movement,846,539,1709733706677
8941269,8941269,movement,846,540,1709733706778
8941269,8941269,movement,846,543,1709733706797
8941269,8941269,movement,846,545,1709733706825
8941269,8941269,movement,845,546,1709733706857
8941269,8941269,movement,844,547,1709733706909
8941269,8941269,movement,842,550,1709733706924
8941269,8941269,movement,842,550,1709733706948
8941269,8941269,movement,840,554,1709733706984
8941269,8941269,movement,839,565,1709733707021
8941269,8941269,movement,839,570,1709733707041
8941269,8941269,movement,839,570,1709733707056
8941269,8941269,movement,840,570,1709733707074
8941269,8941269,movement,841,570,1709733707104
8941269,8941269,movement,842,570,1709733707120
8941269,8941269,movement,842,570,1709733707136
8941269,8941269,movement,843,570,1709733707172
8941269,8941269,movement,842,570,1709733707429
8941269,8941269,movement,842,570,1709733707437
8941269,8941269,movement,842,570,1709733707444
8941269,8941269,movement,841,570,1709733707457
8941269,8941269,movement,840,569,1709733707474
8941269,8941269,movement,838,569,1709733707490
8941269,8941269,movement,837,568,1709733707507
8941269,8941269,movement,835,568,1709733707523
8941269,8941269,movement,833,568,1709733707540
8941269,8941269,movement,826,568,1709733707556
8941269,8941269,movement,818,567,1709733707574
8941269,8941269,movement,809,566,1709733707591
8941269,8941269,movement,802,566,1709733707608
8941269,8941269,movement,795,564,1709733707624
8941269,8941269,movement,789,559,1709733707639
8941269,8941269,movement,784,555,1709733707656
8941269,8941269,movement,778,548,1709733707674
8941269,8941269,movement,771,538,1709733707695
8941269,8941269,movement,762,523,1709733707732
8941269,8941269,movement,759,516,1709733707760
8941269,8941269,movement,758,511,1709733707774
8941269,8941269,movement,756,506,1709733707789
8941269,8941269,movement,755,501,1709733707811
8941269,8941269,movement,754,497,1709733707825
8941269,8941269,movement,754,494,1709733707839
8941269,8941269,movement,754,491,1709733707859
8941269,8941269,movement,754,489,1709733707875
8941269,8941269,movement,754,486,1709733707889
8941269,8941269,movement,754,482,1709733707906
8941269,8941269,movement,754,478,1709733707922
8941269,8941269,movement,754,471,1709733707941
8941269,8941269,movement,757,462,1709733707959
8941269,8941269,movement,759,448,1709733707978
8941269,8941269,movement,760,445,1709733707988
8941269,8941269,movement,760,444,1709733708004
8941269,8941269,movement,759,444,1709733708023
8941269,8941269,movement,758,446,1709733708055
8941269,8941269,movement,757,456,1709733708089
8941269,8941269,movement,755,464,1709733708098
8941269,8941269,movement,755,474,1709733708118
8941269,8941269,movement,755,476,1709733708127
8941269,8941269,movement,755,478,1709733708139
8941269,8941269,movement,755,480,1709733708155
8941269,8941269,movement,756,481,1709733708323
8941269,8941269,movement,756,482,1709733708339
8941269,8941269,movement,758,482,1709733708356
8941269,8941269,movement,759,482,1709733708409
8941269,8941269,movement,760,482,1709733708417
8941269,8941269,movement,761,482,1709733708423
8941269,8941269,movement,764,480,1709733708438
8941269,8941269,movement,771,474,1709733708455
8941269,8941269,movement,782,462,1709733708478
8941269,8941269,movement,788,452,1709733708493
8941269,8941269,movement,793,444,1709733708507
8941269,8941269,movement,794,439,1709733708521
8941269,8941269,movement,796,437,1709733708538
8941269,8941269,movement,797,435,1709733708554
8941269,8941269,movement,798,434,1709733708571
8941269,8941269,movement,798,434,1709733708591
8941269,8941269,movement,798,433,1709733708608
8941269,8941269,movement,799,432,1709733708628
8941269,8941269,mousedown,799,432,1709733708715
8941269,8941269,mouseup,799,432,1709733708823
8941269,8941269,movement,800,432,1709733709087
8941269,8941269,movement,802,432,1709733709133
8941269,8941269,movement,802,432,1709733709184
8941269,8941269,movement,803,432,1709733709252
8941269,8941269,singleclick,803,432,1709733708832
8941269,8941269,movement,804,432,1709733709272
8941269,8941269,movement,805,432,1709733709288
8941269,8941269,movement,806,432,1709733709304
8941269,8941269,movement,809,432,1709733709320
8941269,8941269,movement,812,432,1709733709337
8941269,8941269,movement,814,433,1709733709354
8941269,8941269,movement,818,433,1709733709371
8941269,8941269,movement,823,434,1709733709388
8941269,8941269,movement,842,438,1709733709417
8941269,8941269,movement,860,442,1709733709434
8941269,8941269,movement,868,444,1709733709438
8941269,8941269,movement,895,448,1709733709454
8941269,8941269,movement,930,454,1709733709472
8941269,8941269,movement,974,460,1709733709488
8941269,8941269,movement,1099,468,1709733709514
8941269,8941269,movement,1190,470,1709733709538
8941269,8941269,movement,1258,470,1709733709560
8941269,8941269,movement,1289,471,1709733709578
8941269,8941269,movement,1302,471,1709733709587
8941269,8941269,movement,1323,471,1709733709603
8941269,8941269,movement,1339,471,1709733709620
8941269,8941269,movement,1350,471,1709733709640
8941269,8941269,movement,1361,470,1709733709653
8941269,8941269,movement,1369,470,1709733709673
8941269,8941269,movement,1379,470,1709733709690
8941269,8941269,movement,1390,469,1709733709709
8941269,8941269,movement,1410,468,1709733709725
8941269,8941269,movement,1446,468,1709733709749
8941269,8941269,movement,1454,468,1709733709756
8941269,8941269,movement,1466,468,1709733709770
8941269,8941269,movement,1470,468,1709733709789
8941269,8941269,movement,1474,467,1709733709809
8941269,8941269,movement,1474,466,1709733709894
8941269,8941269,movement,1470,466,1709733709964
8941269,8941269,movement,1465,463,1709733709975
8941269,8941269,movement,1459,463,1709733709994
8941269,8941269,movement,1449,462,1709733710016
8941269,8941269,movement,1441,462,1709733710028
8941269,8941269,movement,1434,462,1709733710040
8941269,8941269,movement,1418,460,1709733710054
8941269,8941269,movement,1379,458,1709733710075
8941269,8941269,movement,1332,453,1709733710089
8941269,8941269,movement,1276,449,1709733710108
8941269,8941269,movement,1230,444,1709733710121
8941269,8941269,movement,1177,439,1709733710142
8941269,8941269,movement,1118,434,1709733710154
8941269,8941269,movement,1057,432,1709733710172
8941269,8941269,movement,975,424,1709733710193
8941269,8941269,movement,936,424,1709733710207
8941269,8941269,movement,910,424,1709733710219
8941269,8941269,movement,892,423,1709733710236
8941269,8941269,movement,881,422,1709733710255
8941269,8941269,movement,874,419,1709733710270
8941269,8941269,movement,868,418,1709733710287
8941269,8941269,movement,858,414,1709733710304
8941269,8941269,movement,847,410,1709733710321
8941269,8941269,movement,837,404,1709733710338
8941269,8941269,movement,829,398,1709733710354
8941269,8941269,movement,823,394,1709733710370
8941269,8941269,movement,820,392,1709733710388
8941269,8941269,movement,819,392,1709733710403
8941269,8941269,movement,818,391,1709733710421
8941269,8941269,movement,818,390,1709733710437
8941269,8941269,movement,817,390,1709733710453
8941269,8941269,movement,818,390,1709733710492
8941269,8941269,movement,818,390,1709733710500
8941269,8941269,movement,821,390,1709733710507
8941269,8941269,movement,823,390,1709733710520
8941269,8941269,movement,830,390,1709733710537
8941269,8941269,movement,849,392,1709733710555
8941269,8941269,movement,898,398,1709733710572
8941269,8941269,movement,923,401,1709733710586
8941269,8941269,movement,1013,409,1709733710603
8941269,8941269,movement,1086,414,1709733710619
8941269,8941269,movement,1162,418,1709733710636
8941269,8941269,movement,1224,422,1709733710654
8941269,8941269,movement,1272,426,1709733710673
8941269,8941269,movement,1301,429,1709733710688
8941269,8941269,movement,1326,432,1709733710706
8941269,8941269,movement,1336,434,1709733710720
8941269,8941269,movement,1342,435,1709733710737
8941269,8941269,movement,1345,436,1709733710757
8941269,8941269,movement,1350,438,1709733710772
8941269,8941269,movement,1355,439,1709733710786
8941269,8941269,movement,1362,442,1709733710803
8941269,8941269,movement,1369,446,1709733710822
8941269,8941269,movement,1373,448,1709733710836
8941269,8941269,movement,1384,452,1709733710853
8941269,8941269,movement,1393,455,1709733710870
8941269,8941269,movement,1403,457,1709733710890
8941269,8941269,movement,1409,458,1709733710906
8941269,8941269,movement,1415,458,1709733710922
8941269,8941269,movement,1417,459,1709733710939
8941269,8941269,movement,1418,459,1709733710995
8941269,8941269,movement,1418,459,1709733711117
8941269,8941269,movement,1420,460,1709733711131
8941269,8941269,movement,1420,461,1709733711138
8941269,8941269,movement,1422,462,1709733711154
8941269,8941269,movement,1426,463,1709733711170
8941269,8941269,movement,1429,464,1709733711189
8941269,8941269,movement,1434,466,1709733711213
8941269,8941269,movement,1436,466,1709733711220
8941269,8941269,movement,1438,466,1709733711236
8941269,8941269,movement,1441,466,1709733711254
8941269,8941269,movement,1447,466,1709733711274
8941269,8941269,movement,1451,466,1709733711290
8941269,8941269,movement,1454,466,1709733711303
8941269,8941269,movement,1455,466,1709733711320
8941269,8941269,movement,1456,466,1709733711339
8941269,8941269,movement,1457,466,1709733711372
8941269,8941269,movement,1458,466,1709733711653
8941269,8941269,movement,1459,466,1709733711669
8941269,8941269,movement,1460,466,1709733711676
8941269,8941269,movement,1462,466,1709733711686
8941269,8941269,movement,1464,466,1709733711703
8941269,8941269,movement,1467,466,1709733711720
8941269,8941269,movement,1471,466,1709733711738
8941269,8941269,movement,1474,465,1709733711767
8941269,8941269,movement,1474,465,1709733711785
8941269,8941269,movement,1475,465,1709733712050
8941269,8941269,movement,1476,465,1709733712136
8941269,8941269,movement,1477,465,1709733712166
8941269,8941269,movement,1478,465,1709733712182
8941269,8941269,mousedown,1478,465,1709733712351
8941269,8941269,movement,1478,465,1709733712407
8941269,8941269,mouseup,1478,465,1709733712433
8941269,8941269,movement,1479,465,1709733712485
8941269,8941269,movement,1480,465,1709733712521
8941269,8941269,movement,1481,465,1709733712601
8941269,8941269,movement,1482,465,1709733712656
8941269,8941269,movement,1482,466,1709733712669
8941269,8941269,movement,1482,467,1709733712686
8941269,8941269,movement,1482,469,1709733712702
8941269,8941269,movement,1482,471,1709733712718
8941269,8941269,movement,1481,474,1709733712734
8941269,8941269,movement,1479,480,1709733712752
8941269,8941269,movement,1478,483,1709733712770
8941269,8941269,movement,1475,488,1709733712789
8941269,8941269,movement,1474,491,1709733712805
8941269,8941269,movement,1473,494,1709733712819
8941269,8941269,movement,1470,496,1709733712836
8941269,8941269,singleclick,1470,496,1709733712435
8941269,8941269,movement,1468,498,1709733712853
8941269,8941269,movement,1465,502,1709733712869
8941269,8941269,movement,1460,506,1709733712886
8941269,8941269,movement,1457,511,1709733712900
8941269,8941269,movement,1451,515,1709733712919
8941269,8941269,movement,1447,518,1709733712934
8941269,8941269,movement,1442,522,1709733712950
8941269,8941269,movement,1438,526,1709733712967
8941269,8941269,movement,1434,530,1709733712985
8941269,8941269,movement,1430,533,1709733713001
8941269,8941269,movement,1426,537,1709733713018
8941269,8941269,movement,1422,541,1709733713036
8941269,8941269,movement,1417,546,1709733713053
8941269,8941269,movement,1414,548,1709733713068
8941269,8941269,movement,1412,551,1709733713085
8941269,8941269,movement,1410,553,1709733713101
8941269,8941269,movement,1409,554,1709733713118
8941269,8941269,movement,1408,555,1709733713134
8941269,8941269,movement,1407,555,1709733713162
8941269,8941269,movement,1406,554,1709733713168
8941269,8941269,movement,1404,553,1709733713184
8941269,8941269,movement,1401,550,1709733713200
8941269,8941269,movement,1394,540,1709733713218
8941269,8941269,movement,1388,525,1709733713234
8941269,8941269,movement,1379,492,1709733713258
8941269,8941269,movement,1370,445,1709733713271
8941269,8941269,movement,1363,391,1709733713291
8941269,8941269,movement,1364,378,1709733713308
8941269,8941269,movement,1367,373,1709733713317
8941269,8941269,movement,1371,366,1709733713336
8941269,8941269,movement,1373,365,1709733713350
8941269,8941269,movement,1374,365,1709733713367
8941269,8941269,movement,1374,365,1709733713383
8941269,8941269,movement,1380,370,1709733713402
8941269,8941269,movement,1390,380,1709733713418
8941269,8941269,movement,1414,395,1709733713436
8941269,8941269,movement,1428,405,1709733713453
8941269,8941269,movement,1438,410,1709733713467
8941269,8941269,movement,1446,415,1709733713483
8941269,8941269,movement,1450,418,1709733713500
8941269,8941269,movement,1452,419,1709733713517
8941269,8941269,movement,1454,422,1709733713533
8941269,8941269,movement,1454,422,1709733713551
8941269,8941269,movement,1456,423,1709733713568
8941269,8941269,movement,1458,425,1709733713584
8941269,8941269,movement,1460,429,1709733713604
8941269,8941269,movement,1462,432,1709733713619
8941269,8941269,movement,1462,439,1709733713635
8941269,8941269,movement,1462,453,1709733713649
8941269,8941269,movement,1458,463,1709733713672
8941269,8941269,movement,1453,478,1709733713690
8941269,8941269,movement,1451,482,1709733713702
8941269,8941269,movement,1448,488,1709733713721
8941269,8941269,movement,1447,490,1709733713737
8941269,8941269,movement,1446,493,1709733713756
8941269,8941269,movement,1446,495,1709733713789
8941269,8941269,movement,1446,497,1709733713809
8941269,8941269,movement,1446,498,1709733713821
8941269,8941269,movement,1446,498,1709733713868
8941269,8941269,mousedown,1446,498,1709733713911
8941269,8941269,movement,1445,498,1709733714010
8941269,8941269,mouseup,1445,498,1709733714013
8941269,8941269,movement,1444,498,1709733714099
8941269,8941269,movement,1443,498,1709733714118
8941269,8941269,movement,1443,497,1709733714133
8941269,8941269,movement,1443,496,1709733714150
8941269,8941269,movement,1443,494,1709733714167
8941269,8941269,movement,1443,490,1709733714186
8941269,8941269,movement,1444,486,1709733714201
8941269,8941269,movement,1447,482,1709733714217
8941269,8941269,movement,1451,478,1709733714233
8941269,8941269,movement,1454,476,1709733714252
8941269,8941269,movement,1457,474,1709733714267
8941269,8941269,movement,1462,472,1709733714283
8941269,8941269,movement,1465,470,1709733714303
8941269,8941269,movement,1470,468,1709733714324
8941269,8941269,movement,1470,467,1709733714335
8941269,8941269,movement,1471,467,1709733714351
8941269,8941269,movement,1471,466,1709733714384
8941269,8941269,movement,1472,466,1709733714400
8941269,8941269,movement,1473,466,1709733714418
8941269,8941269,singleclick,1473,466,1709733714018
8941269,8941269,movement,1474,466,1709733714434
8941269,8941269,movement,1475,466,1709733714453
8941269,8941269,movement,1476,466,1709733714466
8941269,8941269,mousedown,1476,466,1709733714542
8941269,8941269,mouseup,1476,466,1709733714647
8941269,8941269,movement,1477,466,1709733714889
8941269,8941269,movement,1477,467,1709733715130
8941269,8941269,movement,1476,467,1709733715146
8941269,8941269,movement,1475,467,1709733715153
8941269,8941269,movement,1474,468,1709733715161
8941269,8941269,movement,1474,469,1709733715177
8941269,8941269,movement,1474,469,1709733715187
8941269,8941269,movement,1473,469,1709733715220
8941269,8941269,movement,1473,470,1709733715238
8941269,8941269,movement,1470,470,1709733715255
8941269,8941269,movement,1468,471,1709733715270
8941269,8941269,movement,1466,472,1709733715287
8941269,8941269,movement,1466,473,1709733715302
8941269,8941269,movement,1466,474,1709733715535
8941269,8941269,movement,1465,474,1709733715700
8941269,8941269,movement,1463,474,1709733715715
8941269,8941269,movement,1462,475,1709733715731
8941269,8941269,movement,1461,477,1709733715752
8941269,8941269,movement,1458,478,1709733715766
8941269,8941269,movement,1457,478,1709733715782
8941269,8941269,movement,1455,478,1709733715798
8941269,8941269,movement,1453,478,1709733715815
8941269,8941269,movement,1452,479,1709733715831
8941269,8941269,movement,1451,479,1709733715848
8941269,8941269,movement,1450,479,1709733715899
8941269,8941269,mousedown,1450,479,1709733715953
8941269,8941269,mouseup,1450,479,1709733716064
8941269,8941269,movement,1450,478,1709733716072
8941269,8941269,movement,1443,483,1709733716386
8941269,8941269,movement,1438,486,1709733716403
8941269,8941269,movement,1433,487,1709733716416
8941269,8941269,movement,1428,490,1709733716436
8941269,8941269,movement,1425,490,1709733716449
8941269,8941269,movement,1422,491,1709733716465
8941269,8941269,movement,1417,493,1709733716487
8941269,8941269,movement,1410,494,1709733716514
8941269,8941269,movement,1403,495,1709733716523
8941269,8941269,movement,1398,496,1709733716538
8941269,8941269,movement,1393,497,1709733716548
8941269,8941269,movement,1386,497,1709733716564
8941269,8941269,movement,1366,498,1709733716581
8941269,8941269,movement,1335,499,1709733716597
8941269,8941269,movement,1311,499,1709733716613
8941269,8941269,movement,1285,500,1709733716630
8941269,8941269,movement,1265,503,1709733716647
8941269,8941269,movement,1250,506,1709733716664
8941269,8941269,movement,1239,510,1709733716683
8941269,8941269,movement,1232,513,1709733716697
8941269,8941269,movement,1227,516,1709733716714
8941269,8941269,movement,1222,518,1709733716730
8941269,8941269,movement,1216,519,1709733716747
8941269,8941269,movement,1212,520,1709733716763
8941269,8941269,movement,1207,519,1709733716781
8941269,8941269,movement,1202,516,1709733716797
8941269,8941269,movement,1202,515,1709733716814
8941269,8941269,movement,1198,517,1709733722398
8941269,8941269,movement,1202,515,1709733722426
8941269,8941269,movement,1203,502,1709733722443
8941269,8941269,movement,1192,491,1709733722458
8941269,8941269,movement,1170,480,1709733722475
8941269,8941269,movement,1144,474,1709733722492
8941269,8941269,movement,1118,474,1709733722510
8941269,8941269,movement,1037,489,1709733722527
8941269,8941269,movement,994,502,1709733722546
8941269,8941269,movement,888,550,1709733722562
8941269,8941269,movement,868,566,1709733722579
8941269,8941269,movement,864,572,1709733722592
8941269,8941269,movement,864,578,1709733722611
8941269,8941269,movement,864,582,1709733722626
8941269,8941269,movement,863,586,1709733722646
8941269,8941269,movement,855,594,1709733722664
8941269,8941269,movement,842,601,1709733722682
8941269,8941269,movement,817,611,1709733722692
8941269,8941269,movement,770,628,1709733722710
8941269,8941269,movement,694,650,1709733722730
8941269,8941269,movement,594,675,1709733722746
8941269,8941269,movement,462,699,1709733722766
8941269,8941269,movement,417,708,1709733722778
8941269,8941269,movement,396,712,1709733722794
8941269,8941269,movement,391,715,1709733722809
8941269,8941269,movement,390,717,1709733722826
8941269,8941269,movement,390,719,1709733722847
8941269,8941269,movement,390,724,1709733722861
8941269,8941269,movement,390,728,1709733722878
8941269,8941269,movement,393,736,1709733722899
8941269,8941269,movement,393,738,1709733722912
8941269,8941269,movement,393,738,1709733722925
8941269,8941269,movement,392,741,1709733722941
8941269,8941269,movement,388,742,1709733722959
8941269,8941269,movement,385,746,1709733722976
8941269,8941269,movement,384,747,1709733722995
8941269,8941269,mousedown,384,747,1709733723202
8941269,8941269,mouseup,384,747,1709733723305
8941269,8941269,movement,383,747,1709733723438
8941269,8941269,movement,382,747,1709733723484
8941269,8941269,movement,382,746,1709733723529
8941269,8941269,movement,384,742,1709733723561
8941269,8941269,movement,383,708,1709733723618
8941269,8941269,movement,382,612,1709733723681
8941269,8941269,movement,376,293,1709733723752
8941269,8941269,movement,354,214,1709733723783
8941269,8941269,singleclick,354,214,1709733723366
8941269,8941269,movement,324,159,1709733723798
8941269,8941269,movement,315,136,1709733723810
8941269,8941269,movement,302,95,1709733723828
8941269,8941269,movement,300,86,1709733723835
8941269,8941269,movement,338,90,1709733724085
8941269,8941269,movement,344,118,1709733724107
8941269,8941269,movement,349,144,1709733724128
8941269,8941269,movement,358,189,1709733724162
8941269,8941269,movement,358,205,1709733724184
8941269,8941269,movement,358,207,1709733724190
8941269,8941269,movement,357,207,1709733724259
8941269,8941269,movement,356,207,1709733724274
8941269,8941269,movement,345,195,1709733724311
8941269,8941269,movement,322,164,1709733724332
8941269,8941269,movement,318,158,1709733724340
8941269,8941269,movement,313,152,1709733724365
8941269,8941269,movement,310,149,1709733724386
8941269,8941269,movement,309,147,1709733724410
8941269,8941269,movement,303,145,1709733724446
8941269,8941269,movement,299,143,1709733724499
8941269,8941269,movement,298,143,1709733724528
8941269,8941269,movement,297,142,1709733724539
8941269,8941269,movement,296,142,1709733724557
8941269,8941269,movement,294,144,1709733724573
8941269,8941269,movement,291,147,1709733724590
8941269,8941269,movement,290,150,1709733724608
8941269,8941269,movement,290,150,1709733724626
8941269,8941269,movement,289,153,1709733724642
8941269,8941269,movement,287,157,1709733724680
8941269,8941269,movement,286,159,1709733724718
8941269,8941269,movement,286,163,1709733724762
8941269,8941269,movement,285,165,1709733724775
8941269,8941269,movement,285,166,1709733724792
8941269,8941269,mousedown,285,166,1709733724882
8941269,8941269,mouseup,285,166,1709733724952
8941269,8941269,movement,445,367,1709733725214
8941269,8941269,movement,503,445,1709733725268
8941269,8941269,movement,526,481,1709733725340
8941269,8941269,singleclick,526,481,1709733724954
8941269,8941269,movement,530,483,1709733725400
8941269,8941269,movement,533,487,1709733725445
8941269,8941269,movement,534,488,1709733725455
8941269,8941269,movement,535,488,1709733725473
8941269,8941269,movement,537,488,1709733725490
8941269,8941269,movement,538,489,1709733725506
8941269,8941269,movement,542,489,1709733725523
8941269,8941269,movement,546,489,1709733725539
8941269,8941269,movement,548,490,1709733725555
8941269,8941269,movement,550,490,1709733725572
8941269,8941269,movement,552,490,1709733725591
8941269,8941269,movement,558,492,1709733725612
8941269,8941269,movement,570,496,1709733725639
8941269,8941269,movement,583,503,1709733725671
8941269,8941269,movement,587,507,1709733725683
8941269,8941269,movement,588,509,1709733725691
8941269,8941269,movement,589,510,1709733725705
8941269,8941269,movement,590,513,1709733725723
8941269,8941269,movement,592,516,1709733725742
8941269,8941269,movement,593,516,1709733725756
8941269,8941269,movement,594,518,1709733725799
8941269,8941269,movement,594,518,1709733725822
8941269,8941269,movement,594,518,1709733725839
8941269,8941269,movement,596,519,1709733725859
8941269,8941269,movement,597,520,1709733725880
8941269,8941269,movement,598,521,1709733725918
8941269,8941269,mousedown,598,521,1709733726006
8941269,8941269,movement,599,521,1709733726078
8941269,8941269,mouseup,599,521,1709733726097
8941269,8941269,movement,686,527,1709733726300
8941269,8941269,movement,978,531,1709733726377
8941269,8941269,movement,1227,518,1709733726470
8941269,8941269,singleclick,1227,518,1709733726102
8941269,8941269,movement,1235,498,1709733726548
8941269,8941269,movement,1226,469,1709733726606
8941269,8941269,movement,1223,461,1709733726629
8941269,8941269,movement,1220,454,1709733726639
8941269,8941269,movement,1218,448,1709733726654
8941269,8941269,movement,1217,443,1709733726674
8941269,8941269,movement,1216,438,1709733726688
8941269,8941269,movement,1214,422,1709733726712
8941269,8941269,movement,1214,410,1709733726738
8941269,8941269,movement,1214,398,1709733726756
8941269,8941269,movement,1218,388,1709733726773
8941269,8941269,movement,1227,376,1709733726787
8941269,8941269,movement,1239,366,1709733726806
8941269,8941269,movement,1255,357,1709733726821
8941269,8941269,movement,1285,343,1709733726839
8941269,8941269,movement,1300,336,1709733726854
8941269,8941269,movement,1318,329,1709733726874
8941269,8941269,movement,1338,323,1709733726888
8941269,8941269,movement,1355,320,1709733726906
8941269,8941269,movement,1374,318,1709733726923
8941269,8941269,movement,1392,318,1709733726946
8941269,8941269,movement,1407,318,1709733726965
8941269,8941269,movement,1413,318,1709733726971
8941269,8941269,movement,1423,318,1709733726987
8941269,8941269,movement,1433,321,1709733727005
8941269,8941269,movement,1450,326,1709733727022
8941269,8941269,movement,1455,329,1709733727037
8941269,8941269,movement,1476,338,1709733727055
8941269,8941269,movement,1485,343,1709733727071
8941269,8941269,movement,1490,346,1709733727089
8941269,8941269,movement,1492,349,1709733727103
8941269,8941269,movement,1494,350,1709733727126
8941269,8941269,movement,1494,352,1709733727137
8941269,8941269,movement,1496,354,1709733727157
8941269,8941269,movement,1498,356,1709733727171
8941269,8941269,movement,1498,356,1709733727188
8941269,8941269,movement,1499,357,1709733727204
8941269,8941269,movement,1500,358,1709733727227
8941269,8941269,movement,1501,359,1709733727243
8941269,8941269,movement,1501,361,1709733727270
8941269,8941269,movement,1501,362,1709733727289
8941269,8941269,movement,1501,363,1709733727304
8941269,8941269,movement,1499,365,1709733727321
8941269,8941269,movement,1497,369,1709733727337
8941269,8941269,movement,1495,370,1709733727354
8941269,8941269,movement,1494,371,1709733727371
8941269,8941269,movement,1494,372,1709733727388
8941269,8941269,movement,1493,372,1709733727404
8941269,8941269,mousedown,1493,372,1709733727515
8941269,8941269,mouseup,1493,372,1709733727576
8941269,8941269,movement,1492,373,1709733727724
8941269,8941269,movement,1490,374,1709733727738
8941269,8941269,movement,1485,377,1709733727756
8941269,8941269,movement,1471,383,1709733727774
8941269,8941269,movement,1461,387,1709733727788
8941269,8941269,movement,1454,391,1709733727807
8941269,8941269,movement,1446,394,1709733727821
8941269,8941269,movement,1439,398,1709733727837
8941269,8941269,movement,1431,403,1709733727854
8941269,8941269,movement,1425,408,1709733727872
8941269,8941269,movement,1418,414,1709733727888
8941269,8941269,movement,1413,418,1709733727909
8941269,8941269,movement,1410,422,1709733727923
8941269,8941269,movement,1406,426,1709733727936
8941269,8941269,movement,1404,430,1709733727953
8941269,8941269,movement,1401,435,1709733727970
8941269,8941269,movement,1398,438,1709733727986
8941269,8941269,movement,1396,442,1709733728004
8941269,8941269,movement,1394,446,1709733728021
8941269,8941269,movement,1392,450,1709733728044
8941269,8941269,movement,1391,454,1709733728057
8941269,8941269,movement,1390,457,1709733728070
8941269,8941269,movement,1390,462,1709733728088
8941269,8941269,movement,1390,462,1709733728103
8941269,8941269,movement,1390,469,1709733728120
8941269,8941269,movement,1390,477,1709733728139
8941269,8941269,movement,1390,485,1709733728163
8941269,8941269,movement,1390,488,1709733728174
8941269,8941269,movement,1390,491,1709733728190
8941269,8941269,movement,1390,493,1709733728204
8941269,8941269,movement,1390,494,1709733728219
8941269,8941269,movement,1390,497,1709733728237
8941269,8941269,movement,1390,498,1709733728253
8941269,8941269,movement,1390,502,1709733728269
8941269,8941269,movement,1390,504,1709733728286
8941269,8941269,movement,1389,506,1709733728304
8941269,8941269,movement,1388,510,1709733728320
8941269,8941269,movement,1386,514,1709733728337
8941269,8941269,movement,1385,519,1709733728354
8941269,8941269,movement,1384,524,1709733728372
8941269,8941269,movement,1382,530,1709733728398
8941269,8941269,movement,1382,532,1709733728405
8941269,8941269,movement,1382,534,1709733728425
8941269,8941269,movement,1383,535,1709733728436
8941269,8941269,movement,1383,536,1709733728459
8941269,8941269,movement,1384,537,1709733728509
8941269,8941269,movement,1384,536,1709733728609
8941269,8941269,movement,1384,535,1709733728616
8941269,8941269,movement,1383,534,1709733728624
8941269,8941269,movement,1382,531,1709733728636
8941269,8941269,movement,1380,526,1709733728655
8941269,8941269,movement,1376,510,1709733728674
8941269,8941269,movement,1374,495,1709733728691
8941269,8941269,movement,1370,482,1709733728708
8941269,8941269,movement,1367,466,1709733728730
8941269,8941269,movement,1366,461,1709733728741
8941269,8941269,movement,1364,450,1709733728754
8941269,8941269,movement,1363,444,1709733728771
8941269,8941269,movement,1362,440,1709733728787
8941269,8941269,movement,1362,438,1709733728804
8941269,8941269,movement,1362,433,1709733728818
8941269,8941269,movement,1362,431,1709733728836
8941269,8941269,movement,1362,430,1709733728853
8941269,8941269,movement,1362,429,1709733728869
8941269,8941269,movement,1362,427,1709733728885
8941269,8941269,movement,1362,426,1709733728902
8941269,8941269,movement,1362,426,1709733728918
8941269,8941269,movement,1362,425,1709733728935
8941269,8941269,movement,1362,424,1709733728983
8941269,8941269,movement,1362,423,1709733729008
8941269,8941269,movement,1362,422,1709733729014
8941269,8941269,movement,1362,421,1709733729019
8941269,8941269,movement,1362,419,1709733729037
8941269,8941269,movement,1362,417,1709733729054
8941269,8941269,movement,1362,414,1709733729069
8941269,8941269,movement,1363,413,1709733729085
8941269,8941269,movement,1363,412,1709733729163
8941269,8941269,movement,1364,412,1709733729237
8941269,8941269,movement,1364,413,1709733729254
8941269,8941269,movement,1365,414,1709733729275
8941269,8941269,movement,1366,417,1709733729287
8941269,8941269,movement,1366,414,1709733729403
8941269,8941269,movement,1366,412,1709733729421
8941269,8941269,movement,1365,403,1709733729447
8941269,8941269,movement,1363,396,1709733729457
8941269,8941269,movement,1363,394,1709733729469
8941269,8941269,movement,1362,390,1709733729485
8941269,8941269,mousedown,1362,390,1709733729740
8941269,8941269,mouseup,1362,390,1709733729846
8941269,8941269,movement,1364,396,1709733730024
8941269,8941269,movement,1366,413,1709733730110
8941269,8941269,movement,1366,415,1709733730120
8941269,8941269,movement,1366,420,1709733730143
8941269,8941269,movement,1366,429,1709733730167
8941269,8941269,movement,1366,433,1709733730175
8941269,8941269,movement,1366,439,1709733730192
8941269,8941269,movement,1366,443,1709733730202
8941269,8941269,movement,1366,462,1709733730223
8941269,8941269,movement,1369,479,1709733730238
8941269,8941269,movement,1370,496,1709733730251
8941269,8941269,singleclick,1370,496,1709733729850
8941269,8941269,movement,1372,514,1709733730274
8941269,8941269,movement,1375,530,1709733730289
8941269,8941269,movement,1379,546,1709733730304
8941269,8941269,movement,1384,562,1709733730318
8941269,8941269,movement,1390,578,1709733730336
8941269,8941269,movement,1398,597,1709733730351
8941269,8941269,movement,1402,606,1709733730368
8941269,8941269,movement,1406,615,1709733730387
8941269,8941269,movement,1411,624,1709733730401
8941269,8941269,movement,1415,629,1709733730423
8941269,8941269,movement,1416,631,1709733730435
8941269,8941269,movement,1417,634,1709733730452
8941269,8941269,movement,1418,634,1709733730468
8941269,8941269,movement,1417,634,1709733730501
8941269,8941269,movement,1414,634,1709733730518
8941269,8941269,movement,1406,630,1709733730538
8941269,8941269,movement,1398,624,1709733730557
8941269,8941269,movement,1396,623,1709733730568
8941269,8941269,movement,1400,626,1709733733790
8941269,8941269,movement,1422,635,1709733733805
8941269,8941269,movement,1426,638,1709733733815
8941269,8941269,movement,1426,638,1709733733833
8941269,8941269,movement,1424,637,1709733733885
8941269,8941269,movement,1419,634,1709733733900
8941269,8941269,movement,1334,582,1709733733937
8941269,8941269,movement,1315,571,1709733733951
8941269,8941269,movement,1304,566,1709733733968
8941269,8941269,movement,1292,562,1709733733985
8941269,8941269,movement,1287,562,1709733734002
8941269,8941269,movement,1286,562,1709733734017
8941269,8941269,movement,1284,562,1709733734049
8941269,8941269,movement,1278,562,1709733734065
8941269,8941269,movement,1258,561,1709733734083
8941269,8941269,movement,1214,562,1709733734101
8941269,8941269,movement,1142,566,1709733734116
8941269,8941269,movement,1058,572,1709733734132
8941269,8941269,movement,959,574,1709733734150
8941269,8941269,movement,782,565,1709733734165
8941269,8941269,movement,654,556,1709733734181
8941269,8941269,movement,522,542,1709733734197
8941269,8941269,movement,395,528,1709733734217
8941269,8941269,movement,304,522,1709733734237
8941269,8941269,movement,260,521,1709733734250
8941269,8941269,movement,242,521,1709733734271
8941269,8941269,movement,237,521,1709733734281
8941269,8941269,movement,238,521,1709733734336
8941269,8941269,movement,241,520,1709733734351
8941269,8941269,movement,253,517,1709733734364
8941269,8941269,movement,262,514,1709733734388
8941269,8941269,movement,271,512,1709733734399
8941269,8941269,movement,280,510,1709733734420
8941269,8941269,movement,290,506,1709733734435
8941269,8941269,movement,308,504,1709733734451
8941269,8941269,movement,336,504,1709733734474
8941269,8941269,movement,401,504,1709733734493
8941269,8941269,movement,442,504,1709733734504
8941269,8941269,movement,474,504,1709733734516
8941269,8941269,movement,494,504,1709733734532
8941269,8941269,movement,514,506,1709733734551
8941269,8941269,movement,538,507,1709733734573
8941269,8941269,movement,545,509,1709733734585
8941269,8941269,movement,554,510,1709733734597
8941269,8941269,movement,554,510,1709733734633
8941269,8941269,movement,554,511,1709733734649
8941269,8941269,movement,554,512,1709733734668
8941269,8941269,movement,555,513,1709733734683
8941269,8941269,movement,555,515,1709733734703
8941269,8941269,movement,554,522,1709733734714
8941269,8941269,movement,550,525,1709733734732
8941269,8941269,movement,546,527,1709733734748
8941269,8941269,movement,541,530,1709733734765
8941269,8941269,movement,532,531,1709733734782
8941269,8941269,movement,522,533,1709733734799
8941269,8941269,movement,516,534,1709733734817
8941269,8941269,movement,512,534,1709733734834
8941269,8941269,movement,510,534,1709733734849
8941269,8941269,movement,506,534,1709733734865
8941269,8941269,movement,505,534,1709733734898
8941269,8941269,movement,504,534,1709733734915
8941269,8941269,movement,504,534,1709733734950
8941269,8941269,movement,503,534,1709733734965
8941269,8941269,movement,502,534,1709733734974
8941269,8941269,mousedown,502,534,1709733734978
8941269,8941269,movement,501,533,1709733734997
8941269,8941269,movement,499,532,1709733735015
8941269,8941269,movement,494,532,1709733735031
8941269,8941269,movement,483,530,1709733735048
8941269,8941269,movement,464,530,1709733735065
8941269,8941269,movement,459,530,1709733735082
8941269,8941269,movement,455,530,1709733735097
8941269,8941269,movement,453,530,1709733735114
8941269,8941269,movement,450,529,1709733735131
8941269,8941269,movement,448,529,1709733735147
8941269,8941269,movement,446,529,1709733735171
8941269,8941269,movement,445,529,1709733735185
8941269,8941269,movement,444,529,1709733735213
8941269,8941269,movement,443,529,1709733735231
8941269,8941269,movement,442,529,1709733735263
8941269,8941269,movement,439,529,1709733735313
8941269,8941269,movement,437,529,1709733735342
8941269,8941269,movement,430,529,1709733735384
8941269,8941269,movement,425,529,1709733735425
8941269,8941269,movement,423,529,1709733735437
8941269,8941269,movement,422,529,1709733735446
8941269,8941269,movement,421,530,1709733735465
8941269,8941269,movement,418,530,1709733735480
8941269,8941269,movement,418,530,1709733735496
8941269,8941269,movement,417,530,1709733735514
8941269,8941269,movement,415,530,1709733735532
8941269,8941269,movement,414,530,1709733735549
8941269,8941269,movement,414,530,1709733735566
8941269,8941269,movement,413,530,1709733735580
8941269,8941269,movement,412,530,1709733735596
8941269,8941269,movement,411,530,1709733735630
8941269,8941269,movement,410,530,1709733735658
8941269,8941269,movement,410,530,1709733735824
8941269,8941269,movement,410,530,1709733735912
8941269,8941269,movement,409,530,1709733735946
8941269,8941269,mouseup,409,530,1709733736120
8941269,8941269,movement,410,530,1709733736146
8941269,8941269,movement,416,530,1709733736163
8941269,8941269,movement,427,525,1709733736179
8941269,8941269,singleclick,427,525,1709733736128
8941269,8941269,movement,431,526,1709733738633
8941269,8941269,movement,443,536,1709733738646
8941269,8941269,movement,467,550,1709733738661
8941269,8941269,movement,507,574,1709733738682
8941269,8941269,movement,550,590,1709733738695
8941269,8941269,movement,550,590,1709733738714
8941269,8941269,movement,529,582,1709733738731
8941269,8941269,movement,402,549,1709733738746
8941269,8941269,movement,268,524,1709733738766
8941269,8941269,movement,163,533,1709733738782
8941269,8941269,movement,103,543,1709733738793
8941269,8941269,movement,75,545,1709733738810
8941269,8941269,movement,69,545,1709733738827
8941269,8941269,movement,68,545,1709733738843
8941269,8941269,movement,68,546,1709733738861
8941269,8941269,movement,67,553,1709733738877
8941269,8941269,movement,67,569,1709733738894
8941269,8941269,movement,75,590,1709733738910
8941269,8941269,movement,87,609,1709733738927
8941269,8941269,movement,110,630,1709733738948
8941269,8941269,movement,134,650,1709733738963
8941269,8941269,movement,148,662,1709733738981
8941269,8941269,movement,160,671,1709733738995
8941269,8941269,movement,172,677,1709733739010
8941269,8941269,movement,185,683,1709733739027
8941269,8941269,movement,194,686,1709733739044
8941269,8941269,movement,198,686,1709733739062
8941269,8941269,movement,208,684,1709733739080
8941269,8941269,movement,212,683,1709733739096
8941269,8941269,movement,232,678,1709733739111
8941269,8941269,movement,250,674,1709733739127
8941269,8941269,movement,269,671,1709733739151
8941269,8941269,movement,282,666,1709733739164
8941269,8941269,movement,290,662,1709733739180
8941269,8941269,movement,294,659,1709733739198
8941269,8941269,movement,302,657,1709733739212
8941269,8941269,movement,313,655,1709733739228
8941269,8941269,movement,329,654,1709733739248
8941269,8941269,movement,349,654,1709733739266
8941269,8941269,movement,370,654,1709733739276
8941269,8941269,movement,383,652,1709733739296
8941269,8941269,movement,387,651,1709733739314
8941269,8941269,movement,389,650,1709733739327
8941269,8941269,movement,390,650,1709733739348
8941269,8941269,movement,390,650,1709733739412
8941269,8941269,mousedown,390,650,1709733739564
8941269,8941269,mouseup,390,650,1709733739647
8941269,8941269,movement,391,649,1709733739749
8941269,8941269,movement,391,647,1709733739775
8941269,8941269,movement,391,640,1709733739828
8941269,8941269,movement,391,618,1709733739880
8941269,8941269,movement,382,568,1709733739936
8941269,8941269,movement,342,458,1709733739997
8941269,8941269,movement,309,350,1709733740057
8941269,8941269,movement,278,256,1709733740172
8941269,8941269,singleclick,278,256,1709733739718
8941269,8941269,movement,274,232,1709733740233
8941269,8941269,movement,273,228,1709733740242
8941269,8941269,movement,271,219,1709733740259
8941269,8941269,movement,271,210,1709733740275
8941269,8941269,movement,271,200,1709733740292
8941269,8941269,movement,271,196,1709733740310
8941269,8941269,movement,271,188,1709733740332
8941269,8941269,movement,271,182,1709733740343
8941269,8941269,movement,271,180,1709733740361
8941269,8941269,movement,272,178,1709733740377
8941269,8941269,movement,277,172,1709733740393
8941269,8941269,movement,280,169,1709733740410
8941269,8941269,movement,282,166,1709733740427
8941269,8941269,movement,283,164,1709733740443
8941269,8941269,movement,284,163,1709733740464
8941269,8941269,movement,285,162,1709733740489
8941269,8941269,mousedown,285,162,1709733740559
8941269,8941269,mouseup,285,162,1709733740640
8941269,8941269,movement,290,165,1709733740877
8941269,8941269,movement,354,251,1709733740882
8941269,8941269,movement,574,507,1709733740951
8941269,8941269,movement,611,574,1709733741002
8941269,8941269,movement,610,578,1709733741093
8941269,8941269,singleclick,610,578,1709733740642
8941269,8941269,movement,606,577,1709733741112
8941269,8941269,movement,601,575,1709733741123
8941269,8941269,movement,595,574,1709733741140
8941269,8941269,movement,590,574,1709733741158
8941269,8941269,movement,586,573,1709733741179
8941269,8941269,movement,586,572,1709733741195
8941269,8941269,movement,585,572,1709733741209
8941269,8941269,movement,584,571,1709733741225
8941269,8941269,movement,586,572,1709733741356
8941269,8941269,movement,586,574,1709733741368
8941269,8941269,movement,587,574,1709733741399
8941269,8941269,movement,588,574,1709733741453
8941269,8941269,movement,589,574,1709733741625
8941269,8941269,movement,590,574,1709733741640
8941269,8941269,movement,590,573,1709733741663
8941269,8941269,movement,590,573,1709733741683
8941269,8941269,movement,590,572,1709733741709
8941269,8941269,movement,591,571,1709733741723
8941269,8941269,movement,592,570,1709733741742
8941269,8941269,movement,594,567,1709733741760
8941269,8941269,movement,598,563,1709733741782
8941269,8941269,movement,599,562,1709733741790
8941269,8941269,movement,601,559,1709733741809
8941269,8941269,movement,602,557,1709733741824
8941269,8941269,movement,602,556,1709733741840
8941269,8941269,mousedown,602,556,1709733741875
8941269,8941269,mouseup,602,556,1709733741962
8941269,8941269,movement,604,558,1709733742080
8941269,8941269,movement,607,559,1709733742107
8941269,8941269,movement,733,554,1709733742205
8941269,8941269,movement,945,495,1709733742297
8941269,8941269,movement,1028,442,1709733742368
8941269,8941269,movement,1031,439,1709733742375
8941269,8941269,singleclick,1031,439,1709733741972
8941269,8941269,movement,1044,427,1709733742394
8941269,8941269,movement,1047,422,1709733742409
8941269,8941269,movement,1059,411,1709733742431
8941269,8941269,movement,1067,403,1709733742452
8941269,8941269,movement,1072,401,1709733742458
8941269,8941269,movement,1084,394,1709733742474
8941269,8941269,movement,1096,388,1709733742490
8941269,8941269,movement,1104,382,1709733742506
8941269,8941269,movement,1110,378,1709733742522
8941269,8941269,movement,1114,374,1709733742542
8941269,8941269,movement,1117,372,1709733742557
8941269,8941269,movement,1122,370,1709733742573
8941269,8941269,movement,1127,370,1709733742590
8941269,8941269,movement,1133,370,1709733742607
8941269,8941269,movement,1140,370,1709733742624
8941269,8941269,movement,1149,371,1709733742640
8941269,8941269,movement,1170,377,1709733742668
8941269,8941269,movement,1190,383,1709733742686
8941269,8941269,movement,1214,395,1709733742710
8941269,8941269,movement,1222,399,1709733742711
8941269,8941269,movement,1230,403,1709733742723
8941269,8941269,movement,1242,411,1709733742741
8941269,8941269,movement,1253,418,1709733742757
8941269,8941269,movement,1262,425,1709733742775
8941269,8941269,movement,1270,430,1709733742790
8941269,8941269,movement,1287,437,1709733742807
8941269,8941269,movement,1298,442,1709733742824
8941269,8941269,movement,1310,446,1709733742842
8941269,8941269,movement,1324,451,1709733742857
8941269,8941269,movement,1339,457,1709733742874
8941269,8941269,movement,1351,462,1709733742890
8941269,8941269,movement,1366,466,1709733742923
8941269,8941269,movement,1375,470,1709733742951
8941269,8941269,movement,1380,471,1709733742968
8941269,8941269,movement,1386,472,1709733742994
8941269,8941269,movement,1390,474,1709733743006
8941269,8941269,movement,1396,474,1709733743044
8941269,8941269,movement,1406,478,1709733743080
8941269,8941269,movement,1414,482,1709733743111
8941269,8941269,movement,1418,484,1709733743122
8941269,8941269,movement,1426,486,1709733743140
8941269,8941269,movement,1436,487,1709733743160
8941269,8941269,movement,1445,488,1709733743173
8941269,8941269,movement,1452,488,1709733743191
8941269,8941269,movement,1456,486,1709733743208
8941269,8941269,movement,1460,482,1709733743231
8941269,8941269,movement,1462,478,1709733743257
8941269,8941269,movement,1466,474,1709733743296
8941269,8941269,movement,1470,470,1709733743335
8941269,8941269,movement,1471,468,1709733743378
8941269,8941269,movement,1472,466,1709733743430
8941269,8941269,movement,1473,465,1709733743483
8941269,8941269,movement,1474,465,1709733743543
8941269,8941269,movement,1475,465,1709733743619
8941269,8941269,movement,1476,465,1709733743628
8941269,8941269,mousedown,1476,465,1709733743751
8941269,8941269,mouseup,1476,465,1709733743831
8941269,8941269,movement,1476,466,1709733744005
8941269,8941269,movement,1475,466,1709733744034
8941269,8941269,movement,1475,466,1709733744041
8941269,8941269,movement,1475,467,1709733744055
8941269,8941269,movement,1474,468,1709733744072
8941269,8941269,movement,1474,469,1709733744089
8941269,8941269,movement,1472,472,1709733744105
8941269,8941269,movement,1470,474,1709733744122
8941269,8941269,movement,1466,478,1709733744138
8941269,8941269,movement,1463,482,1709733744156
8941269,8941269,movement,1458,486,1709733744174
8941269,8941269,movement,1454,492,1709733744189
8941269,8941269,movement,1446,500,1709733744207
8941269,8941269,movement,1440,506,1709733744233
8941269,8941269,singleclick,1440,506,1709733743834
8941269,8941269,movement,1436,509,1709733744239
8941269,8941269,movement,1430,514,1709733744254
8941269,8941269,movement,1425,518,1709733744275
8941269,8941269,movement,1418,524,1709733744292
8941269,8941269,movement,1407,531,1709733744307
8941269,8941269,movement,1402,536,1709733744322
8941269,8941269,movement,1398,538,1709733744338
8941269,8941269,movement,1396,541,1709733744355
8941269,8941269,movement,1393,543,1709733744371
8941269,8941269,movement,1390,546,1709733744388
8941269,8941269,movement,1386,548,1709733744406
8941269,8941269,movement,1383,551,1709733744422
8941269,8941269,movement,1378,555,1709733744440
8941269,8941269,movement,1374,559,1709733744457
8941269,8941269,movement,1368,562,1709733744473
8941269,8941269,movement,1362,566,1709733744487
8941269,8941269,movement,1358,569,1709733744504
8941269,8941269,movement,1356,571,1709733744521
8941269,8941269,movement,1352,575,1709733744538
8941269,8941269,movement,1350,578,1709733744554
8941269,8941269,movement,1349,579,1709733744572
8941269,8941269,movement,1349,581,1709733744590
8941269,8941269,movement,1348,581,1709733744605
8941269,8941269,movement,1348,582,1709733744622
8941269,8941269,movement,1348,582,1709733744639
8941269,8941269,movement,1347,582,1709733744655
8941269,8941269,movement,1347,582,1709733744740
8941269,8941269,movement,1347,580,1709733744748
8941269,8941269,movement,1347,578,1709733744757
8941269,8941269,movement,1347,577,1709733744772
8941269,8941269,movement,1347,570,1709733744788
8941269,8941269,movement,1350,550,1709733744808
8941269,8941269,movement,1350,536,1709733744827
8941269,8941269,movement,1350,518,1709733744842
8941269,8941269,movement,1352,494,1709733744858
8941269,8941269,movement,1353,482,1709733744874
8941269,8941269,movement,1355,473,1709733744890
8941269,8941269,movement,1355,465,1709733744907
8941269,8941269,movement,1356,462,1709733744921
8941269,8941269,movement,1356,461,1709733744937
8941269,8941269,movement,1357,460,1709733744954
8941269,8941269,movement,1358,457,1709733744984
8941269,8941269,movement,1358,455,1709733744989
8941269,8941269,movement,1358,454,1709733745009
8941269,8941269,movement,1359,452,1709733745020
8941269,8941269,movement,1359,451,1709733745037
8941269,8941269,movement,1360,449,1709733745055
8941269,8941269,movement,1361,448,1709733745071
8941269,8941269,movement,1361,446,1709733745088
8941269,8941269,movement,1361,445,1709733745105
8941269,8941269,movement,1362,444,1709733745125
8941269,8941269,movement,1363,441,1709733745140
8941269,8941269,movement,1363,438,1709733745157
8941269,8941269,movement,1363,438,1709733745171
8941269,8941269,movement,1364,437,1709733745186
8941269,8941269,movement,1364,436,1709733745203
8941269,8941269,movement,1364,435,1709733745231
8941269,8941269,movement,1364,434,1709733745264
8941269,8941269,movement,1365,434,1709733745301
8941269,8941269,movement,1365,434,1709733745615
8941269,8941269,mousedown,1365,434,1709733745693
8941269,8941269,mouseup,1365,434,1709733745790
8941269,8941269,movement,1364,434,1709733746120
8941269,8941269,movement,1363,434,1709733746170
8941269,8941269,movement,1362,435,1709733746186
8941269,8941269,singleclick,1362,435,1709733745795
8941269,8941269,movement,1361,436,1709733746223
8941269,8941269,movement,1360,437,1709733746237
8941269,8941269,movement,1358,438,1709733746253
8941269,8941269,movement,1354,439,1709733746270
8941269,8941269,movement,1351,441,1709733746287
8941269,8941269,movement,1346,444,1709733746303
8941269,8941269,movement,1337,447,1709733746320
8941269,8941269,movement,1320,452,1709733746337
8941269,8941269,movement,1295,458,1709733746356
8941269,8941269,movement,1253,475,1709733746372
8941269,8941269,movement,1219,493,1709733746388
8941269,8941269,movement,1178,510,1709733746405
8941269,8941269,movement,1138,523,1709733746419
8941269,8941269,movement,1089,537,1709733746438
8941269,8941269,movement,1024,546,1709733746453
8941269,8941269,movement,1012,548,1709733746471
8941269,8941269,movement,1002,549,1709733746486
8941269,8941269,movement,985,561,1709733752058
8941269,8941269,movement,962,576,1709733752093
8941269,8941269,movement,954,582,1709733752113
8941269,8941269,movement,952,584,1709733752131
8941269,8941269,movement,951,585,1709733752147
8941269,8941269,movement,950,585,1709733752163
8941269,8941269,movement,949,585,1709733752186
8941269,8941269,movement,925,586,1709733752200
8941269,8941269,movement,905,586,1709733752214
8941269,8941269,movement,804,586,1709733752230
8941269,8941269,movement,720,585,1709733752247
8941269,8941269,movement,625,582,1709733752266
8941269,8941269,movement,543,577,1709733752292
8941269,8941269,movement,529,574,1709733752317
8941269,8941269,movement,528,573,1709733752370
8941269,8941269,movement,526,573,1709733752381
8941269,8941269,movement,525,573,1709733752397
8941269,8941269,movement,525,574,1709733752448
8941269,8941269,movement,525,574,1709733752481
8941269,8941269,movement,524,575,1709733752499
8941269,8941269,movement,522,577,1709733752514
8941269,8941269,movement,522,579,1709733752531
8941269,8941269,movement,521,581,1709733752548
8941269,8941269,movement,521,583,1709733752566
8941269,8941269,movement,521,586,1709733752582
8941269,8941269,movement,521,587,1709733752597
8941269,8941269,movement,520,588,1709733752615
8941269,8941269,movement,520,590,1709733752631
8941269,8941269,movement,520,590,1709733752665
8941269,8941269,movement,519,590,1709733752698
8941269,8941269,movement,519,591,1709733752731
8941269,8941269,movement,519,594,1709733752769
8941269,8941269,movement,519,595,1709733752783
8941269,8941269,movement,519,597,1709733752797
8941269,8941269,movement,519,598,1709733752914
8941269,8941269,mousedown,519,598,1709733752995
8941269,8941269,mouseup,519,598,1709733753039
8941269,8941269,movement,519,598,1709733753110
8941269,8941269,movement,519,599,1709733753146
8941269,8941269,movement,519,600,1709733753159
8941269,8941269,movement,519,601,1709733753171
8941269,8941269,movement,519,602,1709733753193
8941269,8941269,movement,519,602,1709733753203
8941269,8941269,movement,519,603,1709733753213
8941269,8941269,movement,518,606,1709733753236
8941269,8941269,movement,517,608,1709733753247
8941269,8941269,movement,515,610,1709733753266
8941269,8941269,movement,515,610,1709733753281
8941269,8941269,movement,514,611,1709733753297
8941269,8941269,movement,514,612,1709733753314
8941269,8941269,movement,514,613,1709733753332
8941269,8941269,movement,513,613,1709733753416
8941269,8941269,singleclick,513,613,1709733753042
8941269,8941269,movement,512,613,1709733753459
8941269,8941269,movement,511,613,1709733753474
8941269,8941269,movement,510,613,1709733753499
8941269,8941269,movement,510,613,1709733753507
8941269,8941269,movement,509,613,1709733753536
8941269,8941269,movement,508,613,1709733753562
8941269,8941269,mousedown,508,613,1709733753579
8941269,8941269,movement,507,613,1709733753663
8941269,8941269,mouseup,507,613,1709733753688
8941269,8941269,movement,506,613,1709733753802
8941269,8941269,movement,503,615,1709733753832
8941269,8941269,movement,502,615,1709733753867
8941269,8941269,movement,501,615,1709733753880
8941269,8941269,movement,500,617,1709733753896
8941269,8941269,movement,497,618,1709733753912
8941269,8941269,movement,492,618,1709733753929
8941269,8941269,movement,490,619,1709733753945
8941269,8941269,movement,484,622,1709733753980
8941269,8941269,movement,482,622,1709733753997
8941269,8941269,movement,481,623,1709733754013
8941269,8941269,movement,478,625,1709733754029
8941269,8941269,movement,474,627,1709733754045
8941269,8941269,movement,470,628,1709733754062
8941269,8941269,movement,470,628,1709733754079
8941269,8941269,singleclick,470,628,1709733753690
8941269,8941269,movement,469,628,1709733754157
8941269,8941269,movement,470,626,1709733754176
8941269,8941269,movement,471,623,1709733754195
8941269,8941269,movement,473,621,1709733754213
8941269,8941269,movement,473,620,1709733754230
8941269,8941269,movement,474,619,1709733754246
8941269,8941269,movement,474,618,1709733754281
8941269,8941269,movement,474,618,1709733754331
8941269,8941269,movement,473,618,1709733754365
8941269,8941269,movement,454,630,1709733754398
8941269,8941269,movement,431,642,1709733754415
8941269,8941269,movement,411,656,1709733754428
8941269,8941269,movement,396,671,1709733754446
8941269,8941269,movement,390,682,1709733754463
8941269,8941269,movement,387,687,1709733754484
8941269,8941269,movement,386,694,1709733754496
8941269,8941269,movement,386,696,1709733754512
8941269,8941269,movement,386,701,1709733754543
8941269,8941269,movement,386,703,1709733754557
8941269,8941269,movement,386,707,1709733754579
8941269,8941269,movement,386,709,1709733754596
8941269,8941269,movement,384,711,1709733754612
8941269,8941269,movement,382,714,1709733754630
8941269,8941269,movement,382,718,1709733754647
8941269,8941269,movement,381,719,1709733754663
8941269,8941269,movement,380,720,1709733754682
8941269,8941269,movement,380,721,1709733754730
8941269,8941269,movement,381,722,1709733754745
8941269,8941269,movement,382,726,1709733754761
8941269,8941269,movement,382,727,1709733754780
8941269,8941269,movement,382,729,1709733754796
8941269,8941269,movement,382,730,1709733754823
8941269,8941269,movement,382,732,1709733754895
8941269,8941269,movement,383,733,1709733754939
8941269,8941269,movement,383,734,1709733754997
8941269,8941269,movement,384,734,1709733755013
8941269,8941269,movement,384,735,1709733755028
8941269,8941269,movement,384,736,1709733755045
8941269,8941269,mousedown,384,736,1709733755265
8941269,8941269,mouseup,384,736,1709733755320
8941269,8941269,movement,390,726,1709733755623
8941269,8941269,movement,405,711,1709733755702
8941269,8941269,movement,417,703,1709733755734
8941269,8941269,movement,423,700,1709733755750
8941269,8941269,movement,432,694,1709733755762
8941269,8941269,movement,444,686,1709733755779
8941269,8941269,singleclick,444,686,1709733755366
8941269,8941269,movement,452,680,1709733755795
8941269,8941269,movement,464,673,1709733755811
8941269,8941269,movement,474,668,1709733755828
8941269,8941269,movement,482,664,1709733755845
8941269,8941269,movement,487,659,1709733755862
8941269,8941269,movement,492,655,1709733755878
8941269,8941269,movement,497,650,1709733755895
8941269,8941269,movement,507,635,1709733755914
8941269,8941269,movement,518,612,1709733755936
8941269,8941269,movement,520,578,1709733755966
8941269,8941269,movement,514,526,1709733756007
8941269,8941269,movement,510,522,1709733756011
8941269,8941269,movement,506,514,1709733756027
8941269,8941269,movement,501,511,1709733756044
8941269,8941269,movement,497,510,1709733756062
8941269,8941269,movement,492,509,1709733756076
8941269,8941269,movement,486,509,1709733756095
8941269,8941269,movement,480,512,1709733756112
8941269,8941269,movement,472,517,1709733756129
8941269,8941269,movement,458,520,1709733756150
8941269,8941269,movement,450,510,1709733756196
8941269,8941269,movement,360,391,1709733756250
8941269,8941269,movement,271,246,1709733756274
8941269,8941269,movement,254,219,1709733756282
8941269,8941269,movement,241,200,1709733756293
8941269,8941269,movement,218,169,1709733756310
8941269,8941269,movement,207,150,1709733756328
8941269,8941269,movement,202,136,1709733756346
8941269,8941269,movement,202,132,1709733756360
8941269,8941269,movement,202,128,1709733756377
8941269,8941269,movement,202,126,1709733756397
8941269,8941269,movement,202,126,1709733756421
8941269,8941269,movement,205,126,1709733756476
8941269,8941269,movement,206,127,1709733756485
8941269,8941269,movement,210,129,1709733756494
8941269,8941269,movement,219,132,1709733756510
8941269,8941269,movement,228,135,1709733756526
8941269,8941269,movement,238,138,1709733756552
8941269,8941269,movement,239,139,1709733756561
8941269,8941269,movement,243,142,1709733756579
8941269,8941269,movement,249,145,1709733756593
8941269,8941269,movement,263,152,1709733756624
8941269,8941269,movement,267,153,1709733756648
8941269,8941269,movement,270,153,1709733756677
8941269,8941269,movement,274,153,1709733756708
8941269,8941269,movement,274,153,1709733756760
8941269,8941269,movement,275,153,1709733756777
8941269,8941269,movement,276,153,1709733756794
8941269,8941269,movement,277,154,1709733756810
8941269,8941269,movement,278,155,1709733756827
8941269,8941269,movement,282,160,1709733756844
8941269,8941269,movement,285,164,1709733756860
8941269,8941269,movement,287,166,1709733756881
8941269,8941269,movement,287,167,1709733756893
8941269,8941269,movement,288,167,1709733756913
8941269,8941269,mousedown,288,167,1709733757049
8941269,8941269,mouseup,288,167,1709733757113
8941269,8941269,movement,301,171,1709733757153
8941269,8941269,movement,314,174,1709733757338
8941269,8941269,movement,430,113,1709733757471
8941269,8941269,singleclick,430,113,1709733757115
8941269,8941269,movement,423,106,1709733757556
8941269,8941269,movement,390,85,1709733757605
8941269,8941269,movement,310,89,1709733757735
8941269,8941269,movement,309,95,1709733757758
8941269,8941269,movement,308,98,1709733757760
8941269,8941269,movement,305,111,1709733757776
8941269,8941269,movement,302,129,1709733757793
8941269,8941269,movement,299,146,1709733757810
8941269,8941269,movement,298,162,1709733757828
8941269,8941269,movement,298,179,1709733757844
8941269,8941269,movement,299,203,1709733757861
8941269,8941269,movement,325,247,1709733757879
8941269,8941269,movement,381,290,1709733757915
8941269,8941269,movement,614,378,1709733757931
8941269,8941269,movement,814,414,1709733757950
8941269,8941269,movement,934,422,1709733757967
8941269,8941269,movement,988,422,1709733757978
8941269,8941269,movement,1063,416,1709733757993
8941269,8941269,movement,1103,397,1709733758012
8941269,8941269,movement,1108,383,1709733758027
8941269,8941269,movement,1103,362,1709733758048
8941269,8941269,movement,1086,338,1709733758065
8941269,8941269,movement,1030,306,1709733758083
8941269,8941269,movement,979,294,1709733758096
8941269,8941269,movement,929,290,1709733758112
8941269,8941269,movement,873,292,1709733758126
8941269,8941269,movement,817,305,1709733758143
8941269,8941269,movement,788,318,1709733758173
8941269,8941269,movement,724,357,1709733758178
8941269,8941269,movement,692,385,1709733758191
8941269,8941269,movement,672,410,1709733758210
8941269,8941269,movement,668,420,1709733758215
8941269,8941269,movement,666,429,1709733758230
8941269,8941269,movement,666,446,1709733758245
8941269,8941269,movement,669,452,1709733758260
8941269,8941269,movement,671,454,1709733758276
8941269,8941269,movement,674,454,1709733758291
8941269,8941269,movement,677,453,1709733758312
8941269,8941269,movement,682,450,1709733758327
8941269,8941269,movement,685,449,1709733758341
8941269,8941269,movement,687,448,1709733758358
8941269,8941269,movement,687,447,1709733758375
8941269,8941269,movement,688,447,1709733758392
8941269,8941269,movement,690,449,1709733758409
8941269,8941269,movement,697,454,1709733758429
8941269,8941269,movement,706,465,1709733758449
8941269,8941269,movement,726,486,1709733758468
8941269,8941269,movement,730,494,1709733758477
8941269,8941269,movement,740,513,1709733758498
8941269,8941269,movement,743,524,1709733758515
8941269,8941269,movement,748,532,1709733758524
8941269,8941269,movement,750,537,1709733758547
8941269,8941269,movement,750,536,1709733758568
8941269,8941269,movement,750,533,1709733758581
8941269,8941269,movement,747,528,1709733758592
8941269,8941269,movement,734,509,1709733758611
8941269,8941269,movement,703,470,1709733758631
8941269,8941269,movement,602,380,1709733758651
8941269,8941269,movement,538,345,1709733758668
8941269,8941269,movement,500,332,1709733758681
8941269,8941269,movement,381,297,1709733758701
8941269,8941269,movement,279,276,1709733758716
8941269,8941269,movement,262,275,1709733758725
8941269,8941269,movement,245,272,1709733758744
8941269,8941269,movement,234,271,1709733758759
8941269,8941269,movement,230,270,1709733758774
8941269,8941269,movement,228,270,1709733758792
8941269,8941269,movement,228,272,1709733758841
8941269,8941269,movement,230,276,1709733758859
8941269,8941269,movement,231,281,1709733758875
8941269,8941269,movement,234,288,1709733758892
8941269,8941269,movement,238,296,1709733758912
8941269,8941269,movement,244,310,1709733758932
8941269,8941269,movement,246,318,1709733758946
8941269,8941269,movement,248,323,1709733758958
8941269,8941269,movement,250,328,1709733758976
8941269,8941269,movement,253,331,1709733758991
8941269,8941269,movement,254,332,1709733759007
8941269,8941269,movement,254,332,1709733759025
8941269,8941269,movement,254,332,1709733759058
8941269,8941269,movement,253,332,1709733759090
8941269,8941269,movement,252,333,1709733759108
8941269,8941269,movement,250,334,1709733759124
8941269,8941269,movement,248,335,1709733759142
8941269,8941269,movement,248,337,1709733759159
8941269,8941269,movement,248,339,1709733759175
8941269,8941269,movement,249,343,1709733759191
8941269,8941269,movement,254,348,1709733759209
8941269,8941269,movement,269,355,1709733759233
8941269,8941269,movement,308,370,1709733759254
8941269,8941269,movement,354,383,1709733759271
8941269,8941269,movement,439,399,1709733759295
8941269,8941269,movement,471,406,1709733759299
8941269,8941269,movement,545,418,1709733759312
8941269,8941269,movement,610,429,1709733759328
8941269,8941269,movement,674,440,1709733759346
8941269,8941269,movement,734,455,1709733759361
8941269,8941269,movement,778,470,1709733759379
8941269,8941269,movement,819,490,1709733759396
8941269,8941269,movement,838,500,1709733759410
8941269,8941269,movement,850,509,1709733759430
8941269,8941269,movement,855,513,1709733759445
8941269,8941269,movement,858,515,1709733759460
8941269,8941269,movement,858,516,1709733759473
8941269,8941269,movement,859,516,1709733759607
8941269,8941269,movement,860,516,1709733759643
8941269,8941269,movement,860,517,1709733759791
8941269,8941269,movement,859,517,1709733759813
8941269,8941269,movement,858,517,1709733759916
8941269,8941269,movement,858,517,1709733759923
8941269,8941269,movement,857,517,1709733759931
8941269,8941269,movement,855,516,1709733759941
8941269,8941269,movement,849,514,1709733759959
8941269,8941269,movement,823,517,1709733759974
8941269,8941269,movement,782,538,1709733759995
8941269,8941269,movement,777,540,1709733760007
8941269,8941269,movement,778,536,1709733760273
8941269,8941269,movement,780,533,1709733760283
8941269,8941269,movement,782,529,1709733760290
8941269,8941269,movement,790,522,1709733760307
8941269,8941269,movement,798,517,1709733760324
8941269,8941269,movement,803,513,1709733760344
8941269,8941269,movement,808,510,1709733760358
8941269,8941269,movement,810,507,1709733760374
8941269,8941269,movement,816,506,1709733760390
8941269,8941269,movement,822,505,1709733760407
8941269,8941269,movement,824,505,1709733760423
8941269,8941269,movement,826,505,1709733760441
8941269,8941269,movement,827,505,1709733760458
8941269,8941269,movement,828,506,1709733760474
8941269,8941269,movement,829,506,1709733760489
8941269,8941269,movement,830,506,1709733760506
8941269,8941269,movement,831,506,1709733760529
8941269,8941269,movement,832,506,1709733760561
8941269,8941269,movement,832,507,1709733760576
8941269,8941269,movement,833,507,1709733760591
8941269,8941269,movement,833,508,1709733760710
8941269,8941269,movement,833,509,1709733760786
8941269,8941269,movement,833,510,1709733760849
8941269,8941269,movement,833,510,1709733760872
8941269,8941269,movement,832,510,1709733760896
8941269,8941269,movement,832,511,1709733760934
8941269,8941269,movement,831,511,1709733760949
8941269,8941269,movement,831,512,1709733760981
8941269,8941269,movement,830,512,1709733761035
8941269,8941269,movement,830,512,1709733761067
8941269,8941269,movement,829,512,1709733761160
8941269,8941269,movement,830,511,1709733761432
8941269,8941269,movement,830,511,1709733761439
8941269,8941269,movement,831,511,1709733761456
8941269,8941269,movement,833,511,1709733761472
8941269,8941269,movement,834,511,1709733761510
8941269,8941269,movement,834,511,1709733761523
8941269,8941269,movement,834,510,1709733761540
8941269,8941269,movement,834,510,1709733761556
8941269,8941269,movement,835,510,1709733761589
8941269,8941269,movement,836,509,1709733761617
8941269,8941269,movement,837,509,1709733761684
8941269,8941269,movement,838,509,1709733761708
8941269,8941269,movement,838,509,1709733761776
8941269,8941269,movement,838,510,1709733762086
8941269,8941269,movement,838,510,1709733762092
8941269,8941269,movement,837,511,1709733762108
8941269,8941269,movement,837,512,1709733762123
8941269,8941269,movement,837,513,1709733762155
8941269,8941269,movement,837,514,1709733762165
8941269,8941269,movement,837,514,1709733762172
8941269,8941269,movement,837,515,1709733762192
8941269,8941269,movement,837,516,1709733762208
8941269,8941269,movement,837,517,1709733762222
8941269,8941269,movement,836,518,1709733762239
8941269,8941269,movement,835,519,1709733762256
8941269,8941269,movement,835,522,1709733762272
8941269,8941269,movement,835,523,1709733762288
8941269,8941269,movement,834,526,1709733762305
8941269,8941269,movement,834,526,1709733762322
8941269,8941269,movement,834,527,1709733762340
8941269,8941269,movement,834,528,1709733762355
8941269,8941269,movement,834,529,1709733762404
8941269,8941269,movement,834,530,1709733762420
8941269,8941269,movement,835,530,1709733762436
8941269,8941269,movement,837,530,1709733762442
8941269,8941269,movement,838,530,1709733762538
8941269,8941269,movement,840,531,1709733762558
8941269,8941269,movement,841,531,1709733762570
8941269,8941269,movement,842,531,1709733762577
8941269,8941269,movement,842,532,1709733762594
8941269,8941269,movement,842,533,1709733762646
8941269,8941269,movement,842,534,1709733762671
8941269,8941269,movement,842,534,1709733762677
8941269,8941269,movement,841,535,1709733762698
8941269,8941269,movement,840,535,1709733762723
8941269,8941269,movement,840,536,1709733762738
8941269,8941269,mousedown,840,536,1709733763169
8941269,8941269,movement,839,536,1709733763218
8941269,8941269,movement,839,537,1709733763222
8941269,8941269,mouseup,839,537,1709733763241
8941269,8941269,movement,839,538,1709733763267
8941269,8941269,movement,839,538,1709733763268
8941269,8941269,movement,851,541,1709733763428
8941269,8941269,movement,858,540,1709733763448
8941269,8941269,movement,882,538,1709733763510
8941269,8941269,movement,938,538,1709733763598
8941269,8941269,singleclick,938,538,1709733763262
8941269,8941269,movement,972,539,1709733763698
8941269,8941269,movement,983,539,1709733763734
8941269,8941269,movement,985,539,1709733763739
8941269,8941269,movement,987,538,1709733763753
8941269,8941269,movement,994,537,1709733763770
8941269,8941269,movement,1002,534,1709733763787
8941269,8941269,movement,1016,527,1709733763803
8941269,8941269,movement,1027,521,1709733763821
8941269,8941269,movement,1035,514,1709733763839
8941269,8941269,movement,1042,506,1709733763855
8941269,8941269,movement,1053,495,1709733763874
8941269,8941269,movement,1065,482,1709733763887
8941269,8941269,movement,1080,466,1709733763904
8941269,8941269,movement,1095,452,1709733763921
8941269,8941269,movement,1126,422,1709733763950
8941269,8941269,movement,1149,402,1709733763969
8941269,8941269,movement,1174,386,1709733763993
8941269,8941269,movement,1199,373,1709733764014
8941269,8941269,movement,1207,368,1709733764020
8941269,8941269,movement,1226,362,1709733764036
8941269,8941269,movement,1246,355,1709733764053
8941269,8941269,movement,1266,352,1709733764072
8941269,8941269,movement,1290,349,1709733764087
8941269,8941269,movement,1316,349,1709733764105
8941269,8941269,movement,1342,349,1709733764121
8941269,8941269,movement,1367,349,1709733764137
8941269,8941269,movement,1389,349,1709733764154
8941269,8941269,movement,1413,350,1709733764172
8941269,8941269,movement,1428,352,1709733764189
8941269,8941269,movement,1443,354,1709733764214
8941269,8941269,movement,1453,354,1709733764221
8941269,8941269,movement,1459,355,1709733764239
8941269,8941269,movement,1463,355,1709733764255
8941269,8941269,movement,1465,355,1709733764271
8941269,8941269,movement,1466,355,1709733764306
8941269,8941269,movement,1466,356,1709733764343
8941269,8941269,movement,1466,357,1709733764354
8941269,8941269,movement,1467,357,1709733764370
8941269,8941269,movement,1468,358,1709733764388
8941269,8941269,movement,1469,358,1709733764403
8941269,8941269,movement,1469,360,1709733764420
8941269,8941269,movement,1470,362,1709733764437
8941269,8941269,movement,1470,363,1709733764453
8941269,8941269,movement,1470,364,1709733764471
8941269,8941269,movement,1471,364,1709733764506
8941269,8941269,movement,1472,364,1709733764520
8941269,8941269,movement,1473,365,1709733764537
8941269,8941269,movement,1474,365,1709733764562
8941269,8941269,movement,1475,365,1709733764573
8941269,8941269,movement,1478,365,1709733764605
8941269,8941269,movement,1479,365,1709733764628
8941269,8941269,movement,1481,365,1709733764653
8941269,8941269,movement,1482,365,1709733764669
8941269,8941269,movement,1483,364,1709733764687
8941269,8941269,movement,1485,364,1709733764706
8941269,8941269,movement,1486,362,1709733764722
8941269,8941269,movement,1487,362,1709733764739
8941269,8941269,movement,1488,362,1709733764785
8941269,8941269,movement,1488,362,1709733764790
8941269,8941269,movement,1488,361,1709733764877
8941269,8941269,mousedown,1488,361,1709733764919
8941269,8941269,mouseup,1488,361,1709733764987
8941269,8941269,movement,1488,362,1709733765113
8941269,8941269,movement,1487,362,1709733765118
8941269,8941269,movement,1487,362,1709733765135
8941269,8941269,movement,1484,363,1709733765153
8941269,8941269,movement,1482,365,1709733765170
8941269,8941269,movement,1479,366,1709733765187
8941269,8941269,movement,1475,370,1709733765203
8941269,8941269,movement,1465,375,1709733765221
8941269,8941269,movement,1456,380,1709733765239
8941269,8941269,movement,1449,385,1709733765252
8941269,8941269,movement,1443,388,1709733765271
8941269,8941269,movement,1439,392,1709733765287
8941269,8941269,movement,1437,395,1709733765303
8941269,8941269,movement,1434,398,1709733765319
8941269,8941269,movement,1430,402,1709733765340
8941269,8941269,movement,1427,406,1709733765355
8941269,8941269,movement,1426,408,1709733765369
8941269,8941269,movement,1425,411,1709733765385
8941269,8941269,movement,1420,418,1709733765422
8941269,8941269,movement,1413,426,1709733765455
8941269,8941269,movement,1406,431,1709733765497
8941269,8941269,movement,1405,432,1709733765505
8941269,8941269,movement,1402,433,1709733765518
8941269,8941269,movement,1400,434,1709733765536
8941269,8941269,movement,1398,436,1709733765552
8941269,8941269,movement,1395,438,1709733765570
8941269,8941269,movement,1393,439,1709733765585
8941269,8941269,movement,1389,442,1709733765601
8941269,8941269,movement,1386,444,1709733765620
8941269,8941269,movement,1384,445,1709733765639
8941269,8941269,movement,1383,446,1709733765653
8941269,8941269,movement,1382,446,1709733765673
8941269,8941269,movement,1380,448,1709733765684
8941269,8941269,movement,1378,452,1709733765703
8941269,8941269,movement,1378,454,1709733765718
8941269,8941269,movement,1377,457,1709733765735
8941269,8941269,movement,1376,462,1709733765757
8941269,8941269,movement,1374,469,1709733765782
8941269,8941269,movement,1374,472,1709733765796
8941269,8941269,movement,1374,474,1709733765801
8941269,8941269,movement,1373,478,1709733765819
8941269,8941269,movement,1372,482,1709733765840
8941269,8941269,movement,1372,484,1709733765853
8941269,8941269,movement,1372,488,1709733765868
8941269,8941269,movement,1371,492,1709733765888
8941269,8941269,movement,1370,498,1709733765910
8941269,8941269,movement,1369,501,1709733765919
8941269,8941269,movement,1368,503,1709733765935
8941269,8941269,movement,1368,506,1709733765951
8941269,8941269,movement,1368,508,1709733765967
8941269,8941269,movement,1367,510,1709733765984
8941269,8941269,movement,1366,514,1709733766002
8941269,8941269,movement,1366,515,1709733766022
8941269,8941269,movement,1366,516,1709733766035
8941269,8941269,movement,1366,518,1709733766051
8941269,8941269,movement,1366,519,1709733766068
8941269,8941269,movement,1365,523,1709733766092
8941269,8941269,movement,1364,529,1709733766114
8941269,8941269,movement,1363,533,1709733766121
8941269,8941269,movement,1363,534,1709733766134
8941269,8941269,movement,1363,535,1709733766151
8941269,8941269,movement,1362,535,1709733766182
8941269,8941269,movement,1362,535,1709733766188
8941269,8941269,movement,1361,534,1709733766201
8941269,8941269,movement,1358,527,1709733766218
8941269,8941269,movement,1353,513,1709733766238
8941269,8941269,movement,1343,478,1709733766262
8941269,8941269,movement,1338,456,1709733766277
8941269,8941269,movement,1335,441,1709733766292
8941269,8941269,movement,1333,430,1709733766306
8941269,8941269,movement,1332,422,1709733766317
8941269,8941269,movement,1331,415,1709733766336
8941269,8941269,movement,1330,411,1709733766353
8941269,8941269,movement,1330,406,1709733766368
8941269,8941269,movement,1330,403,1709733766386
8941269,8941269,movement,1328,400,1709733766400
8941269,8941269,movement,1328,398,1709733766417
8941269,8941269,movement,1328,397,1709733766439
8941269,8941269,movement,1328,396,1709733766456
8941269,8941269,movement,1328,394,1709733766472
8941269,8941269,movement,1328,394,1709733766484
8941269,8941269,movement,1328,391,1709733766501
8941269,8941269,movement,1326,388,1709733766517
8941269,8941269,movement,1325,386,1709733766533
8941269,8941269,movement,1324,386,1709733766551
8941269,8941269,movement,1323,385,1709733766570
8941269,8941269,movement,1324,385,1709733766758
8941269,8941269,movement,1324,386,1709733766776
8941269,8941269,movement,1324,386,1709733766790
8941269,8941269,movement,1324,387,1709733766815
8941269,8941269,movement,1325,389,1709733766820
8941269,8941269,movement,1326,390,1709733766828
8941269,8941269,movement,1326,391,1709733766836
8941269,8941269,movement,1327,393,1709733766852
8941269,8941269,movement,1327,395,1709733766868
8941269,8941269,movement,1328,396,1709733766884
8941269,8941269,movement,1328,397,1709733766901
8941269,8941269,mousedown,1328,397,1709733766987
8941269,8941269,mouseup,1328,397,1709733767078
8941269,8941269,movement,1329,397,1709733767253
8941269,8941269,movement,1335,430,1709733767344
8941269,8941269,movement,1338,456,1709733767436
8941269,8941269,movement,1338,457,1709733767454
8941269,8941269,movement,1337,457,1709733767484
8941269,8941269,singleclick,1337,457,1709733767082
8941269,8941269,movement,1334,457,1709733767500
8941269,8941269,movement,1333,457,1709733772997
8941269,8941269,movement,1326,453,1709733773012
8941269,8941269,movement,1310,444,1709733773028
8941269,8941269,movement,1291,432,1709733773050
8941269,8941269,movement,1252,408,1709733773063
8941269,8941269,movement,1208,380,1709733773082
8941269,8941269,movement,1189,367,1709733773098
8941269,8941269,movement,1126,334,1709733773115
8941269,8941269,movement,1107,338,1709733773128
8941269,8941269,movement,1091,349,1709733773145
8941269,8941269,movement,1075,366,1709733773167
8941269,8941269,movement,1064,382,1709733773181
8941269,8941269,movement,1054,398,1709733773198
8941269,8941269,movement,1048,403,1709733773212
8941269,8941269,movement,1045,405,1709733773228
8941269,8941269,movement,1029,410,1709733773245
8941269,8941269,movement,1014,411,1709733773262
8941269,8941269,movement,994,414,1709733773279
8941269,8941269,movement,957,420,1709733773297
8941269,8941269,movement,892,428,1709733773316
8941269,8941269,movement,824,438,1709733773329
8941269,8941269,movement,760,442,1709733773344
8941269,8941269,movement,674,454,1709733773367
8941269,8941269,movement,622,470,1709733773385
8941269,8941269,movement,570,493,1709733773398
8941269,8941269,movement,516,520,1709733773419
8941269,8941269,movement,471,544,1709733773428
8941269,8941269,movement,430,570,1709733773445
8941269,8941269,movement,382,599,1709733773466
8941269,8941269,movement,360,611,1709733773479
8941269,8941269,movement,340,626,1709733773498
8941269,8941269,movement,320,638,1709733773515
8941269,8941269,movement,303,646,1709733773531
8941269,8941269,movement,293,652,1709733773546
8941269,8941269,movement,290,655,1709733773562
8941269,8941269,movement,290,654,1709733773611
8941269,8941269,movement,291,654,1709733773678
8941269,8941269,movement,293,654,1709733773695
8941269,8941269,movement,303,652,1709733773712
8941269,8941269,movement,309,650,1709733773727
8941269,8941269,movement,327,645,1709733773751
8941269,8941269,movement,340,641,1709733773763
8941269,8941269,movement,351,638,1709733773778
8941269,8941269,movement,358,638,1709733773796
8941269,8941269,movement,361,637,1709733773812
8941269,8941269,movement,362,637,1709733773828
8941269,8941269,movement,364,637,1709733773844
8941269,8941269,movement,366,637,1709733773861
8941269,8941269,movement,367,637,1709733773878
8941269,8941269,movement,368,637,1709733773896
8941269,8941269,movement,369,638,1709733773912
8941269,8941269,movement,370,638,1709733773928
8941269,8941269,movement,371,639,1709733773944
8941269,8941269,movement,372,640,1709733773963
8941269,8941269,movement,373,641,1709733773978
8941269,8941269,movement,374,642,1709733774015
8941269,8941269,movement,375,643,1709733774031
8941269,8941269,movement,376,645,1709733774045
8941269,8941269,movement,377,647,1709733774061
8941269,8941269,movement,377,648,1709733774077
8941269,8941269,movement,378,648,1709733774178
8941269,8941269,movement,378,650,1709733774211
8941269,8941269,movement,378,650,1709733774228
8941269,8941269,movement,378,651,1709733774245
8941269,8941269,movement,378,652,1709733774362
8941269,8941269,mousedown,378,652,1709733774476
8941269,8941269,movement,378,653,1709733774525
8941269,8941269,mouseup,378,653,1709733774581
8941269,8941269,movement,377,648,1709733775014
8941269,8941269,movement,374,627,1709733775041
8941269,8941269,singleclick,374,627,1709733774640
8941269,8941269,movement,371,609,1709733775061
8941269,8941269,movement,367,578,1709733775078
8941269,8941269,movement,367,554,1709733775096
8941269,8941269,movement,367,524,1709733775110
8941269,8941269,movement,369,494,1709733775129
8941269,8941269,movement,369,467,1709733775148
8941269,8941269,movement,369,442,1709733775164
8941269,8941269,movement,369,426,1709733775177
8941269,8941269,movement,369,414,1709733775194
8941269,8941269,movement,367,400,1709733775209
8941269,8941269,movement,362,392,1709733775228
8941269,8941269,movement,354,382,1709733775246
8941269,8941269,movement,341,372,1709733775263
8941269,8941269,movement,330,355,1709733775278
8941269,8941269,movement,322,343,1709733775301
8941269,8941269,movement,314,323,1709733775337
8941269,8941269,movement,313,314,1709733775361
8941269,8941269,movement,309,304,1709733775384
8941269,8941269,movement,308,301,1709733775393
8941269,8941269,movement,306,294,1709733775409
8941269,8941269,movement,304,289,1709733775427
8941269,8941269,movement,304,286,1709733775443
8941269,8941269,movement,303,282,1709733775459
8941269,8941269,movement,303,278,1709733775476
8941269,8941269,movement,303,274,1709733775495
8941269,8941269,movement,302,272,1709733775511
8941269,8941269,movement,302,270,1709733775527
8941269,8941269,movement,301,265,1709733775548
8941269,8941269,movement,299,259,1709733775569
8941269,8941269,movement,297,248,1709733775607
8941269,8941269,movement,294,223,1709733775661
8941269,8941269,movement,292,209,1709733775694
8941269,8941269,movement,292,204,1709733775708
8941269,8941269,movement,292,200,1709733775725
8941269,8941269,movement,292,198,1709733775742
8941269,8941269,movement,292,197,1709733775754
8941269,8941269,movement,292,196,1709733775761
8941269,8941269,movement,292,194,1709733775776
8941269,8941269,movement,292,194,1709733775792
8941269,8941269,movement,292,192,1709733775815
8941269,8941269,movement,291,189,1709733775847
8941269,8941269,movement,290,185,1709733775886
8941269,8941269,movement,290,182,1709733775917
8941269,8941269,movement,290,179,1709733775944
8941269,8941269,movement,288,178,1709733775961
8941269,8941269,movement,288,176,1709733775979
8941269,8941269,movement,288,174,1709733775994
8941269,8941269,movement,287,174,1709733776011
8941269,8941269,movement,286,173,1709733776024
8941269,8941269,movement,286,171,1709733776041
8941269,8941269,movement,286,170,1709733776058
8941269,8941269,movement,286,170,1709733776075
8941269,8941269,movement,286,169,1709733776092
8941269,8941269,mousedown,286,169,1709733776172
8941269,8941269,mouseup,286,169,1709733776252
8941269,8941269,movement,291,168,1709733776476
8941269,8941269,movement,361,199,1709733776599
8941269,8941269,singleclick,361,199,1709733776253
8941269,8941269,movement,429,250,1709733776677
8941269,8941269,movement,449,265,1709733776694
8941269,8941269,movement,474,280,1709733776710
8941269,8941269,movement,506,304,1709733776731
8941269,8941269,movement,516,313,1709733776741
8941269,8941269,movement,532,326,1709733776758
8941269,8941269,movement,538,330,1709733776764
8941269,8941269,movement,548,341,1709733776781
8941269,8941269,movement,554,347,1709733776800
8941269,8941269,movement,561,357,1709733776818
8941269,8941269,movement,567,365,1709733776830
8941269,8941269,movement,572,372,1709733776845
8941269,8941269,movement,572,374,1709733776859
8941269,8941269,movement,574,384,1709733776881
8941269,8941269,movement,574,394,1709733776903
8941269,8941269,movement,574,398,1709733776907
8941269,8941269,movement,574,402,1709733776927
8941269,8941269,movement,574,406,1709733776942
8941269,8941269,movement,574,414,1709733776961
8941269,8941269,movement,574,426,1709733776981
8941269,8941269,movement,575,445,1709733776999
8941269,8941269,movement,574,454,1709733777012
8941269,8941269,movement,574,461,1709733777052
8941269,8941269,movement,572,463,1709733777079
8941269,8941269,movement,571,463,1709733777138
8941269,8941269,movement,571,464,1709733777146
8941269,8941269,movement,570,464,1709733777161
8941269,8941269,movement,570,466,1709733777174
8941269,8941269,movement,569,468,1709733777190
8941269,8941269,movement,570,474,1709733777207
8941269,8941269,movement,572,479,1709733777225
8941269,8941269,movement,574,482,1709733777241
8941269,8941269,movement,574,484,1709733777259
8941269,8941269,movement,582,484,1709733777331
8941269,8941269,movement,599,484,1709733777360
8941269,8941269,movement,629,484,1709733777383
8941269,8941269,movement,642,484,1709733777392
8941269,8941269,movement,732,484,1709733777424
8941269,8941269,movement,914,480,1709733777472
8941269,8941269,movement,973,478,1709733777530
8941269,8941269,movement,965,496,1709733777592
8941269,8941269,movement,866,570,1709733777678
8941269,8941269,movement,831,580,1709733777771
8941269,8941269,movement,828,576,1709733777802
8941269,8941269,movement,827,574,1709733777813
8941269,8941269,movement,827,574,1709733777823
8941269,8941269,movement,827,573,1709733777842
8941269,8941269,movement,827,572,1709733777857
8941269,8941269,movement,827,571,1709733777877
8941269,8941269,movement,827,570,1709733777891
8941269,8941269,movement,827,569,1709733777910
8941269,8941269,movement,827,568,1709733777924
8941269,8941269,mousedown,827,568,1709733777990
8941269,8941269,mouseup,827,568,1709733778090
8941269,8941269,movement,828,568,1709733778211
8941269,8941269,movement,829,568,1709733778222
8941269,8941269,movement,830,568,1709733778253
8941269,8941269,movement,851,564,1709733778310
8941269,8941269,movement,946,537,1709733778368
8941269,8941269,movement,1006,516,1709733778399
8941269,8941269,movement,1023,510,1709733778407
8941269,8941269,movement,1052,498,1709733778424
8941269,8941269,movement,1077,486,1709733778442
8941269,8941269,movement,1099,474,1709733778456
8941269,8941269,movement,1120,458,1709733778477
8941269,8941269,movement,1142,440,1709733778491
8941269,8941269,movement,1170,413,1709733778508
8941269,8941269,singleclick,1170,413,1709733778100
8941269,8941269,movement,1198,379,1709733778525
8941269,8941269,movement,1213,359,1709733778541
8941269,8941269,movement,1224,341,1709733778557
8941269,8941269,movement,1233,326,1709733778573
8941269,8941269,movement,1241,315,1709733778589
8941269,8941269,movement,1250,307,1709733778624
8941269,8941269,movement,1258,303,1709733778642
8941269,8941269,movement,1264,301,1709733778661
8941269,8941269,movement,1270,300,1709733778673
8941269,8941269,movement,1278,300,1709733778692
8941269,8941269,movement,1289,300,1709733778708
8941269,8941269,movement,1305,301,1709733778724
8941269,8941269,movement,1324,306,1709733778740
8941269,8941269,movement,1343,310,1709733778757
8941269,8941269,movement,1369,319,1709733778775
8941269,8941269,movement,1379,325,1709733778789
8941269,8941269,movement,1384,330,1709733778806
8941269,8941269,movement,1390,335,1709733778826
8941269,8941269,movement,1394,342,1709733778840
8941269,8941269,movement,1398,348,1709733778859
8941269,8941269,movement,1405,357,1709733778874
8941269,8941269,movement,1409,362,1709733778896
8941269,8941269,movement,1411,368,1709733778907
8941269,8941269,movement,1414,371,1709733778923
8941269,8941269,movement,1415,374,1709733778942
8941269,8941269,movement,1416,375,1709733778958
8941269,8941269,movement,1416,376,1709733778974
8941269,8941269,movement,1418,377,1709733778992
8941269,8941269,movement,1420,378,1709733779014
8941269,8941269,movement,1425,378,1709733779035
8941269,8941269,movement,1430,378,1709733779044
8941269,8941269,movement,1434,378,1709733779058
8941269,8941269,movement,1444,375,1709733779077
8941269,8941269,movement,1455,372,1709733779090
8941269,8941269,movement,1463,370,1709733779107
8941269,8941269,movement,1471,366,1709733779124
8941269,8941269,movement,1478,365,1709733779143
8941269,8941269,movement,1482,363,1709733779157
8941269,8941269,movement,1483,362,1709733779174
8941269,8941269,movement,1483,362,1709733779191
8941269,8941269,movement,1483,361,1709733779207
8941269,8941269,movement,1483,360,1709733779256
8941269,8941269,movement,1484,359,1709733779273
8941269,8941269,movement,1484,357,1709733779306
8941269,8941269,movement,1484,356,1709733779340
8941269,8941269,mousedown,1484,356,1709733779416
8941269,8941269,mouseup,1484,356,1709733779494
8941269,8941269,movement,1482,358,1709733779690
8941269,8941269,movement,1480,359,1709733779698
8941269,8941269,movement,1478,361,1709733779705
8941269,8941269,movement,1476,362,1709733779722
8941269,8941269,movement,1470,365,1709733779742
8941269,8941269,movement,1459,371,1709733779758
8941269,8941269,movement,1446,378,1709733779782
8941269,8941269,movement,1440,382,1709733779793
8941269,8941269,movement,1436,384,1709733779808
8941269,8941269,movement,1433,386,1709733779829
8941269,8941269,movement,1430,387,1709733779844
8941269,8941269,movement,1426,388,1709733779856
8941269,8941269,movement,1422,391,1709733779872
8941269,8941269,movement,1417,394,1709733779889
8941269,8941269,movement,1413,395,1709733779906
8941269,8941269,movement,1410,397,1709733779923
8941269,8941269,movement,1403,401,1709733779939
8941269,8941269,movement,1400,403,1709733779955
8941269,8941269,movement,1397,406,1709733779975
8941269,8941269,movement,1394,408,1709733779988
8941269,8941269,movement,1390,410,1709733780007
8941269,8941269,movement,1385,414,1709733780027
8941269,8941269,movement,1381,416,1709733780046
8941269,8941269,movement,1379,416,1709733780056
8941269,8941269,movement,1377,418,1709733780073
8941269,8941269,movement,1373,421,1709733780089
8941269,8941269,movement,1370,422,1709733780105
8941269,8941269,movement,1366,423,1709733780122
8941269,8941269,movement,1363,425,1709733780138
8941269,8941269,movement,1362,426,1709733780155
8941269,8941269,movement,1359,428,1709733780172
8941269,8941269,movement,1358,429,1709733780188
8941269,8941269,movement,1355,434,1709733780211
8941269,8941269,movement,1353,437,1709733780229
8941269,8941269,movement,1352,438,1709733780240
8941269,8941269,movement,1351,440,1709733780254
8941269,8941269,movement,1351,442,1709733780271
8941269,8941269,movement,1350,446,1709733780289
8941269,8941269,movement,1350,450,1709733780308
8941269,8941269,movement,1350,452,1709733780321
8941269,8941269,movement,1350,454,1709733780341
8941269,8941269,movement,1350,455,1709733780354
8941269,8941269,movement,1350,456,1709733780370
8941269,8941269,movement,1350,457,1709733780387
8941269,8941269,movement,1350,458,1709733780405
8941269,8941269,movement,1350,458,1709733780421
8941269,8941269,movement,1350,459,1709733780437
8941269,8941269,movement,1349,458,1709733780514
8941269,8941269,movement,1348,457,1709733780519
8941269,8941269,movement,1347,454,1709733780528
8941269,8941269,movement,1347,451,1709733780537
8941269,8941269,movement,1345,441,1709733780558
8941269,8941269,movement,1340,426,1709733780577
8941269,8941269,movement,1334,409,1709733780590
8941269,8941269,movement,1330,398,1709733780607
8941269,8941269,movement,1330,394,1709733780621
8941269,8941269,movement,1329,392,1709733780637
8941269,8941269,movement,1328,390,1709733780654
8941269,8941269,movement,1328,390,1709733780692
8941269,8941269,movement,1328,389,1709733780707
8941269,8941269,movement,1328,388,1709733780729
8941269,8941269,movement,1328,387,1709733780789
8941269,8941269,mousedown,1328,387,1709733780921
8941269,8941269,movement,1328,386,1709733780926
8941269,8941269,mouseup,1328,386,1709733781041
8941269,8941269,movement,1332,399,1709733781208
8941269,8941269,movement,1334,424,1709733781285
8941269,8941269,movement,1334,432,1709733781293
8941269,8941269,movement,1334,442,1709733781307
8941269,8941269,movement,1334,446,1709733781325
8941269,8941269,movement,1334,453,1709733781339
8941269,8941269,movement,1334,459,1709733781353
8941269,8941269,movement,1332,466,1709733781373
8941269,8941269,movement,1331,470,1709733781387
8941269,8941269,singleclick,1331,470,1709733781045
8941269,8941269,movement,1339,474,1709733786483
8941269,8941269,movement,1375,490,1709733786502
8941269,8941269,movement,1420,507,1709733786517
8941269,8941269,movement,1486,531,1709733786536
8941269,8941269,movement,1511,539,1709733786562
8941269,8941269,movement,1529,536,1709733786564
8941269,8941269,movement,1521,523,1709733786584
8941269,8941269,movement,1446,485,1709733786587
8941269,8941269,movement,1250,430,1709733786608
8941269,8941269,movement,1173,422,1709733786616
8941269,8941269,movement,1032,421,1709733786631
8941269,8941269,movement,902,442,1709733786652
8941269,8941269,movement,798,463,1709733786671
8941269,8941269,movement,725,485,1709733786687
8941269,8941269,movement,687,500,1709733786700
8941269,8941269,movement,666,513,1709733786721
8941269,8941269,movement,647,530,1709733786732
8941269,8941269,movement,605,558,1709733786748
8941269,8941269,movement,544,591,1709733786767
8941269,8941269,movement,477,620,1709733786787
8941269,8941269,movement,414,638,1709733786804
8941269,8941269,movement,350,650,1709733786830
8941269,8941269,movement,344,655,1709733786871
8941269,8941269,movement,346,659,1709733786910
8941269,8941269,movement,346,663,1709733786934
8941269,8941269,movement,347,666,1709733786948
8941269,8941269,movement,347,667,1709733786965
8941269,8941269,movement,349,668,1709733786982
8941269,8941269,movement,350,668,1709733786999
8941269,8941269,movement,350,669,1709733787067
8941269,8941269,movement,351,669,1709733787083
8941269,8941269,movement,353,669,1709733787113
8941269,8941269,movement,354,668,1709733787133
8941269,8941269,movement,354,666,1709733787149
8941269,8941269,movement,354,666,1709733787167
8941269,8941269,movement,356,665,1709733787182
8941269,8941269,movement,357,664,1709733787199
8941269,8941269,movement,358,663,1709733787216
8941269,8941269,movement,358,662,1709733787235
8941269,8941269,movement,358,662,1709733787262
8941269,8941269,mousedown,358,662,1709733787315
8941269,8941269,mouseup,358,662,1709733787402
8941269,8941269,movement,357,662,1709733787464
8941269,8941269,movement,357,659,1709733787580
8941269,8941269,movement,363,610,1709733787631
8941269,8941269,movement,343,318,1709733787705
8941269,8941269,movement,342,202,1709733787820
8941269,8941269,movement,344,178,1709733787825
8941269,8941269,movement,337,164,1709733787848
8941269,8941269,movement,333,157,1709733787867
8941269,8941269,singleclick,333,157,1709733787462
8941269,8941269,movement,326,146,1709733787883
8941269,8941269,movement,323,140,1709733787898
8941269,8941269,movement,320,134,1709733787915
8941269,8941269,movement,318,130,1709733787931
8941269,8941269,movement,316,129,1709733787948
8941269,8941269,movement,314,129,1709733787982
8941269,8941269,movement,311,131,1709733787998
8941269,8941269,movement,305,138,1709733788014
8941269,8941269,movement,297,143,1709733788032
8941269,8941269,movement,290,147,1709733788048
8941269,8941269,movement,287,150,1709733788067
8941269,8941269,movement,286,154,1709733788092
8941269,8941269,movement,285,155,1709733788113
8941269,8941269,movement,284,158,1709733788133
8941269,8941269,movement,283,160,1709733788169
8941269,8941269,mousedown,283,160,1709733788320
8941269,8941269,mouseup,283,160,1709733788389
8941269,8941269,movement,283,161,1709733788470
8941269,8941269,movement,293,174,1709733788521
8941269,8941269,movement,330,212,1709733788561
8941269,8941269,movement,455,329,1709733788619
8941269,8941269,movement,472,342,1709733788623
8941269,8941269,movement,720,479,1709733788851
8941269,8941269,singleclick,675,480,1709733788390
8941269,8941269,movement,666,482,1709733788959
8941269,8941269,movement,666,482,1709733788989
8941269,8941269,movement,663,483,1709733789124
8941269,8941269,movement,662,489,1709733789200
8941269,8941269,movement,660,491,1709733789270
8941269,8941269,movement,659,491,1709733789338
8941269,8941269,movement,658,490,1709733789346
8941269,8941269,movement,658,485,1709733789363
8941269,8941269,movement,657,476,1709733789379
8941269,8941269,movement,655,467,1709733789399
8941269,8941269,movement,656,456,1709733789416
8941269,8941269,movement,661,447,1709733789434
8941269,8941269,movement,667,438,1709733789446
8941269,8941269,movement,674,431,1709733789464
8941269,8941269,movement,678,427,1709733789479
8941269,8941269,movement,681,426,1709733789496
8941269,8941269,movement,682,424,1709733789514
8941269,8941269,movement,683,422,1709733789537
8941269,8941269,movement,686,420,1709733789574
8941269,8941269,movement,691,414,1709733789629
8941269,8941269,movement,693,411,1709733789669
8941269,8941269,movement,694,410,1709733789681
8941269,8941269,movement,694,409,1709733789699
8941269,8941269,movement,694,408,1709733789769
8941269,8941269,mousedown,694,408,1709733789803
8941269,8941269,mouseup,694,408,1709733789903
8941269,8941269,movement,697,408,1709733790009
8941269,8941269,movement,698,408,1709733790021
8941269,8941269,movement,699,408,1709733790032
8941269,8941269,movement,709,409,1709733790060
8941269,8941269,movement,741,409,1709733790094
8941269,8941269,movement,813,406,1709733790140
8941269,8941269,movement,906,398,1709733790192
8941269,8941269,movement,976,398,1709733790245
8941269,8941269,movement,1085,398,1709733790309
8941269,8941269,singleclick,1085,398,1709733789909
8941269,8941269,movement,1145,379,1709733790381
8941269,8941269,movement,1183,362,1709733790454
8941269,8941269,movement,1206,354,1709733790479
8941269,8941269,movement,1220,350,1709733790494
8941269,8941269,movement,1236,348,1709733790511
8941269,8941269,movement,1255,348,1709733790529
8941269,8941269,movement,1274,348,1709733790547
8941269,8941269,movement,1291,350,1709733790564
8941269,8941269,movement,1306,350,1709733790578
8941269,8941269,movement,1318,352,1709733790595
8941269,8941269,movement,1335,355,1709733790613
8941269,8941269,movement,1350,359,1709733790630
8941269,8941269,movement,1366,364,1709733790648
8941269,8941269,movement,1384,370,1709733790666
8941269,8941269,movement,1406,377,1709733790683
8941269,8941269,movement,1414,378,1709733790701
8941269,8941269,movement,1426,380,1709733790725
8941269,8941269,movement,1448,384,1709733790760
8941269,8941269,movement,1453,384,1709733790775
8941269,8941269,movement,1454,384,1709733790783
8941269,8941269,movement,1454,384,1709733790798
8941269,8941269,movement,1456,384,1709733790813
8941269,8941269,movement,1458,384,1709733790831
8941269,8941269,movement,1461,384,1709733790847
8941269,8941269,movement,1463,384,1709733790867
8941269,8941269,movement,1466,384,1709733790881
8941269,8941269,movement,1467,383,1709733790898
8941269,8941269,movement,1470,382,1709733790915
8941269,8941269,movement,1474,381,1709733790937
8941269,8941269,movement,1478,381,1709733790948
8941269,8941269,movement,1482,381,1709733790964
8941269,8941269,movement,1490,381,1709733790985
8941269,8941269,movement,1493,381,1709733791004
8941269,8941269,movement,1495,381,1709733791029
8941269,8941269,movement,1497,381,1709733791082
8941269,8941269,movement,1498,381,1709733791100
8941269,8941269,movement,1499,382,1709733791113
8941269,8941269,movement,1501,382,1709733791128
8941269,8941269,movement,1502,383,1709733791145
8941269,8941269,movement,1502,384,1709733791162
8941269,8941269,movement,1502,386,1709733791204
8941269,8941269,movement,1502,387,1709733791213
8941269,8941269,movement,1503,388,1709733791215
8941269,8941269,movement,1504,390,1709733791243
8941269,8941269,movement,1505,393,1709733791266
8941269,8941269,movement,1505,394,1709733791294
8941269,8941269,movement,1505,397,1709733791310
8941269,8941269,movement,1504,398,1709733791327
8941269,8941269,movement,1504,399,1709733791346
8941269,8941269,movement,1503,399,1709733791366
8941269,8941269,movement,1503,400,1709733791378
8941269,8941269,movement,1502,400,1709733791440
8941269,8941269,movement,1502,400,1709733791554
8941269,8941269,movement,1501,400,1709733791607
8941269,8941269,movement,1500,399,1709733791632
8941269,8941269,movement,1500,398,1709733791648
8941269,8941269,movement,1500,398,1709733791678
8941269,8941269,movement,1500,397,1709733791684
8941269,8941269,movement,1500,396,1709733791708
8941269,8941269,movement,1499,395,1709733791716
8941269,8941269,movement,1498,394,1709733791732
8941269,8941269,movement,1498,394,1709733791745
8941269,8941269,movement,1498,392,1709733791761
8941269,8941269,movement,1496,390,1709733791778
8941269,8941269,movement,1494,387,1709733791794
8941269,8941269,movement,1494,385,1709733791810
8941269,8941269,movement,1492,383,1709733791831
8941269,8941269,movement,1491,381,1709733791848
8941269,8941269,movement,1490,378,1709733791864
8941269,8941269,movement,1489,377,1709733791880
8941269,8941269,movement,1488,375,1709733791900
8941269,8941269,movement,1487,374,1709733791915
8941269,8941269,movement,1487,372,1709733791931
8941269,8941269,movement,1487,370,1709733791949
8941269,8941269,movement,1486,369,1709733791966
8941269,8941269,movement,1486,368,1709733791982
8941269,8941269,movement,1486,367,1709733791998
8941269,8941269,movement,1486,366,1709733792021
8941269,8941269,movement,1486,366,1709733792039
8941269,8941269,mousedown,1486,366,1709733792094
8941269,8941269,mouseup,1486,366,1709733792185
8941269,8941269,movement,1486,366,1709733792314
8941269,8941269,movement,1485,366,1709733792338
8941269,8941269,movement,1484,367,1709733792350
8941269,8941269,movement,1483,368,1709733792359
8941269,8941269,movement,1482,370,1709733792377
8941269,8941269,movement,1479,372,1709733792393
8941269,8941269,movement,1475,375,1709733792413
8941269,8941269,movement,1470,379,1709733792429
8941269,8941269,movement,1465,383,1709733792446
8941269,8941269,movement,1459,387,1709733792462
8941269,8941269,movement,1454,391,1709733792479
8941269,8941269,movement,1450,394,1709733792495
8941269,8941269,movement,1446,397,1709733792510
8941269,8941269,movement,1442,400,1709733792527
8941269,8941269,movement,1437,402,1709733792543
8941269,8941269,movement,1429,406,1709733792561
8941269,8941269,movement,1420,412,1709733792580
8941269,8941269,movement,1412,417,1709733792596
8941269,8941269,movement,1400,425,1709733792620
8941269,8941269,movement,1393,430,1709733792628
8941269,8941269,movement,1389,435,1709733792643
8941269,8941269,movement,1386,439,1709733792661
8941269,8941269,movement,1382,444,1709733792675
8941269,8941269,movement,1379,450,1709733792694
8941269,8941269,movement,1375,462,1709733792717
8941269,8941269,movement,1374,469,1709733792727
8941269,8941269,movement,1373,475,1709733792745
8941269,8941269,movement,1372,480,1709733792761
8941269,8941269,movement,1372,487,1709733792781
8941269,8941269,movement,1372,490,1709733792797
8941269,8941269,movement,1373,495,1709733792811
8941269,8941269,movement,1374,497,1709733792829
8941269,8941269,movement,1374,498,1709733792843
8941269,8941269,movement,1375,498,1709733792873
8941269,8941269,movement,1375,499,1709733792880
8941269,8941269,movement,1375,500,1709733792892
8941269,8941269,movement,1375,501,1709733792945
8941269,8941269,movement,1375,500,1709733793146
8941269,8941269,movement,1374,500,1709733793154
8941269,8941269,movement,1374,499,1709733793171
8941269,8941269,movement,1373,499,1709733793210
8941269,8941269,movement,1372,498,1709733793216
8941269,8941269,movement,1371,498,1709733793233
8941269,8941269,movement,1370,498,1709733793243
8941269,8941269,movement,1368,494,1709733793262
8941269,8941269,movement,1366,489,1709733793279
8941269,8941269,movement,1359,477,1709733793295
8941269,8941269,movement,1354,465,1709733793314
8941269,8941269,movement,1350,454,1709733793331
8941269,8941269,movement,1347,446,1709733793344
8941269,8941269,movement,1346,441,1709733793361
8941269,8941269,movement,1345,436,1709733793377
8941269,8941269,movement,1345,434,1709733793392
8941269,8941269,movement,1345,432,1709733793409
8941269,8941269,movement,1345,430,1709733793425
8941269,8941269,movement,1345,428,1709733793441
8941269,8941269,movement,1345,425,1709733793459
8941269,8941269,movement,1345,422,1709733793475
8941269,8941269,movement,1345,419,1709733793491
8941269,8941269,movement,1345,416,1709733793511
8941269,8941269,movement,1345,412,1709733793527
8941269,8941269,movement,1345,409,1709733793542
8941269,8941269,movement,1345,408,1709733793559
8941269,8941269,movement,1345,407,1709733793575
8941269,8941269,movement,1345,405,1709733793592
8941269,8941269,movement,1345,403,1709733793608
8941269,8941269,movement,1345,402,1709733793625
8941269,8941269,movement,1345,402,1709733793642
8941269,8941269,movement,1345,401,1709733793658
8941269,8941269,movement,1345,400,1709733793676
8941269,8941269,movement,1345,399,1709733793708
8941269,8941269,movement,1344,399,1709733793715
8941269,8941269,movement,1344,398,1709733793726
8941269,8941269,mousedown,1344,398,1709733793914
8941269,8941269,mouseup,1344,398,1709733794018
8941269,8941269,movement,1311,448,1709733794197
8941269,8941269,movement,1245,540,1709733794278
8941269,8941269,movement,1233,554,1709733794293
8941269,8941269,movement,1224,571,1709733794315
8941269,8941269,movement,1218,579,1709733794333
8941269,8941269,movement,1217,582,1709733794346
8941269,8941269,movement,1214,590,1709733794360
8941269,8941269,movement,1213,590,1709733794377
8941269,8941269,movement,1210,594,1709733794392
8941269,8941269,movement,1208,594,1709733794408
8941269,8941269,movement,1207,595,1709733794424
8941269,8941269,singleclick,1207,595,1709733794022
8941269,8941269,movement,1206,596,1709733794441
8941269,8941269,movement,1206,596,1709733794459
8941269,8941269,movement,1205,596,1709733794476
8941269,8941269,movement,1204,596,1709733794491
8941269,8941269,movement,1203,596,1709733794508
8941269,8941269,movement,1202,596,1709733794542
8941269,8941269,movement,1202,595,1709733794560
8941269,8941269,movement,1198,594,1709733794576
8941269,8941269,movement,1197,592,1709733794592
8941269,8941269,movement,1193,589,1709733796943
8941269,8941269,movement,1170,568,1709733796960
8941269,8941269,movement,1151,546,1709733796977
8941269,8941269,movement,1146,542,1709733796993
8941269,8941269,movement,1135,535,1709733797007
8941269,8941269,movement,1123,536,1709733797023
8941269,8941269,movement,1100,552,1709733797040
8941269,8941269,movement,1059,581,1709733797055
8941269,8941269,movement,1007,603,1709733797076
8941269,8941269,movement,956,627,1709733797093
8941269,8941269,movement,875,657,1709733797109
8941269,8941269,movement,804,680,1709733797123
8941269,8941269,movement,731,698,1709733797145
8941269,8941269,movement,671,716,1709733797157
8941269,8941269,movement,621,734,1709733797175
8941269,8941269,movement,587,746,1709733797192
8941269,8941269,movement,553,758,1709733797207
8941269,8941269,movement,535,763,1709733797224
8941269,8941269,movement,518,765,1709733797239
8941269,8941269,movement,496,766,1709733797256
8941269,8941269,movement,470,763,1709733797273
8941269,8941269,movement,426,756,1709733797293
8941269,8941269,movement,400,748,1709733797310
8941269,8941269,movement,375,731,1709733797327
8941269,8941269,movement,364,719,1709733797341
8941269,8941269,movement,355,707,1709733797359
8941269,8941269,movement,348,696,1709733797372
8941269,8941269,movement,342,687,1709733797392
8941269,8941269,movement,341,682,1709733797407
8941269,8941269,movement,339,678,1709733797430
8941269,8941269,movement,340,677,1709733797457
8941269,8941269,movement,341,675,1709733797472
8941269,8941269,movement,343,675,1709733797494
8941269,8941269,movement,345,673,1709733797504
8941269,8941269,movement,349,670,1709733797523
8941269,8941269,movement,351,670,1709733797539
8941269,8941269,movement,354,667,1709733797556
8941269,8941269,movement,355,666,1709733797571
8941269,8941269,movement,356,666,1709733797589
8941269,8941269,movement,357,666,1709733797622
8941269,8941269,movement,358,666,1709733797638
8941269,8941269,movement,358,665,1709733797654
8941269,8941269,mousedown,358,665,1709733797802
8941269,8941269,mouseup,358,665,1709733797899
8941269,8941269,movement,358,666,1709733798059
8941269,8941269,movement,363,665,1709733798089
8941269,8941269,movement,385,650,1709733798141
8941269,8941269,movement,383,590,1709733798203
8941269,8941269,movement,367,522,1709733798289
8941269,8941269,movement,367,505,1709733798321
8941269,8941269,movement,366,501,1709733798328
8941269,8941269,movement,364,496,1709733798337
8941269,8941269,movement,364,488,1709733798357
8941269,8941269,singleclick,364,488,1709733797964
8941269,8941269,movement,364,481,1709733798375
8941269,8941269,movement,364,476,1709733798388
8941269,8941269,movement,364,474,1709733798404
8941269,8941269,movement,362,470,1709733798421
8941269,8941269,movement,360,465,1709733798441
8941269,8941269,movement,357,454,1709733798457
8941269,8941269,movement,355,447,1709733798472
8941269,8941269,movement,353,437,1709733798492
8941269,8941269,movement,351,427,1709733798505
8941269,8941269,movement,346,410,1709733798524
8941269,8941269,movement,338,390,1709733798543
8941269,8941269,movement,324,357,1709733798560
8941269,8941269,movement,311,335,1709733798570
8941269,8941269,movement,298,315,1709733798591
8941269,8941269,movement,288,300,1709733798612
8941269,8941269,movement,275,282,1709733798623
8941269,8941269,movement,262,262,1709733798654
8941269,8941269,movement,249,244,1709733798657
8941269,8941269,movement,230,216,1709733798677
8941269,8941269,movement,224,202,1709733798698
8941269,8941269,movement,223,188,1709733798732
8941269,8941269,movement,224,185,1709733798737
8941269,8941269,movement,227,180,1709733798753
8941269,8941269,movement,229,175,1709733798770
8941269,8941269,movement,230,173,1709733798788
8941269,8941269,movement,231,171,1709733798804
8941269,8941269,movement,231,170,1709733798823
8941269,8941269,movement,232,168,1709733798838
8941269,8941269,movement,234,166,1709733798856
8941269,8941269,movement,238,162,1709733798872
8941269,8941269,movement,244,157,1709733798888
8941269,8941269,movement,249,154,1709733798910
8941269,8941269,movement,251,154,1709733798939
8941269,8941269,movement,254,155,1709733798980
8941269,8941269,movement,261,162,1709733799029
8941269,8941269,movement,262,162,1709733799037
8941269,8941269,movement,262,162,1709733799061
8941269,8941269,movement,263,162,1709733799070
8941269,8941269,movement,264,162,1709733799090
8941269,8941269,movement,265,162,1709733799105
8941269,8941269,movement,266,162,1709733799144
8941269,8941269,movement,267,164,1709733799168
8941269,8941269,movement,268,164,1709733799204
8941269,8941269,movement,269,164,1709733799341
8941269,8941269,mousedown,269,164,1709733799408
8941269,8941269,mouseup,269,164,1709733799491
8941269,8941269,movement,270,164,1709733799580
8941269,8941269,movement,301,86,1709733799699
8941269,8941269,singleclick,301,86,1709733799493
8941269,8941269,movement,546,88,1709733804638
8941269,8941269,movement,545,100,1709733804653
8941269,8941269,movement,538,121,1709733804668
8941269,8941269,movement,532,138,1709733804687
8941269,8941269,movement,528,154,1709733804704
8941269,8941269,movement,528,156,1709733804716
8941269,8941269,movement,528,154,1709733804795
8941269,8941269,movement,528,154,1709733804798
8941269,8941269,movement,530,150,1709733804815
8941269,8941269,movement,530,147,1709733804836
8941269,8941269,movement,531,145,1709733804848
8941269,8941269,movement,534,141,1709733804865
8941269,8941269,movement,535,137,1709733804884
8941269,8941269,movement,538,130,1709733804898
8941269,8941269,movement,540,127,1709733804914
8941269,8941269,movement,542,123,1709733804933
8941269,8941269,movement,543,122,1709733804948
8941269,8941269,movement,544,121,1709733804967
8941269,8941269,movement,545,120,1709733804981
8941269,8941269,movement,546,119,1709733804998
8941269,8941269,movement,546,118,1709733805014
8941269,8941269,movement,546,118,1709733805063
8941269,8941269,mousedown,546,118,1709733805070
8941269,8941269,mouseup,546,118,1709733805157
8941269,8941269,movement,547,117,1709733805557
8941269,8941269,singleclick,547,117,1709733805158
8941269,8941269,movement,548,117,1709733805669
8941269,8941269,movement,549,117,1709733805686
8941269,8941269,movement,550,117,1709733805700
8941269,8941269,movement,550,117,1709733805723
8941269,8941269,movement,551,117,1709733805731
8941269,8941269,movement,552,117,1709733805762
8941269,8941269,movement,553,117,1709733805769
8941269,8941269,movement,554,117,1709733805793
8941269,8941269,movement,554,118,1709733805814
8941269,8941269,movement,554,118,1709733805854
8941269,8941269,movement,555,118,1709733805886
8941269,8941269,movement,558,119,1709733806041
8941269,8941269,movement,558,119,1709733806048
8941269,8941269,movement,560,120,1709733806065
8941269,8941269,movement,562,122,1709733806081
8941269,8941269,movement,563,124,1709733806097
8941269,8941269,movement,566,126,1709733806114
8941269,8941269,movement,569,131,1709733806132
8941269,8941269,movement,574,138,1709733806148
8941269,8941269,movement,578,148,1709733806166
8941269,8941269,movement,582,161,1709733806183
8941269,8941269,movement,583,174,1709733806197
8941269,8941269,movement,579,184,1709733806217
8941269,8941269,movement,575,190,1709733806231
8941269,8941269,movement,572,196,1709733806248
8941269,8941269,movement,572,198,1709733806266
8941269,8941269,movement,572,199,1709733806283
8941269,8941269,movement,578,202,1709733806306
8941269,8941269,movement,610,298,1709733806500
8941269,8941269,movement,625,362,1709733806559
8941269,8941269,movement,637,402,1709733806582
8941269,8941269,movement,654,440,1709733806644
8941269,8941269,movement,669,453,1709733806720
8941269,8941269,movement,674,453,1709733806732
8941269,8941269,movement,679,453,1709733806747
8941269,8941269,movement,682,452,1709733806762
8941269,8941269,movement,683,451,1709733806780
8941269,8941269,movement,684,446,1709733806800
8941269,8941269,movement,685,441,1709733806815
8941269,8941269,movement,685,437,1709733806832
8941269,8941269,movement,684,437,1709733806858
8941269,8941269,movement,683,438,1709733806865
8941269,8941269,movement,682,439,1709733806882
8941269,8941269,movement,680,442,1709733806898
8941269,8941269,movement,679,442,1709733806913
8941269,8941269,movement,678,442,1709733806930
8941269,8941269,movement,678,443,1709733806946
8941269,8941269,movement,678,444,1709733806962
8941269,8941269,movement,678,445,1709733806978
8941269,8941269,movement,678,446,1709733806996
8941269,8941269,movement,678,446,1709733807029
8941269,8941269,movement,675,446,1709733807045
8941269,8941269,movement,669,446,1709733807063
8941269,8941269,movement,651,447,1709733807080
8941269,8941269,movement,627,450,1709733807104
8941269,8941269,movement,579,452,1709733807116
8941269,8941269,movement,554,452,1709733807131
8941269,8941269,movement,516,451,1709733807147
8941269,8941269,movement,469,450,1709733807163
8941269,8941269,movement,455,450,1709733807180
8941269,8941269,movement,429,448,1709733807202
8941269,8941269,movement,423,448,1709733807212
8941269,8941269,movement,420,448,1709733807232
8941269,8941269,movement,418,449,1709733807249
8941269,8941269,movement,417,449,1709733807271
8941269,8941269,movement,408,455,1709733807294
8941269,8941269,movement,403,458,1709733807306
8941269,8941269,movement,395,464,1709733807324
8941269,8941269,movement,393,465,1709733807331
8941269,8941269,movement,390,466,1709733807347
8941269,8941269,movement,387,468,1709733807371
8941269,8941269,movement,383,468,1709733807386
8941269,8941269,movement,381,468,1709733807397
8941269,8941269,movement,377,464,1709733807422
8941269,8941269,movement,366,450,1709733807442
8941269,8941269,movement,358,442,1709733807457
8941269,8941269,movement,349,434,1709733807477
8941269,8941269,movement,334,417,1709733807495
8941269,8941269,movement,330,410,1709733807502
8941269,8941269,movement,323,399,1709733807522
8941269,8941269,movement,315,386,1709733807544
8941269,8941269,movement,311,378,1709733807561
8941269,8941269,movement,307,374,1709733807572
8941269,8941269,movement,305,372,1709733807587
8941269,8941269,movement,304,372,1709733807605
8941269,8941269,movement,303,372,1709733807642
8941269,8941269,movement,302,372,1709733807652
8941269,8941269,movement,301,374,1709733807663
8941269,8941269,movement,298,376,1709733807678
8941269,8941269,movement,294,379,1709733807696
8941269,8941269,movement,293,381,1709733807718
8941269,8941269,movement,292,382,1709733807729
8941269,8941269,movement,292,382,1709733807746
8941269,8941269,movement,290,384,1709733807771
8941269,8941269,movement,290,386,1709733807780
8941269,8941269,movement,290,388,1709733807796
8941269,8941269,movement,290,389,1709733807812
8941269,8941269,movement,289,390,1709733807830
8941269,8941269,movement,288,390,1709733807913
8941269,8941269,movement,287,390,1709733807988
8941269,8941269,movement,287,391,1709733807995
8941269,8941269,movement,286,391,1709733808012
8941269,8941269,movement,286,392,1709733808043
8941269,8941269,movement,286,392,1709733808073
8941269,8941269,movement,286,393,1709733808080
8941269,8941269,movement,285,394,1709733808097
8941269,8941269,movement,283,397,1709733808113
8941269,8941269,movement,282,398,1709733808147
8941269,8941269,movement,282,398,1709733808198
8941269,8941269,movement,282,399,1709733808219
8941269,8941269,movement,281,401,1709733808231
8941269,8941269,movement,279,403,1709733808248
8941269,8941269,movement,278,406,1709733808265
8941269,8941269,movement,278,410,1709733808287
8941269,8941269,movement,275,426,1709733808306
8941269,8941269,movement,274,433,1709733808330
8941269,8941269,movement,272,438,1709733808346
8941269,8941269,movement,272,439,1709733808366
8941269,8941269,movement,272,440,1709733808450
8941269,8941269,movement,272,441,1709733808542
8941269,8941269,movement,272,442,1709733808554
8941269,8941269,movement,272,442,1709733808572
8941269,8941269,movement,272,444,1709733808578
8941269,8941269,movement,272,446,1709733808595
8941269,8941269,movement,272,458,1709733808618
8941269,8941269,movement,266,494,1709733808642
8941269,8941269,movement,204,596,1709733808690
8941269,8941269,movement,199,601,1709733808741
8941269,8941269,movement,203,595,1709733808753
8941269,8941269,movement,209,582,1709733808772
8941269,8941269,movement,210,576,1709733808781
8941269,8941269,movement,214,560,1709733808805
8941269,8941269,movement,216,542,1709733808836
8941269,8941269,movement,219,528,1709733808854
8941269,8941269,movement,222,518,1709733808875
8941269,8941269,movement,222,514,1709733808882
8941269,8941269,movement,225,506,1709733808896
8941269,8941269,movement,229,494,1709733808911
8941269,8941269,movement,230,485,1709733808927
8941269,8941269,movement,233,478,1709733808947
8941269,8941269,movement,236,471,1709733808961
8941269,8941269,movement,241,462,1709733808978
8941269,8941269,movement,244,456,1709733808994
8941269,8941269,movement,247,450,1709733809013
8941269,8941269,movement,250,445,1709733809028
8941269,8941269,movement,252,443,1709733809046
8941269,8941269,movement,253,442,1709733809061
8941269,8941269,movement,253,442,1709733809078
8941269,8941269,movement,254,441,1709733809096
8941269,8941269,movement,255,441,1709733809111
8941269,8941269,movement,255,440,1709733809128
8941269,8941269,movement,257,439,1709733809155
8941269,8941269,movement,258,439,1709733809175
8941269,8941269,movement,258,438,1709733809182
8941269,8941269,movement,260,438,1709733809194
8941269,8941269,movement,261,437,1709733809212
8941269,8941269,movement,262,437,1709733809253
8941269,8941269,movement,262,436,1709733809267
8941269,8941269,movement,264,436,1709733809290
8941269,8941269,movement,266,436,1709733809321
8941269,8941269,movement,267,436,1709733809330
8941269,8941269,movement,269,437,1709733809365
8941269,8941269,movement,270,438,1709733809381
8941269,8941269,movement,270,440,1709733809398
8941269,8941269,movement,270,442,1709733809413
8941269,8941269,movement,270,447,1709733809430
8941269,8941269,movement,270,454,1709733809451
8941269,8941269,movement,270,457,1709733809466
8941269,8941269,movement,270,460,1709733809491
8941269,8941269,movement,270,462,1709733809522
8941269,8941269,movement,270,461,1709733809761
8941269,8941269,movement,271,461,1709733809775
8941269,8941269,movement,271,460,1709733809781
8941269,8941269,movement,272,460,1709733809794
8941269,8941269,movement,273,459,1709733809818
8941269,8941269,movement,273,458,1709733809850
8941269,8941269,movement,274,458,1709733809920
8941269,8941269,movement,274,458,1709733809943
8941269,8941269,movement,275,457,1709733809960
8941269,8941269,movement,275,458,1709733810017
8941269,8941269,movement,273,462,1709733810034
8941269,8941269,movement,271,464,1709733810053
8941269,8941269,movement,262,475,1709733810067
8941269,8941269,movement,258,480,1709733810084
8941269,8941269,movement,246,491,1709733810106
8941269,8941269,movement,235,501,1709733810122
8941269,8941269,movement,231,504,1709733810130
8941269,8941269,movement,226,508,1709733810145
8941269,8941269,movement,222,514,1709733810171
8941269,8941269,movement,218,523,1709733810205
8941269,8941269,movement,214,554,1709733810268
8941269,8941269,movement,214,566,1709733810337
8941269,8941269,mousedown,214,566,1709733810338
8941269,8941269,mouseup,214,566,1709733810444
8941269,8941269,movement,214,566,1709733810555
8941269,8941269,movement,215,566,1709733810569
8941269,8941269,movement,216,564,1709733810575
8941269,8941269,movement,221,560,1709733810592
8941269,8941269,movement,230,551,1709733810610
8941269,8941269,movement,247,532,1709733810643
8941269,8941269,movement,254,522,1709733810666
8941269,8941269,movement,255,519,1709733810699
8941269,8941269,movement,256,518,1709733810705
8941269,8941269,movement,256,517,1709733810734
8941269,8941269,singleclick,256,517,1709733810445
8941269,8941269,movement,257,517,1709733810971
8941269,8941269,movement,258,518,1709733811000
8941269,8941269,movement,258,519,1709733811021
8941269,8941269,movement,259,519,1709733811030
8941269,8941269,movement,260,519,1709733811062
8941269,8941269,movement,261,519,1709733811082
8941269,8941269,movement,262,519,1709733811093
8941269,8941269,movement,263,519,1709733811113
8941269,8941269,movement,265,520,1709733811126
8941269,8941269,movement,275,522,1709733811161
8941269,8941269,movement,281,524,1709733811176
8941269,8941269,movement,282,524,1709733811195
8941269,8941269,movement,282,524,1709733811209
8941269,8941269,movement,283,524,1709733811228
8941269,8941269,movement,284,524,1709733811261
8941269,8941269,movement,286,524,1709733811277
8941269,8941269,movement,291,519,1709733811292
8941269,8941269,movement,294,515,1709733811310
8941269,8941269,movement,297,509,1709733811326
8941269,8941269,movement,301,498,1709733811348
8941269,8941269,movement,304,490,1709733811359
8941269,8941269,movement,306,484,1709733811385
8941269,8941269,movement,308,480,1709733811401
8941269,8941269,movement,309,479,1709733811416
8941269,8941269,movement,310,477,1709733811427
8941269,8941269,movement,310,474,1709733811443
8941269,8941269,movement,310,471,1709733811459
8941269,8941269,movement,312,469,1709733811478
8941269,8941269,movement,313,466,1709733811496
8941269,8941269,movement,314,466,1709733811527
8941269,8941269,movement,314,466,1709733811544
8941269,8941269,movement,314,466,1709733811613
8941269,8941269,movement,315,466,1709733811626
8941269,8941269,movement,315,465,1709733811643
8941269,8941269,movement,316,465,1709733811669
8941269,8941269,movement,316,463,1709733811674
8941269,8941269,movement,317,462,1709733811692
8941269,8941269,movement,318,458,1709733811713
8941269,8941269,movement,318,457,1709733811726
8941269,8941269,movement,320,451,1709733811747
8941269,8941269,movement,321,448,1709733811772
8941269,8941269,movement,321,441,1709733811799
8941269,8941269,movement,321,440,1709733811811
8941269,8941269,movement,321,438,1709733811832
8941269,8941269,movement,321,435,1709733811849
8941269,8941269,movement,321,432,1709733811865
8941269,8941269,movement,321,430,1709733811878
8941269,8941269,movement,321,426,1709733811894
8941269,8941269,movement,321,422,1709733811911
8941269,8941269,movement,320,414,1709733811934
8941269,8941269,movement,318,410,1709733811954
8941269,8941269,movement,318,406,1709733811966
8941269,8941269,movement,317,402,1709733811985
8941269,8941269,movement,317,398,1709733812016
8941269,8941269,movement,317,395,1709733812026
8941269,8941269,movement,317,392,1709733812042
8941269,8941269,movement,316,390,1709733812062
8941269,8941269,movement,315,386,1709733812077
8941269,8941269,movement,314,385,1709733812094
8941269,8941269,movement,314,382,1709733812114
8941269,8941269,movement,313,381,1709733812127
8941269,8941269,movement,311,379,1709733812145
8941269,8941269,movement,310,377,1709733812160
8941269,8941269,movement,310,375,1709733812178
8941269,8941269,movement,307,373,1709733812194
8941269,8941269,movement,306,371,1709733812210
8941269,8941269,movement,306,369,1709733812230
8941269,8941269,movement,303,367,1709733812251
8941269,8941269,movement,303,366,1709733812257
8941269,8941269,movement,303,366,1709733812275
8941269,8941269,movement,302,365,1709733812292
8941269,8941269,movement,302,364,1709733812308
8941269,8941269,movement,301,362,1709733812327
8941269,8941269,movement,298,361,1709733812341
8941269,8941269,movement,298,360,1709733812362
8941269,8941269,movement,297,358,1709733812381
8941269,8941269,movement,294,357,1709733812397
8941269,8941269,movement,294,356,1709733812411
8941269,8941269,movement,292,354,1709733812426
8941269,8941269,movement,290,354,1709733812444
8941269,8941269,movement,290,352,1709733812459
8941269,8941269,movement,289,351,1709733812475
8941269,8941269,movement,288,350,1709733812491
8941269,8941269,mousedown,288,350,1709733812656
8941269,8941269,movement,288,350,1709733812680
8941269,8941269,mouseup,288,350,1709733812746
8941269,8941269,movement,287,350,1709733812841
8941269,8941269,movement,287,352,1709733812857
8941269,8941269,movement,286,353,1709733812875
8941269,8941269,movement,286,354,1709733812891
8941269,8941269,movement,286,355,1709733812908
8941269,8941269,movement,285,356,1709733812924
8941269,8941269,movement,283,358,1709733812942
8941269,8941269,movement,282,360,1709733812958
8941269,8941269,movement,282,362,1709733812974
8941269,8941269,movement,282,362,1709733812990
8941269,8941269,movement,281,364,1709733813007
8941269,8941269,movement,280,366,1709733813024
8941269,8941269,movement,280,366,1709733813040
8941269,8941269,movement,279,367,1709733813056
8941269,8941269,movement,279,370,1709733813078
8941269,8941269,movement,278,372,1709733813091
8941269,8941269,movement,278,374,1709733813107
8941269,8941269,movement,278,377,1709733813124
8941269,8941269,movement,277,378,1709733813158
8941269,8941269,singleclick,277,378,1709733812757
8941269,8941269,movement,276,382,1709733813174
8941269,8941269,movement,276,384,1709733813191
8941269,8941269,movement,276,385,1709733813225
8941269,8941269,movement,276,386,1709733813241
8941269,8941269,movement,276,386,1709733813276
8941269,8941269,mousedown,276,386,1709733813288
8941269,8941269,mouseup,276,386,1709733813372
8941269,8941269,movement,276,387,1709733813425
8941269,8941269,movement,276,389,1709733813440
8941269,8941269,movement,276,394,1709733813458
8941269,8941269,movement,276,397,1709733813474
8941269,8941269,movement,276,402,1709733813491
8941269,8941269,movement,276,404,1709733813507
8941269,8941269,movement,276,406,1709733813525
8941269,8941269,movement,276,411,1709733813550
8941269,8941269,movement,276,416,1709733813566
8941269,8941269,movement,276,417,1709733813575
8941269,8941269,movement,276,420,1709733813591
8941269,8941269,movement,276,422,1709733813608
8941269,8941269,movement,276,425,1709733813626
8941269,8941269,movement,276,426,1709733813641
8941269,8941269,movement,276,426,1709733813658
8941269,8941269,mousedown,276,426,1709733813780
8941269,8941269,singleclick,276,426,1709733813380
8941269,8941269,mouseup,276,426,1709733813861
8941269,8941269,movement,276,427,1709733813908
8941269,8941269,movement,278,428,1709733813941
8941269,8941269,movement,281,429,1709733813957
8941269,8941269,movement,286,430,1709733813973
8941269,8941269,movement,295,430,1709733813992
8941269,8941269,movement,307,433,1709733814010
8941269,8941269,movement,326,434,1709733814030
8941269,8941269,movement,344,434,1709733814041
8941269,8941269,movement,362,434,1709733814067
8941269,8941269,movement,386,434,1709733814079
8941269,8941269,movement,391,434,1709733814095
8941269,8941269,movement,395,434,1709733814107
8941269,8941269,movement,396,433,1709733814123
8941269,8941269,movement,397,433,1709733814273
8941269,8941269,singleclick,397,433,1709733813867
8941269,8941269,movement,397,434,1709733814324
8941269,8941269,movement,398,434,1709733814402
8941269,8941269,movement,398,434,1709733814495
8941269,8941269,movement,398,434,1709733814754
8941269,8941269,movement,398,435,1709733814755
8941269,8941269,movement,397,437,1709733814762
8941269,8941269,movement,396,438,1709733814776
8941269,8941269,movement,394,442,1709733814793
8941269,8941269,movement,386,447,1709733814807
8941269,8941269,movement,379,454,1709733814829
8941269,8941269,movement,368,462,1709733814849
8941269,8941269,movement,362,466,1709733814857
8941269,8941269,movement,358,467,1709733814876
8941269,8941269,movement,354,468,1709733814889
8941269,8941269,movement,352,468,1709733814906
8941269,8941269,movement,348,468,1709733814928
8941269,8941269,movement,343,468,1709733814939
8941269,8941269,movement,340,468,1709733814957
8941269,8941269,movement,337,466,1709733814972
8941269,8941269,movement,333,465,1709733814990
8941269,8941269,movement,330,464,1709733815006
8941269,8941269,movement,327,463,1709733815025
8941269,8941269,movement,326,463,1709733815040
8941269,8941269,movement,324,462,1709733815059
8941269,8941269,movement,323,462,1709733815072
8941269,8941269,movement,322,462,1709733815089
8941269,8941269,movement,321,462,1709733815114
8941269,8941269,movement,318,462,1709733815129
8941269,8941269,movement,317,462,1709733815141
8941269,8941269,movement,315,462,1709733815156
8941269,8941269,movement,313,463,1709733815172
8941269,8941269,movement,309,464,1709733815189
8941269,8941269,movement,301,466,1709733815205
8941269,8941269,movement,295,466,1709733815228
8941269,8941269,movement,290,468,1709733815242
8941269,8941269,movement,287,468,1709733815256
8941269,8941269,movement,286,469,1709733815273
8941269,8941269,movement,286,470,1709733815290
8941269,8941269,movement,284,470,1709733815307
8941269,8941269,movement,283,470,1709733815325
8941269,8941269,mousedown,283,470,1709733815459
8941269,8941269,mouseup,283,470,1709733815550
8941269,8941269,movement,283,472,1709733815623
8941269,8941269,movement,283,476,1709733815639
8941269,8941269,movement,283,480,1709733815656
8941269,8941269,movement,283,486,1709733815672
8941269,8941269,movement,283,491,1709733815694
8941269,8941269,movement,283,498,1709733815708
8941269,8941269,movement,283,500,1709733815723
8941269,8941269,movement,283,502,1709733815756
8941269,8941269,mousedown,283,502,1709733815941
8941269,8941269,singleclick,283,502,1709733815560
8941269,8941269,mouseup,283,502,1709733816024
8941269,8941269,movement,284,500,1709733816072
8941269,8941269,movement,286,496,1709733816088
8941269,8941269,movement,290,486,1709733816112
8941269,8941269,movement,298,454,1709733816129
8941269,8941269,movement,306,422,1709733816146
8941269,8941269,movement,317,371,1709733816165
8941269,8941269,movement,328,318,1709733816183
8941269,8941269,movement,335,292,1709733816201
8941269,8941269,movement,338,282,1709733816206
8941269,8941269,movement,342,265,1709733816222
8941269,8941269,movement,347,256,1709733816238
8941269,8941269,movement,352,246,1709733816257
8941269,8941269,movement,356,242,1709733816271
8941269,8941269,movement,364,237,1709733816291
8941269,8941269,movement,372,233,1709733816307
8941269,8941269,movement,379,230,1709733816323
8941269,8941269,movement,390,229,1709733816342
8941269,8941269,movement,398,227,1709733816355
8941269,8941269,movement,402,227,1709733816372
8941269,8941269,movement,408,226,1709733816393
8941269,8941269,movement,413,225,1709733816407
8941269,8941269,movement,416,224,1709733816421
8941269,8941269,movement,417,224,1709733816437
8941269,8941269,singleclick,417,224,1709733816033
8941269,8941269,movement,418,224,1709733816523
8941269,8941269,movement,418,225,1709733816556
8941269,8941269,movement,419,226,1709733816591
8941269,8941269,movement,420,226,1709733816605
8941269,8941269,movement,422,227,1709733816623
8941269,8941269,movement,422,227,1709733816638
8941269,8941269,movement,423,228,1709733816654
8941269,8941269,movement,423,229,1709733816702
8941269,8941269,mousedown,423,229,1709733816752
8941269,8941269,movement,423,228,1709733816823
8941269,8941269,mouseup,423,228,1709733816851
8941269,8941269,movement,422,228,1709733816880
8941269,8941269,movement,422,229,1709733816924
8941269,8941269,movement,421,230,1709733816953
8941269,8941269,movement,421,234,1709733816964
8941269,8941269,movement,421,237,1709733816982
8941269,8941269,movement,421,239,1709733816993
8941269,8941269,movement,422,245,1709733817006
8941269,8941269,movement,423,255,1709733817023
8941269,8941269,movement,428,274,1709733817042
8941269,8941269,movement,435,292,1709733817056
8941269,8941269,movement,444,310,1709733817071
8941269,8941269,movement,454,326,1709733817092
8941269,8941269,movement,458,333,1709733817108
8941269,8941269,movement,462,338,1709733817120
8941269,8941269,movement,466,341,1709733817142
8941269,8941269,movement,466,342,1709733817154
8941269,8941269,movement,467,343,1709733817171
8941269,8941269,movement,467,345,1709733817190
8941269,8941269,movement,470,348,1709733817216
8941269,8941269,movement,470,351,1709733817239
8941269,8941269,movement,470,352,1709733817253
8941269,8941269,singleclick,470,352,1709733816852
8941269,8941269,movement,470,353,1709733817271
8941269,8941269,movement,470,353,1709733817287
8941269,8941269,movement,467,353,1709733817304
8941269,8941269,movement,457,353,1709733817320
8941269,8941269,movement,451,352,1709733817336
8941269,8941269,movement,421,351,1709733817359
8941269,8941269,movement,392,350,1709733817372
8941269,8941269,movement,360,348,1709733817391
8941269,8941269,movement,340,346,1709733817491
8941269,8941269,movement,187,337,1709733817495
8941269,8941269,movement,99,345,1709733817585
8941269,8941269,movement,86,351,1709733817643
8941269,8941269,movement,85,352,1709733817653
8941269,8941269,movement,84,353,1709733817670
8941269,8941269,movement,83,354,1709733817686
8941269,8941269,movement,83,355,1709733817703
8941269,8941269,movement,82,356,1709733817719
8941269,8941269,movement,82,358,1709733817737
8941269,8941269,movement,82,362,1709733817752
8941269,8941269,movement,82,363,1709733817771
8941269,8941269,movement,82,366,1709733817789
8941269,8941269,movement,83,368,1709733817802
8941269,8941269,movement,83,369,1709733817820
8941269,8941269,movement,83,370,1709733817836
8941269,8941269,movement,84,370,1709733817893
8941269,8941269,movement,86,373,1709733817913
8941269,8941269,movement,87,375,1709733817931
8941269,8941269,movement,88,378,1709733817951
8941269,8941269,movement,88,378,1709733817961
8941269,8941269,movement,89,380,1709733817968
8941269,8941269,movement,90,380,1709733817989
8941269,8941269,movement,90,381,1709733818002
8941269,8941269,movement,90,382,1709733818020
8941269,8941269,movement,91,384,1709733818036
8941269,8941269,movement,93,386,1709733818058
8941269,8941269,movement,93,389,1709733818070
8941269,8941269,movement,94,390,1709733818086
8941269,8941269,movement,94,394,1709733818103
8941269,8941269,movement,95,395,1709733818120
8941269,8941269,movement,95,398,1709733818138
8941269,8941269,movement,96,402,1709733818160
8941269,8941269,movement,96,403,1709733818232
8941269,8941269,movement,96,404,1709733818269
8941269,8941269,mousedown,96,404,1709733818272
8941269,8941269,mouseup,96,404,1709733818334
8941269,8941269,movement,96,406,1709733818388
8941269,8941269,movement,97,409,1709733818402
8941269,8941269,movement,97,414,1709733818419
8941269,8941269,movement,97,419,1709733818437
8941269,8941269,movement,98,426,1709733818458
8941269,8941269,movement,99,434,1709733818473
8941269,8941269,movement,99,441,1709733818486
8941269,8941269,movement,99,452,1709733818503
8941269,8941269,movement,99,462,1709733818521
8941269,8941269,movement,100,474,1709733818535
8941269,8941269,movement,100,485,1709733818554
8941269,8941269,movement,99,496,1709733818572
8941269,8941269,movement,98,503,1709733818586
8941269,8941269,movement,96,510,1709733818603
8941269,8941269,movement,94,518,1709733818620
8941269,8941269,movement,92,534,1709733818636
8941269,8941269,movement,92,546,1709733818654
8941269,8941269,movement,92,551,1709733818670
8941269,8941269,movement,93,555,1709733818687
8941269,8941269,movement,94,556,1709733818705
8941269,8941269,movement,94,557,1709733818718
8941269,8941269,movement,94,558,1709733818735
8941269,8941269,movement,94,558,1709733818752
8941269,8941269,movement,96,560,1709733818769
8941269,8941269,movement,98,563,1709733818785
8941269,8941269,movement,98,565,1709733818802
8941269,8941269,movement,99,565,1709733818830
8941269,8941269,movement,99,566,1709733818886
8941269,8941269,movement,99,566,1709733818902
8941269,8941269,movement,100,566,1709733818919
8941269,8941269,movement,100,567,1709733818945
8941269,8941269,movement,101,569,1709733818952
8941269,8941269,movement,102,570,1709733818969
8941269,8941269,movement,102,571,1709733818985
8941269,8941269,movement,102,574,1709733819004
8941269,8941269,movement,102,574,1709733819019
8941269,8941269,movement,103,578,1709733819036
8941269,8941269,movement,105,582,1709733819054
8941269,8941269,movement,105,586,1709733819068
8941269,8941269,movement,106,588,1709733819087
8941269,8941269,movement,106,589,1709733819102
8941269,8941269,mousedown,106,589,1709733819192
8941269,8941269,mouseup,106,589,1709733819270
8941269,8941269,movement,106,589,1709733819382
8941269,8941269,movement,109,586,1709733819391
8941269,8941269,movement,110,582,1709733819402
8941269,8941269,movement,120,566,1709733819420
8941269,8941269,movement,142,531,1709733819440
8941269,8941269,movement,189,465,1709733819473
8941269,8941269,movement,229,403,1709733819522
8941269,8941269,movement,240,384,1709733819579
8941269,8941269,movement,269,333,1709733819589
8941269,8941269,movement,273,326,1709733819590
8941269,8941269,movement,282,313,1709733819610
8941269,8941269,movement,298,281,1709733819673
8941269,8941269,movement,306,268,1709733819717
8941269,8941269,movement,307,264,1709733819734
8941269,8941269,movement,309,262,1709733819752
8941269,8941269,movement,310,259,1709733819769
8941269,8941269,movement,310,258,1709733819785
8941269,8941269,movement,311,258,1709733819803
8941269,8941269,movement,311,257,1709733819848
8941269,8941269,movement,311,256,1709733819874
8941269,8941269,movement,311,255,1709733819888
8941269,8941269,movement,311,254,1709733819901
8941269,8941269,movement,310,253,1709733819919
8941269,8941269,movement,309,250,1709733819935
8941269,8941269,movement,308,247,1709733819951
8941269,8941269,movement,308,246,1709733819968
8941269,8941269,movement,307,246,1709733819985
8941269,8941269,movement,306,246,1709733820001
8941269,8941269,movement,306,245,1709733820019
8941269,8941269,movement,306,244,1709733820036
8941269,8941269,movement,305,243,1709733820052
8941269,8941269,movement,304,242,1709733820067
8941269,8941269,movement,302,242,1709733820084
8941269,8941269,movement,302,242,1709733820101
8941269,8941269,movement,301,241,1709733820121
8941269,8941269,movement,300,241,1709733820137
8941269,8941269,movement,300,240,1709733820152
8941269,8941269,movement,299,239,1709733820168
8941269,8941269,movement,298,238,1709733820186
8941269,8941269,movement,297,237,1709733820241
8941269,8941269,movement,296,235,1709733820251
8941269,8941269,movement,294,234,1709733820285
8941269,8941269,movement,294,234,1709733820302
8941269,8941269,movement,291,233,1709733820318
8941269,8941269,movement,290,232,1709733820334
8941269,8941269,movement,289,231,1709733820352
8941269,8941269,movement,288,231,1709733820369
8941269,8941269,movement,287,231,1709733820434
8941269,8941269,mousedown,287,231,1709733820437
8941269,8941269,mouseup,287,231,1709733820543
8941269,8941269,movement,287,232,1709733820585
8941269,8941269,movement,287,233,1709733820601
8941269,8941269,movement,288,233,1709733820616
8941269,8941269,movement,289,233,1709733820634
8941269,8941269,movement,292,233,1709733820667
8941269,8941269,movement,296,233,1709733820685
8941269,8941269,movement,302,233,1709733820705
8941269,8941269,movement,308,232,1709733820718
8941269,8941269,movement,315,230,1709733820738
8941269,8941269,movement,326,228,1709733820753
8941269,8941269,movement,342,225,1709733820767
8941269,8941269,movement,354,223,1709733820784
8941269,8941269,movement,371,222,1709733820800
8941269,8941269,movement,398,219,1709733820816
8941269,8941269,movement,424,215,1709733820834
8941269,8941269,movement,451,210,1709733820854
8941269,8941269,movement,478,204,1709733820868
8941269,8941269,movement,498,200,1709733820886
8941269,8941269,movement,523,194,1709733820903
8941269,8941269,movement,538,191,1709733820917
8941269,8941269,movement,543,190,1709733820934
8941269,8941269,movement,547,190,1709733820954
8941269,8941269,movement,549,189,1709733820970
8941269,8941269,movement,550,189,1709733820984
8941269,8941269,movement,551,189,1709733821000
8941269,8941269,movement,553,189,1709733821017
8941269,8941269,movement,556,189,1709733821033
8941269,8941269,movement,560,190,1709733821052
8941269,8941269,movement,565,190,1709733821066
8941269,8941269,movement,566,191,1709733821083
8941269,8941269,movement,567,192,1709733821101
8941269,8941269,movement,567,193,1709733821118
8941269,8941269,movement,567,196,1709733821135
8941269,8941269,movement,567,198,1709733821156
8941269,8941269,movement,567,200,1709733821166
8941269,8941269,movement,567,202,1709733821185
8941269,8941269,movement,567,202,1709733821200
8941269,8941269,movement,567,205,1709733821217
8941269,8941269,movement,566,209,1709733821235
8941269,8941269,movement,565,211,1709733821250
8941269,8941269,movement,565,213,1709733821267
8941269,8941269,movement,565,214,1709733821284
8941269,8941269,movement,565,214,1709733821303
8941269,8941269,movement,565,215,1709733821320
8941269,8941269,movement,565,217,1709733821337
8941269,8941269,movement,567,219,1709733821352
8941269,8941269,movement,568,221,1709733821369
8941269,8941269,movement,570,222,1709733821385
8941269,8941269,movement,570,223,1709733821400
8941269,8941269,movement,573,225,1709733821416
8941269,8941269,movement,576,226,1709733821434
8941269,8941269,movement,577,227,1709733821449
8941269,8941269,movement,577,228,1709733821521
8941269,8941269,movement,576,228,1709733821540
8941269,8941269,movement,575,228,1709733821552
8941269,8941269,movement,560,229,1709733821572
8941269,8941269,movement,532,230,1709733821589
8941269,8941269,movement,482,230,1709733821605
8941269,8941269,movement,428,230,1709733821622
8941269,8941269,movement,394,230,1709733821634
8941269,8941269,movement,379,229,1709733821653
8941269,8941269,movement,375,229,1709733821669
8941269,8941269,movement,374,228,1709733821686
8941269,8941269,movement,374,227,1709733821753
8941269,8941269,movement,375,227,1709733821819
8941269,8941269,mousedown,375,227,1709733821841
8941269,8941269,movement,375,226,1709733821856
8941269,8941269,mouseup,375,226,1709733821919
8941269,8941269,movement,376,227,1709733822046
8941269,8941269,movement,378,229,1709733822060
8941269,8941269,movement,380,230,1709733822067
8941269,8941269,movement,382,233,1709733822082
8941269,8941269,movement,384,234,1709733822100
8941269,8941269,movement,386,237,1709733822116
8941269,8941269,movement,389,239,1709733822136
8941269,8941269,movement,392,242,1709733822150
8941269,8941269,movement,395,247,1709733822166
8941269,8941269,movement,398,250,1709733822177
8941269,8941269,movement,401,254,1709733822183
8941269,8941269,movement,409,265,1709733822202
8941269,8941269,movement,422,283,1709733822216
8941269,8941269,movement,437,310,1709733822235
8941269,8941269,movement,442,330,1709733822250
8941269,8941269,movement,446,346,1709733822267
8941269,8941269,movement,448,360,1709733822285
8941269,8941269,movement,451,374,1709733822300
8941269,8941269,movement,455,385,1709733822315
8941269,8941269,singleclick,455,385,1709733821921
8941269,8941269,movement,459,392,1709733822332
8941269,8941269,movement,459,393,1709733822350
8941269,8941269,movement,459,392,1709733822394
8941269,8941269,movement,459,390,1709733822399
8941269,8941269,movement,458,387,1709733822417
8941269,8941269,movement,446,372,1709733822433
8941269,8941269,movement,406,330,1709733822450
8941269,8941269,movement,339,274,1709733822467
8941269,8941269,movement,260,221,1709733822486
8941269,8941269,movement,191,184,1709733822500
8941269,8941269,movement,150,164,1709733822516
8941269,8941269,movement,124,152,1709733822533
8941269,8941269,movement,107,146,1709733822552
8941269,8941269,movement,90,143,1709733822565
8941269,8941269,movement,86,146,1709733822582
8941269,8941269,movement,78,151,1709733822601
8941269,8941269,movement,70,161,1709733822618
8941269,8941269,movement,44,180,1709733822650
8941269,8941269,movement,41,182,1709733822658
8941269,8941269,movement,38,182,1709733822668
8941269,8941269,movement,38,182,1709733822683
8941269,8941269,movement,38,183,1709733822699
8941269,8941269,movement,38,184,1709733822733
8941269,8941269,movement,37,187,1709733822750
8941269,8941269,movement,37,194,1709733822771
8941269,8941269,movement,37,198,1709733822782
8941269,8941269,movement,42,211,1709733822797
8941269,8941269,movement,46,219,1709733822818
8941269,8941269,movement,50,227,1709733822833
8941269,8941269,movement,54,232,1709733822855
8941269,8941269,movement,56,238,1709733822868
8941269,8941269,movement,59,242,1709733822884
8941269,8941269,movement,60,243,1709733822899
8941269,8941269,movement,61,244,1709733822924
8941269,8941269,movement,62,245,1709733822943
8941269,8941269,movement,62,246,1709733822947
8941269,8941269,movement,64,247,1709733822968
8941269,8941269,movement,65,249,1709733822984
8941269,8941269,movement,65,250,1709733822999
8941269,8941269,mousedown,65,250,1709733823074
8941269,8941269,mouseup,65,250,1709733823171
8941269,8941269,movement,153,224,1709733823275
8941269,8941269,movement,342,118,1709733823323
8941269,8941269,movement,372,90,1709733823340
8941269,8941269,movement,580,102,1709733826696
8941269,8941269,movement,580,112,1709733826717
8941269,8941269,movement,580,122,1709733826727
8941269,8941269,movement,580,129,1709733826746
8941269,8941269,movement,580,132,1709733826762
8941269,8941269,movement,580,134,1709733826778
8941269,8941269,movement,580,135,1709733826794
8941269,8941269,movement,581,136,1709733826811
8941269,8941269,movement,580,135,1709733826939
8941269,8941269,movement,580,133,1709733826944
8941269,8941269,movement,579,127,1709733826961
8941269,8941269,movement,577,120,1709733826981
8941269,8941269,movement,574,114,1709733826996
8941269,8941269,movement,574,110,1709733827012
8941269,8941269,movement,574,108,1709733827028
8941269,8941269,mousedown,574,108,1709733827071
8941269,8941269,movement,573,108,1709733827184
8941269,8941269,mouseup,573,108,1709733827193
8941269,8941269,movement,572,108,1709733827211
8941269,8941269,movement,570,108,1709733827229
8941269,8941269,movement,567,110,1709733827245
8941269,8941269,movement,562,114,1709733827261
8941269,8941269,movement,554,117,1709733827277
8941269,8941269,movement,553,118,1709733827295
8941269,8941269,singleclick,553,118,1709733827194
8941269,8941269,movement,566,128,1709733830842
8941269,8941269,movement,585,98,1709733831113
8941269,8941269,movement,612,88,1709733838118
8941269,8941269,movement,612,98,1709733838136
8941269,8941269,movement,612,107,1709733838156
8941269,8941269,movement,612,113,1709733838167
8941269,8941269,movement,612,118,1709733838184
8941269,8941269,movement,611,122,1709733838200
8941269,8941269,movement,610,125,1709733838216
8941269,8941269,movement,610,127,1709733838236
8941269,8941269,movement,609,131,1709733838252
8941269,8941269,movement,608,134,1709733838269
8941269,8941269,movement,607,134,1709733838285
8941269,8941269,movement,606,137,1709733838302
8941269,8941269,movement,606,137,1709733838319
8941269,8941269,movement,606,138,1709733838335
8941269,8941269,movement,606,138,1709733838373
8941269,8941269,movement,605,138,1709733838379
8941269,8941269,movement,604,138,1709733838401
8941269,8941269,movement,603,138,1709733838408
8941269,8941269,movement,603,138,1709733838417
8941269,8941269,movement,602,137,1709733838434
8941269,8941269,movement,600,135,1709733838450
8941269,8941269,movement,598,132,1709733838467
8941269,8941269,movement,596,130,1709733838484
8941269,8941269,movement,594,126,1709733838502
8941269,8941269,movement,591,121,1709733838516
8941269,8941269,movement,588,117,1709733838533
8941269,8941269,movement,584,110,1709733838551
8941269,8941269,movement,580,106,1709733838572
8941269,8941269,movement,578,102,1709733838583
8941269,8941269,movement,577,100,1709733838602
8941269,8941269,movement,574,97,1709733838617
8941269,8941269,movement,572,94,1709733838636
8941269,8941269,movement,571,92,1709733838653
8941269,8941269,movement,570,91,1709733838667
8941269,8941269,movement,570,90,1709733838684
8941269,8941269,movement,569,89,1709733838700
8941269,8941269,movement,568,88,1709733838717
8941269,8941269,movement,568,87,1709733838752
8941269,8941269,movement,567,87,1709733838758
8941269,8941269,movement,566,87,1709733838791
8941269,8941269,movement,566,86,1709733838799
8941269,8941269,movement,566,86,1709733838837
8941269,8941269,movement,565,86,1709733838853
8941269,8941269,movement,564,86,1709733838860
8941269,8941269,movement,563,86,1709733838899
8941269,8941269,movement,562,86,1709733838932
8941269,8941269,mousedown,562,86,1709733838935
8941269,8941269,movement,562,86,1709733838956
8941269,8941269,movement,560,86,1709733838977
8941269,8941269,mouseup,560,86,1709733839027
8941269,8941269,movement,560,87,1709733839033
8941269,8941269,movement,560,88,1709733839050
8941269,8941269,movement,560,90,1709733839067
8941269,8941269,movement,560,90,1709733839103
8941269,8941269,movement,560,91,1709733839127
8941269,8941269,movement,560,92,1709733839150
8941269,8941269,movement,561,94,1709733839167
8941269,8941269,movement,562,96,1709733839185
8941269,8941269,movement,562,99,1709733839201
8941269,8941269,movement,562,102,1709733839217
8941269,8941269,movement,564,104,1709733839233
8941269,8941269,movement,564,106,1709733839251
8941269,8941269,movement,565,107,1709733839271
8941269,8941269,movement,565,109,1709733839284
8941269,8941269,movement,566,111,1709733839300
8941269,8941269,movement,566,113,1709733839317
8941269,8941269,movement,566,114,1709733839333
8941269,8941269,movement,566,115,1709733839350
8941269,8941269,movement,566,116,1709733839368
8941269,8941269,movement,566,117,1709733839383
8941269,8941269,mousedown,566,117,1709733839404
8941269,8941269,singleclick,566,117,1709733839029
8941269,8941269,movement,564,117,1709733839484
8941269,8941269,movement,558,117,1709733839499
8941269,8941269,movement,540,117,1709733839516
8941269,8941269,movement,518,117,1709733839532
8941269,8941269,movement,491,117,1709733839549
8941269,8941269,movement,461,116,1709733839566
8941269,8941269,movement,380,111,1709733839583
8941269,8941269,movement,326,110,1709733839600
8941269,8941269,movement,269,105,1709733839621
8941269,8941269,movement,223,101,1709733839636
8941269,8941269,movement,199,100,1709733839650
8941269,8941269,movement,181,98,1709733839668
8941269,8941269,movement,167,98,1709733839684
8941269,8941269,movement,159,98,1709733839700
8941269,8941269,movement,150,99,1709733839720
8941269,8941269,movement,148,99,1709733839738
8941269,8941269,movement,144,100,1709733839749
8941269,8941269,movement,140,101,1709733839766
8941269,8941269,movement,137,102,1709733839784
8941269,8941269,movement,135,102,1709733839803
8941269,8941269,movement,134,102,1709733839817
8941269,8941269,movement,134,102,1709733839880
8941269,8941269,movement,138,102,1709733839888
8941269,8941269,movement,142,102,1709733839895
8941269,8941269,mouseup,142,102,1709733839898
8941269,8941269,movement,158,104,1709733839919
8941269,8941269,movement,181,109,1709733839934
8941269,8941269,movement,211,114,1709733839949
8941269,8941269,movement,250,114,1709733839967
8941269,8941269,movement,284,109,1709733839985
8941269,8941269,movement,306,86,1709733840003
8941269,8941269,singleclick,306,86,1709733839900
8941269,8941269,movement,339,94,1709733842813
8941269,8941269,movement,360,106,1709733842831
8941269,8941269,movement,370,114,1709733842848
8941269,8941269,movement,368,114,1709733842862
8941269,8941269,movement,363,112,1709733842879
8941269,8941269,movement,362,112,1709733842896
8941269,8941269,movement,358,129,1709733842969
8941269,8941269,movement,355,142,1709733842976
8941269,8941269,movement,354,149,1709733842986
8941269,8941269,movement,354,156,1709733842998
8941269,8941269,movement,359,170,1709733843016
8941269,8941269,movement,371,187,1709733843030
8941269,8941269,movement,390,216,1709733843049
8941269,8941269,movement,405,231,1709733843067
8941269,8941269,movement,418,245,1709733843082
8941269,8941269,movement,427,254,1709733843097
8941269,8941269,movement,439,265,1709733843117
8941269,8941269,movement,453,278,1709733843131
8941269,8941269,movement,471,295,1709733843147
8941269,8941269,movement,477,302,1709733843164
8941269,8941269,movement,478,305,1709733843179
8941269,8941269,movement,481,307,1709733843196
8941269,8941269,movement,483,310,1709733843212
8941269,8941269,movement,485,313,1709733843229
8941269,8941269,movement,486,314,1709733843248
8941269,8941269,movement,486,314,1709733843379
8941269,8941269,movement,486,313,1709733843397
8941269,8941269,movement,486,307,1709733843413
8941269,8941269,movement,486,302,1709733843433
8941269,8941269,movement,487,298,1709733843449
8941269,8941269,movement,489,296,1709733843462
8941269,8941269,movement,490,292,1709733843479
8941269,8941269,movement,492,286,1709733843496
8941269,8941269,movement,494,284,1709733843513
8941269,8941269,movement,494,283,1709733843529
8941269,8941269,mouseup,494,283,1709733843741
8941269,8941269,movement,494,278,1709733844135
8941269,8941269,movement,494,274,1709733844144
8941269,8941269,movement,494,270,1709733844163
8941269,8941269,movement,494,266,1709733844178
8941269,8941269,movement,494,265,1709733844195
8941269,8941269,movement,494,263,1709733844213
8941269,8941269,movement,495,261,1709733844229
8941269,8941269,movement,497,258,1709733844245
8941269,8941269,movement,500,251,1709733844264
8941269,8941269,movement,506,244,1709733844282
8941269,8941269,movement,514,234,1709733844296
8941269,8941269,movement,518,226,1709733844311
8941269,8941269,movement,530,215,1709733844344
8941269,8941269,movement,826,324,1709733844521
8941269,8941269,movement,835,329,1709733844556
8941269,8941269,movement,838,330,1709733844577
8941269,8941269,movement,838,331,1709733844594
8941269,8941269,movement,838,334,1709733844614
8941269,8941269,movement,835,338,1709733844628
8941269,8941269,movement,831,341,1709733844645
8941269,8941269,movement,827,346,1709733844663
8941269,8941269,movement,811,358,1709733844687
8941269,8941269,movement,806,361,1709733844694
8941269,8941269,movement,790,370,1709733844711
8941269,8941269,movement,775,377,1709733844729
8941269,8941269,movement,765,382,1709733844744
8941269,8941269,movement,759,385,1709733844764
8941269,8941269,movement,755,389,1709733844778
8941269,8941269,movement,754,394,1709733844801
8941269,8941269,movement,756,401,1709733844820
8941269,8941269,movement,773,411,1709733844853
8941269,8941269,movement,782,414,1709733844862
8941269,8941269,movement,821,426,1709733844879
8941269,8941269,movement,887,440,1709733844897
8941269,8941269,movement,962,456,1709733844912
8941269,8941269,movement,1033,466,1709733844927
8941269,8941269,movement,1133,482,1709733844945
8941269,8941269,movement,1182,489,1709733844962
8941269,8941269,movement,1214,493,1709733844977
8941269,8941269,movement,1238,495,1709733844995
8941269,8941269,movement,1261,495,1709733845011
8941269,8941269,movement,1286,496,1709733845027
8941269,8941269,movement,1327,496,1709733845044
8941269,8941269,movement,1354,496,1709733845060
8941269,8941269,movement,1375,494,1709733845076
8941269,8941269,movement,1393,494,1709733845094
8941269,8941269,movement,1407,493,1709733845115
8941269,8941269,movement,1416,493,1709733845129
8941269,8941269,movement,1422,493,1709733845147
8941269,8941269,movement,1428,492,1709733845164
8941269,8941269,movement,1434,491,1709733845183
8941269,8941269,movement,1439,490,1709733845196
8941269,8941269,movement,1444,489,1709733845211
8941269,8941269,movement,1446,488,1709733845227
8941269,8941269,movement,1446,488,1709733845245
8941269,8941269,movement,1447,488,1709733845262
8941269,8941269,movement,1450,487,1709733845311
8941269,8941269,movement,1450,486,1709733845328
8941269,8941269,movement,1451,486,1709733845346
8941269,8941269,movement,1452,486,1709733845362
8941269,8941269,movement,1453,486,1709733845378
8941269,8941269,movement,1454,486,1709733845394
8941269,8941269,movement,1455,486,1709733845410
8941269,8941269,movement,1457,486,1709733845427
8941269,8941269,movement,1459,486,1709733845444
8941269,8941269,movement,1461,486,1709733845460
8941269,8941269,movement,1462,486,1709733845477
8941269,8941269,movement,1463,486,1709733845513
8941269,8941269,movement,1464,486,1709733845544
8941269,8941269,movement,1465,486,1709733845646
8941269,8941269,movement,1466,486,1709733845760
8941269,8941269,movement,1466,486,1709733845784
8941269,8941269,movement,1467,486,1709733845807
8941269,8941269,movement,1468,486,1709733845814
8941269,8941269,movement,1469,486,1709733845830
8941269,8941269,movement,1470,486,1709733845844
8941269,8941269,movement,1470,486,1709733845860
8941269,8941269,movement,1467,484,1709733845924
8941269,8941269,movement,1456,479,1709733845930
8941269,8941269,movement,1440,473,1709733845944
8941269,8941269,movement,1366,446,1709733845964
8941269,8941269,movement,1242,398,1709733845979
8941269,8941269,movement,1009,317,1709733845998
8941269,8941269,movement,854,260,1709733846015
8941269,8941269,movement,725,210,1709733846037
8941269,8941269,movement,615,165,1709733846051
8941269,8941269,movement,458,98,1709733846087
8941269,8941269,movement,808,95,1709733847166
8941269,8941269,movement,958,121,1709733847182
8941269,8941269,movement,1094,148,1709733847198
8941269,8941269,movement,1201,172,1709733847213
8941269,8941269,movement,1281,190,1709733847226
8941269,8941269,movement,1330,202,1709733847245
8941269,8941269,movement,1351,209,1709733847260
8941269,8941269,movement,1369,214,1709733847276
8941269,8941269,movement,1376,217,1709733847293
8941269,8941269,movement,1382,219,1709733847309
8941269,8941269,movement,1389,222,1709733847325
8941269,8941269,movement,1392,223,1709733847344
8941269,8941269,movement,1393,224,1709733847360
8941269,8941269,movement,1394,226,1709733847377
8941269,8941269,movement,1394,226,1709733847394
8941269,8941269,movement,1395,228,1709733847408
8941269,8941269,movement,1395,229,1709733847433
8941269,8941269,movement,1395,230,1709733847442
8941269,8941269,movement,1394,233,1709733847459
8941269,8941269,movement,1390,235,1709733847478
8941269,8941269,movement,1380,240,1709733847494
8941269,8941269,movement,1363,244,1709733847511
8941269,8941269,movement,1334,251,1709733847526
8941269,8941269,movement,1266,265,1709733847543
8941269,8941269,movement,1222,270,1709733847559
8941269,8941269,movement,1188,275,1709733847578
8941269,8941269,movement,1166,279,1709733847591
8941269,8941269,movement,1146,282,1709733847609
8941269,8941269,movement,1134,282,1709733847626
8941269,8941269,movement,1124,284,1709733847642
8941269,8941269,movement,1106,286,1709733847658
8941269,8941269,movement,1093,288,1709733847675
8941269,8941269,movement,1082,290,1709733847692
8941269,8941269,movement,1076,290,1709733847709
8941269,8941269,movement,1074,290,1709733847727
8941269,8941269,movement,1073,290,1709733847742
8941269,8941269,movement,1072,290,1709733847829
8941269,8941269,movement,1071,290,1709733847880
8941269,8941269,movement,1071,290,1709733847932
8941269,8941269,movement,1072,290,1709733848368
8941269,8941269,movement,1072,290,1709733848389
8941269,8941269,movement,1073,290,1709733848397
8941269,8941269,movement,1073,291,1709733848727
8941269,8941269,movement,1072,292,1709733848733
8941269,8941269,movement,1071,293,1709733848743
8941269,8941269,movement,1062,294,1709733848757
8941269,8941269,movement,1025,287,1709733848777
8941269,8941269,movement,930,264,1709733848793
8941269,8941269,movement,798,222,1709733848809
8941269,8941269,movement,730,198,1709733848817
8941269,8941269,movement,658,170,1709733848826
8941269,8941269,movement,457,92,1709733848844
8941269,8941269,movement,622,87,1709733850458
8941269,8941269,movement,623,104,1709733850463
8941269,8941269,movement,625,122,1709733850475
8941269,8941269,movement,626,150,1709733850492
8941269,8941269,movement,628,176,1709733850508
8941269,8941269,movement,628,189,1709733850514
8941269,8941269,movement,627,214,1709733850532
8941269,8941269,movement,626,238,1709733850538
8941269,8941269,movement,622,256,1709733850560
8941269,8941269,movement,618,275,1709733850586
8941269,8941269,movement,617,278,1709733850594
8941269,8941269,movement,616,280,1709733850606
8941269,8941269,movement,613,286,1709733850624
8941269,8941269,movement,610,295,1709733850641
8941269,8941269,movement,608,302,1709733850657
8941269,8941269,movement,606,306,1709733850673
8941269,8941269,movement,606,308,1709733850689
8941269,8941269,movement,605,308,1709733850747
8941269,8941269,movement,604,308,1709733850756
8941269,8941269,movement,603,306,1709733850772
8941269,8941269,movement,602,306,1709733850789
8941269,8941269,movement,602,304,1709733850806
8941269,8941269,movement,602,303,1709733850823
8941269,8941269,mousedown,602,303,1709733850843
8941269,8941269,movement,602,302,1709733850856
8941269,8941269,mouseup,602,302,1709733850912
8941269,8941269,movement,602,302,1709733850973
8941269,8941269,movement,603,302,1709733850990
8941269,8941269,movement,605,302,1709733851005
8941269,8941269,movement,607,302,1709733851038
8941269,8941269,movement,611,302,1709733851055
8941269,8941269,movement,618,302,1709733851072
8941269,8941269,movement,619,302,1709733851088
8941269,8941269,movement,626,302,1709733851105
8941269,8941269,movement,633,302,1709733851122
8941269,8941269,movement,637,302,1709733851139
8941269,8941269,movement,642,302,1709733851156
8941269,8941269,movement,646,302,1709733851173
8941269,8941269,movement,650,302,1709733851190
8941269,8941269,movement,661,302,1709733851205
8941269,8941269,movement,669,302,1709733851223
8941269,8941269,movement,680,303,1709733851239
8941269,8941269,movement,697,305,1709733851255
8941269,8941269,movement,714,307,1709733851273
8941269,8941269,movement,738,310,1709733851290
8941269,8941269,movement,764,314,1709733851307
8941269,8941269,movement,792,319,1709733851322
8941269,8941269,movement,836,326,1709733851338
8941269,8941269,singleclick,836,326,1709733850943
8941269,8941269,movement,870,330,1709733851356
8941269,8941269,movement,902,334,1709733851371
8941269,8941269,movement,934,337,1709733851388
8941269,8941269,movement,964,339,1709733851406
8941269,8941269,movement,996,343,1709733851422
8941269,8941269,movement,1042,349,1709733851439
8941269,8941269,movement,1083,356,1709733851456
8941269,8941269,movement,1138,363,1709733851472
8941269,8941269,movement,1166,366,1709733851488
8941269,8941269,movement,1192,368,1709733851505
8941269,8941269,movement,1214,369,1709733851522
8941269,8941269,movement,1234,370,1709733851539
8941269,8941269,movement,1255,371,1709733851555
8941269,8941269,movement,1267,372,1709733851572
8941269,8941269,movement,1278,372,1709733851588
8941269,8941269,movement,1286,372,1709733851604
8941269,8941269,movement,1293,372,1709733851623
8941269,8941269,movement,1298,372,1709733851640
8941269,8941269,movement,1300,372,1709733851655
8941269,8941269,movement,1304,371,1709733851671
8941269,8941269,movement,1309,370,1709733851688
8941269,8941269,movement,1312,369,1709733851705
8941269,8941269,movement,1315,368,1709733851721
8941269,8941269,movement,1318,367,1709733851739
8941269,8941269,movement,1319,366,1709733851755
8941269,8941269,movement,1321,366,1709733851771
8941269,8941269,movement,1324,365,1709733851788
8941269,8941269,movement,1327,364,1709733851805
8941269,8941269,movement,1331,362,1709733851821
8941269,8941269,movement,1333,361,1709733851838
8941269,8941269,movement,1336,359,1709733851855
8941269,8941269,movement,1338,358,1709733851873
8941269,8941269,movement,1340,358,1709733851889
8941269,8941269,movement,1346,355,1709733851905
8941269,8941269,movement,1351,354,1709733851921
8941269,8941269,movement,1360,350,1709733851938
8941269,8941269,movement,1366,348,1709733851955
8941269,8941269,movement,1371,346,1709733851973
8941269,8941269,movement,1375,345,1709733851989
8941269,8941269,movement,1380,344,1709733852005
8941269,8941269,movement,1382,343,1709733852021
8941269,8941269,movement,1385,342,1709733852038
8941269,8941269,movement,1387,341,1709733852055
8941269,8941269,movement,1388,341,1709733852078
8941269,8941269,movement,1389,340,1709733852108
8941269,8941269,movement,1390,340,1709733852121
8941269,8941269,movement,1390,338,1709733852138
8941269,8941269,movement,1391,338,1709733852155
8941269,8941269,movement,1395,335,1709733852171
8941269,8941269,movement,1398,334,1709733852187
8941269,8941269,movement,1399,333,1709733852204
8941269,8941269,movement,1401,333,1709733852222
8941269,8941269,movement,1402,331,1709733852239
8941269,8941269,movement,1402,330,1709733852254
8941269,8941269,movement,1405,329,1709733852272
8941269,8941269,movement,1407,328,1709733852289
8941269,8941269,movement,1408,326,1709733852304
8941269,8941269,movement,1411,323,1709733852348
8941269,8941269,movement,1412,323,1709733852354
8941269,8941269,movement,1412,322,1709733852371
8941269,8941269,movement,1413,322,1709733852388
8941269,8941269,movement,1414,322,1709733852405
8941269,8941269,movement,1414,321,1709733852452
8941269,8941269,movement,1414,321,1709733852472
8941269,8941269,movement,1414,322,1709733852661
8941269,8941269,movement,1414,323,1709733852667
8941269,8941269,movement,1414,323,1709733852683
8941269,8941269,movement,1413,323,1709733852723
8941269,8941269,movement,1412,323,1709733852745
8941269,8941269,movement,1412,324,1709733852816
8941269,8941269,movement,1412,325,1709733852855
8941269,8941269,movement,1413,325,1709733852925
8941269,8941269,movement,1414,325,1709733852949
8941269,8941269,movement,1414,325,1709733852962
8941269,8941269,movement,1415,325,1709733852970
8941269,8941269,movement,1416,325,1709733852987
8941269,8941269,movement,1421,325,1709733853003
8941269,8941269,movement,1423,325,1709733853022
8941269,8941269,movement,1426,325,1709733853038
8941269,8941269,movement,1427,325,1709733853058
8941269,8941269,movement,1428,325,1709733853071
8941269,8941269,movement,1430,325,1709733853088
8941269,8941269,movement,1434,325,1709733853104
8941269,8941269,movement,1437,324,1709733853120
8941269,8941269,movement,1441,321,1709733853137
8941269,8941269,movement,1445,318,1709733853155
8941269,8941269,movement,1448,314,1709733853171
8941269,8941269,movement,1450,311,1709733853190
8941269,8941269,movement,1451,308,1709733853204
8941269,8941269,movement,1451,304,1709733853220
8941269,8941269,movement,1454,297,1709733853239
8941269,8941269,movement,1455,294,1709733853256
8941269,8941269,movement,1457,290,1709733853275
8941269,8941269,movement,1458,289,1709733853290
8941269,8941269,movement,1459,287,1709733853306
8941269,8941269,movement,1461,286,1709733853323
8941269,8941269,movement,1462,285,1709733853339
8941269,8941269,movement,1462,284,1709733853357
8941269,8941269,movement,1463,283,1709733853376
8941269,8941269,movement,1464,282,1709733853390
8941269,8941269,movement,1465,282,1709733853408
8941269,8941269,movement,1466,282,1709733853439
8941269,8941269,movement,1466,281,1709733853453
8941269,8941269,mousedown,1466,281,1709733853698
8941269,8941269,mouseup,1466,281,1709733853773
8941269,8941269,movement,1467,281,1709733854304
8941269,8941269,movement,1469,281,1709733854336
8941269,8941269,movement,1472,281,1709733854352
8941269,8941269,movement,1474,280,1709733854369
8941269,8941269,movement,1475,280,1709733854386
8941269,8941269,movement,1476,280,1709733854420
8941269,8941269,movement,1477,280,1709733854435
8941269,8941269,movement,1478,279,1709733854455
8941269,8941269,movement,1477,282,1709733854571
8941269,8941269,movement,1469,292,1709733854595
8941269,8941269,movement,1461,306,1709733854605
8941269,8941269,movement,1454,315,1709733854618
8941269,8941269,movement,1444,334,1709733854635
8941269,8941269,movement,1444,340,1709733854652
8941269,8941269,movement,1444,342,1709733854669
8941269,8941269,movement,1444,343,1709733854768
8941269,8941269,movement,1430,357,1709733854785
8941269,8941269,movement,1413,372,1709733854802
8941269,8941269,movement,1390,390,1709733854819
8941269,8941269,movement,1346,422,1709733854839
8941269,8941269,movement,1262,456,1709733854853
8941269,8941269,movement,1155,496,1709733854870
8941269,8941269,movement,1062,535,1709733854887
8941269,8941269,movement,1018,556,1709733854905
8941269,8941269,movement,1009,566,1709733854919
8941269,8941269,movement,1010,568,1709733854935
8941269,8941269,movement,1017,569,1709733854954
8941269,8941269,movement,1069,572,1709733854989
8941269,8941269,movement,1123,580,1709733854996
8941269,8941269,movement,1158,585,1709733855002
8941269,8941269,movement,1240,599,1709733855020
8941269,8941269,movement,1307,617,1709733855039
8941269,8941269,movement,1341,626,1709733855053
8941269,8941269,movement,1358,634,1709733855069
8941269,8941269,movement,1362,637,1709733855085
8941269,8941269,movement,1369,645,1709733855103
8941269,8941269,movement,1371,648,1709733855117
8941269,8941269,movement,1371,650,1709733855136
8941269,8941269,movement,1360,654,1709733855169
8941269,8941269,movement,1313,658,1709733855185
8941269,8941269,movement,1221,658,1709733855201
8941269,8941269,movement,1069,653,1709733855220
8941269,8941269,movement,865,637,1709733855235
8941269,8941269,movement,525,602,1709733855250
8941269,8941269,movement,314,575,1709733855270
8941269,8941269,movement,163,556,1709733855287
8941269,8941269,movement,87,544,1709733855301
8941269,8941269,movement,70,541,1709733855319
8941269,8941269,movement,70,540,1709733855335
8941269,8941269,movement,70,539,1709733855352
8941269,8941269,movement,72,540,1709733855367
8941269,8941269,movement,73,540,1709733855386
8941269,8941269,movement,74,541,1709733855435
8941269,8941269,movement,77,542,1709733855451
8941269,8941269,movement,80,542,1709733855469
8941269,8941269,movement,88,542,1709733855485
8941269,8941269,movement,91,543,1709733855501
8941269,8941269,movement,114,546,1709733855518
8941269,8941269,movement,134,550,1709733855535
8941269,8941269,movement,155,553,1709733855552
8941269,8941269,movement,189,558,1709733855569
8941269,8941269,movement,198,559,1709733855584
8941269,8941269,movement,210,560,1709733855601
8941269,8941269,movement,230,563,1709733855618
8941269,8941269,movement,245,564,1709733855636
8941269,8941269,movement,252,565,1709733855647
8941269,8941269,movement,258,565,1709733855656
8941269,8941269,movement,266,565,1709733855669
8941269,8941269,movement,271,564,1709733855686
8941269,8941269,movement,273,563,1709733855702
8941269,8941269,movement,274,563,1709733855718
8941269,8941269,movement,276,563,1709733855736
8941269,8941269,movement,280,563,1709733855752
8941269,8941269,movement,284,563,1709733855770
8941269,8941269,movement,288,563,1709733855786
8941269,8941269,movement,294,563,1709733855804
8941269,8941269,movement,304,565,1709733855818
8941269,8941269,movement,321,566,1709733855836
8941269,8941269,movement,326,566,1709733855851
8941269,8941269,movement,334,566,1709733855874
8941269,8941269,movement,336,566,1709733855886
8941269,8941269,movement,338,566,1709733855904
8941269,8941269,movement,340,566,1709733855919
8941269,8941269,movement,342,566,1709733855938
8941269,8941269,movement,345,566,1709733855953
8941269,8941269,movement,347,566,1709733855971
8941269,8941269,mousedown,347,566,1709733856070
8941269,8941269,mouseup,347,566,1709733856166
8941269,8941269,movement,347,566,1709733856356
8941269,8941269,movement,348,569,1709733856368
8941269,8941269,movement,350,577,1709733856384
8941269,8941269,movement,354,586,1709733856402
8941269,8941269,movement,361,606,1709733856419
8941269,8941269,movement,362,614,1709733856436
8941269,8941269,movement,370,632,1709733856454
8941269,8941269,movement,372,640,1709733856474
8941269,8941269,movement,374,644,1709733856490
8941269,8941269,movement,374,645,1709733856502
8941269,8941269,movement,375,646,1709733856518
8941269,8941269,movement,376,648,1709733856533
8941269,8941269,movement,377,649,1709733856551
8941269,8941269,movement,378,650,1709733856566
8941269,8941269,movement,379,654,1709733856583
8941269,8941269,singleclick,379,654,1709733856169
8941269,8941269,movement,382,657,1709733856602
8941269,8941269,movement,384,659,1709733856616
8941269,8941269,movement,385,662,1709733856633
8941269,8941269,movement,386,662,1709733856652
8941269,8941269,movement,386,664,1709733856668
8941269,8941269,movement,387,665,1709733856684
8941269,8941269,movement,388,665,1709733856700
8941269,8941269,movement,388,666,1709733856721
8941269,8941269,movement,389,666,1709733856769
8941269,8941269,movement,390,666,1709733856799
8941269,8941269,movement,390,666,1709733856892
8941269,8941269,mousedown,390,666,1709733856949
8941269,8941269,mouseup,390,666,1709733857067
8941269,8941269,movement,388,660,1709733857226
8941269,8941269,movement,386,656,1709733857233
8941269,8941269,movement,386,650,1709733857250
8941269,8941269,movement,384,642,1709733857266
8941269,8941269,movement,384,638,1709733857284
8941269,8941269,movement,384,634,1709733857299
8941269,8941269,movement,384,634,1709733857316
8941269,8941269,movement,384,633,1709733857341
8941269,8941269,movement,384,632,1709733857373
8941269,8941269,movement,384,631,1709733857383
8941269,8941269,movement,384,630,1709733857399
8941269,8941269,movement,384,629,1709733857416
8941269,8941269,movement,384,628,1709733857434
8941269,8941269,movement,384,626,1709733857450
8941269,8941269,movement,384,625,1709733857466
8941269,8941269,movement,384,622,1709733857483
8941269,8941269,singleclick,384,622,1709733857070
8941269,8941269,movement,385,622,1709733857499
8941269,8941269,movement,387,619,1709733857518
8941269,8941269,movement,392,616,1709733857535
8941269,8941269,movement,399,610,1709733857550
8941269,8941269,movement,409,605,1709733857567
8941269,8941269,movement,423,597,1709733857585
8941269,8941269,movement,434,592,1709733857602
8941269,8941269,movement,440,589,1709733857619
8941269,8941269,movement,445,586,1709733857633
8941269,8941269,movement,449,584,1709733857651
8941269,8941269,movement,453,582,1709733857667
8941269,8941269,movement,454,582,1709733857683
8941269,8941269,movement,454,582,1709733857700
8941269,8941269,movement,454,581,1709733857716
8941269,8941269,movement,454,580,1709733857758
8941269,8941269,movement,455,580,1709733857793
8941269,8941269,movement,455,579,1709733857800
8941269,8941269,movement,455,578,1709733857818
8941269,8941269,movement,456,577,1709733857833
8941269,8941269,movement,457,575,1709733857849
8941269,8941269,movement,458,574,1709733857869
8941269,8941269,movement,459,570,1709733857883
8941269,8941269,movement,462,568,1709733857900
8941269,8941269,movement,465,566,1709733857917
8941269,8941269,movement,470,563,1709733857934
8941269,8941269,movement,470,562,1709733857949
8941269,8941269,movement,471,562,1709733857965
8941269,8941269,movement,472,561,1709733857984
8941269,8941269,movement,474,559,1709733858001
8941269,8941269,movement,474,558,1709733858028
8941269,8941269,movement,474,558,1709733858046
8941269,8941269,movement,474,557,1709733858061
8941269,8941269,movement,477,558,1709733860454
8941269,8941269,movement,482,560,1709733860462
8941269,8941269,movement,494,566,1709733860470
8941269,8941269,movement,507,569,1709733860480
8941269,8941269,movement,552,569,1709733860498
8941269,8941269,movement,622,563,1709733860514
8941269,8941269,movement,667,541,1709733860534
8941269,8941269,movement,657,516,1709733860549
8941269,8941269,movement,610,463,1709733860571
8941269,8941269,movement,582,430,1709733860585
8941269,8941269,movement,561,402,1709733860603
8941269,8941269,movement,534,370,1709733860616
8941269,8941269,movement,497,338,1709733860631
8941269,8941269,movement,462,310,1709733860647
8941269,8941269,movement,439,290,1709733860664
8941269,8941269,movement,429,280,1709733860681
8941269,8941269,movement,425,273,1709733860699
8941269,8941269,movement,425,272,1709733860713
8941269,8941269,movement,425,271,1709733860798
8941269,8941269,movement,425,270,1709733860813
8941269,8941269,movement,428,262,1709733860830
8941269,8941269,movement,429,254,1709733860846
8941269,8941269,movement,429,251,1709733860863
8941269,8941269,movement,430,250,1709733860880
8941269,8941269,movement,431,250,1709733860896
8941269,8941269,movement,432,250,1709733860914
8941269,8941269,movement,433,250,1709733860929
8941269,8941269,movement,434,250,1709733860946
8941269,8941269,movement,441,249,1709733860963
8941269,8941269,movement,449,248,1709733860982
8941269,8941269,movement,455,248,1709733861000
8941269,8941269,movement,456,248,1709733861012
8941269,8941269,mouseup,456,248,1709733861322
8941269,8941269,movement,455,248,1709733861484
8941269,8941269,movement,454,248,1709733861495
8941269,8941269,movement,454,249,1709733861512
8941269,8941269,movement,451,254,1709733861529
8941269,8941269,movement,448,258,1709733861545
8941269,8941269,movement,443,266,1709733861564
8941269,8941269,movement,434,278,1709733861579
8941269,8941269,movement,422,294,1709733861597
8941269,8941269,movement,406,315,1709733861614
8941269,8941269,movement,388,341,1709733861630
8941269,8941269,movement,363,387,1709733861648
8941269,8941269,movement,347,427,1709733861663
8941269,8941269,movement,334,469,1709733861681
8941269,8941269,movement,324,517,1709733861698
8941269,8941269,movement,316,556,1709733861714
8941269,8941269,movement,312,594,1709733861729
8941269,8941269,movement,312,624,1709733861746
8941269,8941269,singleclick,312,624,1709733861331
8941269,8941269,movement,312,664,1709733861778
8941269,8941269,movement,312,670,1709733861786
8941269,8941269,movement,313,675,1709733861795
8941269,8941269,movement,314,685,1709733861812
8941269,8941269,movement,314,692,1709733861830
8941269,8941269,movement,315,700,1709733861846
8941269,8941269,movement,317,707,1709733861863
8941269,8941269,movement,318,711,1709733861878
8941269,8941269,movement,319,715,1709733861895
8941269,8941269,movement,321,716,1709733861916
8941269,8941269,movement,321,717,1709733861929
8941269,8941269,movement,322,718,1709733861946
8941269,8941269,movement,323,718,1709733861962
8941269,8941269,movement,327,721,1709733861985
8941269,8941269,movement,332,723,1709733862014
8941269,8941269,movement,355,736,1709733862168
8941269,8941269,movement,356,737,1709733862208
8941269,8941269,mousedown,356,737,1709733862404
8941269,8941269,mouseup,356,737,1709733862491
8941269,8941269,movement,357,737,1709733862631
8941269,8941269,movement,358,738,1709733862699
8941269,8941269,movement,357,734,1709733862771
8941269,8941269,movement,356,698,1709733862868
8941269,8941269,movement,388,630,1709733862902
8941269,8941269,movement,400,602,1709733862913
8941269,8941269,movement,416,556,1709733862929
8941269,8941269,singleclick,416,556,1709733862525
8941269,8941269,movement,429,475,1709733862946
8941269,8941269,movement,429,410,1709733862962
8941269,8941269,movement,426,328,1709733862978
8941269,8941269,movement,417,247,1709733862999
8941269,8941269,movement,411,202,1709733863006
8941269,8941269,movement,400,157,1709733863019
8941269,8941269,movement,386,108,1709733863039
8941269,8941269,movement,4,134,1709733863279
8941269,8941269,movement,23,154,1709733863302
8941269,8941269,movement,80,161,1709733863338
8941269,8941269,movement,310,93,1709733863381
8941269,8941269,movement,545,95,1709733872903
8941269,8941269,movement,545,110,1709733872921
8941269,8941269,movement,545,117,1709733872936
8941269,8941269,movement,545,124,1709733872952
8941269,8941269,movement,545,131,1709733872971
8941269,8941269,movement,545,140,1709733872987
8941269,8941269,movement,545,149,1709733873003
8941269,8941269,movement,545,162,1709733873021
8941269,8941269,movement,544,170,1709733873037
8941269,8941269,movement,543,177,1709733873054
8941269,8941269,movement,542,182,1709733873069
8941269,8941269,movement,542,185,1709733873090
8941269,8941269,movement,541,185,1709733873104
8941269,8941269,movement,539,183,1709733873136
8941269,8941269,movement,536,178,1709733873152
8941269,8941269,movement,530,169,1709733873170
8941269,8941269,movement,523,157,1709733873190
8941269,8941269,movement,511,135,1709733873210
8941269,8941269,movement,504,122,1709733873222
8941269,8941269,movement,500,113,1709733873235
8941269,8941269,movement,499,110,1709733873252
8941269,8941269,movement,499,109,1709733873269
8941269,8941269,movement,499,110,1709733873389
8941269,8941269,movement,499,110,1709733873402
8941269,8941269,movement,499,111,1709733873412
8941269,8941269,mousedown,499,111,1709733873420
8941269,8941269,movement,499,112,1709733873486
8941269,8941269,movement,498,112,1709733873529
8941269,8941269,movement,498,112,1709733873550
8941269,8941269,movement,495,112,1709733873568
8941269,8941269,movement,492,112,1709733873585
8941269,8941269,movement,482,113,1709733873603
8941269,8941269,movement,454,113,1709733873618
8941269,8941269,movement,428,113,1709733873635
8941269,8941269,movement,390,111,1709733873651
8941269,8941269,movement,346,112,1709733873669
8941269,8941269,movement,307,112,1709733873690
8941269,8941269,movement,270,114,1709733873703
8941269,8941269,movement,253,115,1709733873721
8941269,8941269,movement,243,115,1709733873734
8941269,8941269,movement,236,115,1709733873750
8941269,8941269,movement,231,115,1709733873767
8941269,8941269,movement,228,115,1709733873785
8941269,8941269,movement,226,115,1709733873802
8941269,8941269,movement,225,116,1709733873818
8941269,8941269,movement,222,116,1709733873834
8941269,8941269,movement,221,116,1709733873851
8941269,8941269,movement,219,117,1709733873868
8941269,8941269,movement,217,118,1709733873888
8941269,8941269,movement,214,118,1709733873904
8941269,8941269,movement,214,118,1709733873921
8941269,8941269,movement,214,119,1709733873934
8941269,8941269,movement,213,119,1709733873968
8941269,8941269,mouseup,213,119,1709733874053
8941269,8941269,movement,213,120,1709733874086
8941269,8941269,movement,214,121,1709733874101
8941269,8941269,movement,214,122,1709733874120
8941269,8941269,movement,216,122,1709733874140
8941269,8941269,movement,217,122,1709733874151
8941269,8941269,movement,218,122,1709733874167
8941269,8941269,movement,220,122,1709733874183
8941269,8941269,movement,222,122,1709733874201
8941269,8941269,movement,223,122,1709733874218
8941269,8941269,movement,228,119,1709733874233
8941269,8941269,movement,235,118,1709733874261
8941269,8941269,movement,239,116,1709733874269
8941269,8941269,movement,243,115,1709733874290
8941269,8941269,movement,250,114,1709733874314
8941269,8941269,movement,253,114,1709733874339
8941269,8941269,movement,254,112,1709733874349
8941269,8941269,movement,256,112,1709733874366
8941269,8941269,movement,258,110,1709733874388
8941269,8941269,movement,259,110,1709733874401
8941269,8941269,movement,260,110,1709733874418
8941269,8941269,movement,260,109,1709733874433
8941269,8941269,movement,261,109,1709733874451
8941269,8941269,movement,262,109,1709733874479
8941269,8941269,singleclick,262,109,1709733874055
8941269,8941269,movement,263,110,1709733874519
8941269,8941269,movement,264,111,1709733874574
8941269,8941269,movement,266,111,1709733874610
8941269,8941269,movement,266,112,1709733874618
8941269,8941269,movement,266,113,1709733874635
8941269,8941269,movement,267,113,1709733874653
8941269,8941269,movement,268,113,1709733874671
8941269,8941269,movement,268,114,1709733874720
8941269,8941269,movement,269,114,1709733874735
8941269,8941269,movement,270,114,1709733874749
8941269,8941269,movement,271,114,1709733874766
8941269,8941269,movement,274,113,1709733874786
8941269,8941269,movement,278,112,1709733874801
8941269,8941269,movement,282,113,1709733874822
8941269,8941269,movement,299,119,1709733874849
8941269,8941269,movement,339,138,1709733874886
8941269,8941269,movement,352,145,1709733874906
8941269,8941269,movement,358,150,1709733874916
8941269,8941269,movement,362,154,1709733874937
8941269,8941269,movement,365,156,1709733874952
8941269,8941269,movement,366,157,1709733874969
8941269,8941269,movement,367,158,1709733874988
8941269,8941269,movement,370,161,1709733875008
8941269,8941269,movement,372,162,1709733875017
8941269,8941269,movement,374,165,1709733875033
8941269,8941269,movement,378,167,1709733875050
8941269,8941269,movement,381,171,1709733875067
8941269,8941269,movement,385,174,1709733875084
8941269,8941269,movement,390,180,1709733875102
8941269,8941269,movement,394,183,1709733875119
8941269,8941269,movement,398,185,1709733875137
8941269,8941269,movement,401,187,1709733875150
8941269,8941269,movement,403,189,1709733875168
8941269,8941269,movement,404,189,1709733875184
8941269,8941269,movement,406,190,1709733875203
8941269,8941269,movement,406,192,1709733875217
8941269,8941269,movement,409,194,1709733875234
8941269,8941269,movement,411,199,1709733875250
8941269,8941269,movement,414,203,1709733875266
8941269,8941269,movement,416,210,1709733875287
8941269,8941269,movement,417,216,1709733875306
8941269,8941269,movement,418,226,1709733875320
8941269,8941269,movement,418,228,1709733875333
8941269,8941269,movement,419,233,1709733875350
8941269,8941269,movement,419,236,1709733875367
8941269,8941269,movement,419,237,1709733875387
8941269,8941269,mouseup,419,237,1709733875639
8941269,8941269,movement,419,238,1709733875969
8941269,8941269,movement,419,238,1709733876018
8941269,8941269,movement,420,238,1709733876038
8941269,8941269,movement,420,240,1709733876052
8941269,8941269,movement,420,242,1709733876086
8941269,8941269,movement,426,316,1709733876296
8941269,8941269,singleclick,426,316,1709733875679
8941269,8941269,movement,426,317,1709733876402
8941269,8941269,movement,422,316,1709733876496
8941269,8941269,movement,419,316,1709733876513
8941269,8941269,movement,417,316,1709733876516
8941269,8941269,movement,414,317,1709733876531
8941269,8941269,movement,407,319,1709733876548
8941269,8941269,movement,402,320,1709733876564
8941269,8941269,movement,401,320,1709733876582
8941269,8941269,movement,399,320,1709733876598
8941269,8941269,movement,398,317,1709733876616
8941269,8941269,movement,396,314,1709733876633
8941269,8941269,movement,395,311,1709733876648
8941269,8941269,movement,394,309,1709733876665
8941269,8941269,movement,394,307,1709733876681
8941269,8941269,movement,394,306,1709733876699
8941269,8941269,movement,394,306,1709733876750
8941269,8941269,movement,391,309,1709733876758
8941269,8941269,movement,390,311,1709733876765
8941269,8941269,movement,385,316,1709733876784
8941269,8941269,movement,378,321,1709733876797
8941269,8941269,movement,367,326,1709733876815
8941269,8941269,movement,362,329,1709733876827
8941269,8941269,movement,358,330,1709733876837
8941269,8941269,movement,338,338,1709733876858
8941269,8941269,movement,326,342,1709733876867
8941269,8941269,movement,308,337,1709733876889
8941269,8941269,movement,292,327,1709733876905
8941269,8941269,movement,281,322,1709733876921
8941269,8941269,movement,280,320,1709733893734
8941269,8941269,movement,278,317,1709733893739
8941269,8941269,movement,276,314,1709733893753
8941269,8941269,movement,267,300,1709733893765
8941269,8941269,movement,257,286,1709733893784
8941269,8941269,movement,247,274,1709733893803
8941269,8941269,movement,238,262,1709733893819
8941269,8941269,movement,227,248,1709733893837
8941269,8941269,movement,230,243,1709733893853
8941269,8941269,movement,232,242,1709733893865
8941269,8941269,movement,234,241,1709733893883
8941269,8941269,movement,237,240,1709733893900
8941269,8941269,movement,252,246,1709733893917
8941269,8941269,movement,316,271,1709733893938
8941269,8941269,movement,356,287,1709733893948
8941269,8941269,movement,366,291,1709733893966
8941269,8941269,movement,370,295,1709733893982
8941269,8941269,movement,373,298,1709733893999
8941269,8941269,movement,382,305,1709733894016
8941269,8941269,movement,396,315,1709733894034
8941269,8941269,movement,410,327,1709733894050
8941269,8941269,movement,416,335,1709733894065
8941269,8941269,movement,431,354,1709733894082
8941269,8941269,movement,459,390,1709733894131
8941269,8941269,movement,480,413,1709733894161
8941269,8941269,movement,485,415,1709733894191
8941269,8941269,movement,486,417,1709733894229
8941269,8941269,movement,488,417,1709733894254
8941269,8941269,movement,489,417,1709733894266
8941269,8941269,movement,494,418,1709733894282
8941269,8941269,movement,498,418,1709733894299
8941269,8941269,movement,503,420,1709733894321
8941269,8941269,movement,510,423,1709733894332
8941269,8941269,movement,513,424,1709733894348
8941269,8941269,movement,514,425,1709733894366
8941269,8941269,movement,514,426,1709733894382
8941269,8941269,movement,515,426,1709733894399
8941269,8941269,movement,517,428,1709733894414
8941269,8941269,movement,517,432,1709733894431
8941269,8941269,movement,518,437,1709733894448
8941269,8941269,movement,522,444,1709733894475
8941269,8941269,movement,534,458,1709733894501
8941269,8941269,movement,542,467,1709733894532
8941269,8941269,movement,546,472,1709733894569
8941269,8941269,movement,546,472,1709733894595
8941269,8941269,movement,547,472,1709733894626
8941269,8941269,movement,546,473,1709733894662
8941269,8941269,movement,543,479,1709733894684
8941269,8941269,movement,537,486,1709733894698
8941269,8941269,movement,530,494,1709733894716
8941269,8941269,movement,519,510,1709733894732
8941269,8941269,movement,518,522,1709733894750
8941269,8941269,movement,530,533,1709733894765
8941269,8941269,movement,558,542,1709733894781
8941269,8941269,movement,601,546,1709733894803
8941269,8941269,movement,649,543,1709733894815
8941269,8941269,movement,694,533,1709733894837
8941269,8941269,movement,721,523,1709733894855
8941269,8941269,movement,726,516,1709733894870
8941269,8941269,movement,722,506,1709733894882
8941269,8941269,movement,706,493,1709733894898
8941269,8941269,movement,682,482,1709733894921
8941269,8941269,movement,607,468,1709733894940
8941269,8941269,movement,572,468,1709733894952
8941269,8941269,movement,494,473,1709733894970
8941269,8941269,movement,436,493,1709733894993
8941269,8941269,movement,418,548,1709733895025
8941269,8941269,movement,454,568,1709733895053
8941269,8941269,movement,462,568,1709733895057
8941269,8941269,movement,470,566,1709733895063
8941269,8941269,movement,484,558,1709733895082
8941269,8941269,movement,494,550,1709733895097
8941269,8941269,movement,501,542,1709733895114
8941269,8941269,movement,505,539,1709733895131
8941269,8941269,movement,506,538,1709733895152
8941269,8941269,movement,506,538,1709733895226
8941269,8941269,movement,507,538,1709733895322
8941269,8941269,movement,508,538,1709733895359
8941269,8941269,movement,510,540,1709733895380
8941269,8941269,movement,510,541,1709733895390
8941269,8941269,movement,510,542,1709733895405
8941269,8941269,movement,509,544,1709733895413
8941269,8941269,movement,507,546,1709733895441
8941269,8941269,movement,506,548,1709733895457
8941269,8941269,movement,506,549,1709733895576
8941269,8941269,movement,512,555,1709733895601
8941269,8941269,movement,514,558,1709733895619
8941269,8941269,movement,518,562,1709733895638
8941269,8941269,movement,530,570,1709733895658
8941269,8941269,movement,543,578,1709733895682
8941269,8941269,movement,550,579,1709733895711
8941269,8941269,movement,553,582,1709733895725
8941269,8941269,movement,553,585,1709733895736
8941269,8941269,movement,554,590,1709733895747
8941269,8941269,movement,552,596,1709733895766
8941269,8941269,movement,551,598,1709733895780
8941269,8941269,movement,550,594,1709733896063
8941269,8941269,movement,550,590,1709733896072
8941269,8941269,movement,550,586,1709733896080
8941269,8941269,movement,551,578,1709733896102
8941269,8941269,movement,550,570,1709733896122
8941269,8941269,movement,550,569,1709733896131
8941269,8941269,movement,551,566,1709733896148
8941269,8941269,movement,551,562,1709733896165
8941269,8941269,movement,551,559,1709733896181
8941269,8941269,movement,553,557,1709733896196
8941269,8941269,movement,554,556,1709733896214
8941269,8941269,movement,556,556,1709733896230
8941269,8941269,movement,559,554,1709733896247
8941269,8941269,movement,566,550,1709733896267
8941269,8941269,movement,577,546,1709733896281
8941269,8941269,movement,590,545,1709733896297
8941269,8941269,movement,600,545,1709733896314
8941269,8941269,movement,606,549,1709733896332
8941269,8941269,movement,618,558,1709733896354
8941269,8941269,movement,630,574,1709733896369
8941269,8941269,movement,638,593,1709733896386
8941269,8941269,movement,643,622,1709733896401
8941269,8941269,movement,643,640,1709733896419
8941269,8941269,movement,642,660,1709733896437
8941269,8941269,movement,638,678,1709733896451
8941269,8941269,movement,637,690,1709733896462
8941269,8941269,movement,636,694,1709733896482
8941269,8941269,movement,635,694,1709733896496
8941269,8941269,movement,635,692,1709733896516
8941269,8941269,movement,638,681,1709733896534
8941269,8941269,movement,645,660,1709733896552
8941269,8941269,movement,666,625,1709733896565
8941269,8941269,movement,678,606,1709733896590
8941269,8941269,movement,683,590,1709733896607
8941269,8941269,movement,683,586,1709733896612
8941269,8941269,movement,682,582,1709733896635
8941269,8941269,movement,675,579,1709733896646
8941269,8941269,movement,658,580,1709733896662
8941269,8941269,movement,634,587,1709733896684
8941269,8941269,movement,611,596,1709733896700
8941269,8941269,movement,600,601,1709733896715
8941269,8941269,movement,598,603,1709733896733
8941269,8941269,movement,599,605,1709733896748
8941269,8941269,movement,610,606,1709733896768
8941269,8941269,movement,646,606,1709733896780
8941269,8941269,movement,671,605,1709733896805
8941269,8941269,movement,688,603,1709733896827
8941269,8941269,movement,691,603,1709733896837
8941269,8941269,movement,691,604,1709733896890
8941269,8941269,movement,692,614,1709733896912
8941269,8941269,movement,694,620,1709733896930
8941269,8941269,movement,694,622,1709733896941
8941269,8941269,movement,695,623,1709733896957
8941269,8941269,movement,695,625,1709733896962
8941269,8941269,movement,696,626,1709733896979
8941269,8941269,movement,698,630,1709733896998
8941269,8941269,movement,699,633,1709733897020
8941269,8941269,movement,701,637,1709733897029
8941269,8941269,movement,704,644,1709733897046
8941269,8941269,movement,705,646,1709733897066
8941269,8941269,movement,706,647,1709733897082
8941269,8941269,movement,706,648,1709733897103
8941269,8941269,movement,710,650,1709733897119
8941269,8941269,movement,713,652,1709733897129
8941269,8941269,movement,714,652,1709733897156
8941269,8941269,movement,717,653,1709733897172
8941269,8941269,movement,718,653,1709733897180
8941269,8941269,movement,719,654,1709733897197
8941269,8941269,movement,720,654,1709733897213
8941269,8941269,movement,721,654,1709733897251
8941269,8941269,movement,722,654,1709733897287
8941269,8941269,movement,722,653,1709733897465
8941269,8941269,movement,721,653,1709733897486
8941269,8941269,movement,720,653,1709733897513
8941269,8941269,movement,720,652,1709733897533
8941269,8941269,movement,719,651,1709733897591
8941269,8941269,movement,718,650,1709733897612
8941269,8941269,movement,717,650,1709733897627
8941269,8941269,movement,717,650,1709733897634
8941269,8941269,movement,717,649,1709733897650
8941269,8941269,movement,717,648,1709733897673
8941269,8941269,movement,717,647,1709733897689
8941269,8941269,movement,717,646,1709733897704
8941269,8941269,movement,717,646,1709733897728
8941269,8941269,mousedown,717,646,1709733897789
8941269,8941269,mouseup,717,646,1709733897878
8941269,8941269,movement,718,645,1709733898151
8941269,8941269,movement,718,645,1709733898201
8941269,8941269,movement,718,641,1709733898308
8941269,8941269,singleclick,718,641,1709733897893
8941269,8941269,movement,682,576,1709733898365
8941269,8941269,movement,650,538,1709733898379
8941269,8941269,movement,597,494,1709733898397
8941269,8941269,movement,527,451,1709733898420
8941269,8941269,movement,450,410,1709733898430
8941269,8941269,movement,313,342,1709733898447
8941269,8941269,movement,268,318,1709733898461
8941269,8941269,movement,226,293,1709733898465
8941269,8941269,movement,140,244,1709733898482
8941269,8941269,movement,65,197,1709733898500
8941269,8941269,movement,18,171,1709733898514
8941269,8941269,movement,6,166,1709733898532
8941269,8941269,movement,3,159,1709733898545
8941269,8941269,movement,5,152,1709733898564
8941269,8941269,movement,7,149,1709733898578
8941269,8941269,movement,10,147,1709733898599
8941269,8941269,movement,21,147,1709733898624
8941269,8941269,movement,28,147,1709733898643
8941269,8941269,movement,35,147,1709733898666
8941269,8941269,movement,39,147,1709733898686
8941269,8941269,movement,45,143,1709733898711
8941269,8941269,movement,50,140,1709733898730
8941269,8941269,movement,58,137,1709733898744
8941269,8941269,movement,73,134,1709733898763
8941269,8941269,movement,86,133,1709733898778
8941269,8941269,movement,106,134,1709733898794
8941269,8941269,movement,117,135,1709733898813
8941269,8941269,movement,126,138,1709733898828
8941269,8941269,movement,136,142,1709733898846
8941269,8941269,movement,144,146,1709733898860
8941269,8941269,movement,161,153,1709733898879
8941269,8941269,movement,178,159,1709733898896
8941269,8941269,movement,193,164,1709733898910
8941269,8941269,movement,204,168,1709733898941
8941269,8941269,movement,205,168,1709733898959
8941269,8941269,movement,206,168,1709733898982
8941269,8941269,movement,210,168,1709733899017
8941269,8941269,movement,216,164,1709733899053
8941269,8941269,movement,232,153,1709733899106
8941269,8941269,movement,236,150,1709733899128
8941269,8941269,movement,237,150,1709733899143
8941269,8941269,movement,238,150,1709733899161
8941269,8941269,movement,242,151,1709733899211
8941269,8941269,movement,246,154,1709733899228
8941269,8941269,movement,251,157,1709733899248
8941269,8941269,movement,254,158,1709733899259
8941269,8941269,movement,257,161,1709733899279
8941269,8941269,movement,259,162,1709733899294
8941269,8941269,movement,262,163,1709733899318
8941269,8941269,movement,265,166,1709733899329
8941269,8941269,movement,266,166,1709733899347
8941269,8941269,movement,270,169,1709733899362
8941269,8941269,movement,271,170,1709733899378
8941269,8941269,movement,273,171,1709733899402
8941269,8941269,mousedown,273,171,1709733899472
8941269,8941269,mouseup,273,171,1709733899554
8941269,8941269,movement,274,172,1709733899674
8941269,8941269,movement,275,174,1709733899695
8941269,8941269,movement,295,190,1709733899748
8941269,8941269,movement,355,222,1709733899821
8941269,8941269,movement,366,227,1709733899833
8941269,8941269,movement,389,238,1709733899846
8941269,8941269,movement,407,246,1709733899862
8941269,8941269,movement,424,254,1709733899877
8941269,8941269,movement,438,258,1709733899892
8941269,8941269,movement,446,263,1709733899909
8941269,8941269,movement,450,265,1709733899928
8941269,8941269,movement,451,266,1709733899943
8941269,8941269,movement,453,266,1709733899960
8941269,8941269,singleclick,453,266,1709733899556
8941269,8941269,movement,454,266,1709733899976
8941269,8941269,movement,458,266,1709733899992
8941269,8941269,movement,465,266,1709733900010
8941269,8941269,movement,468,266,1709733900027
8941269,8941269,movement,469,266,1709733900043
8941269,8941269,movement,470,267,1709733900236
8941269,8941269,movement,474,269,1709733900243
8941269,8941269,movement,482,274,1709733900260
8941269,8941269,movement,489,278,1709733900277
8941269,8941269,movement,490,278,1709733900294
8941269,8941269,movement,492,275,1709733900310
8941269,8941269,movement,495,272,1709733900326
8941269,8941269,movement,501,271,1709733900343
8941269,8941269,movement,504,274,1709733900360
8941269,8941269,movement,504,279,1709733900375
8941269,8941269,movement,498,288,1709733900392
8941269,8941269,movement,487,301,1709733900409
8941269,8941269,movement,485,304,1709733900426
8941269,8941269,movement,484,303,1709733900636
8941269,8941269,movement,484,299,1709733900643
8941269,8941269,movement,486,296,1709733900651
8941269,8941269,movement,487,293,1709733900659
8941269,8941269,movement,489,290,1709733900675
8941269,8941269,movement,491,286,1709733900692
8941269,8941269,movement,492,285,1709733900709
8941269,8941269,movement,493,282,1709733900726
8941269,8941269,movement,493,281,1709733900742
8941269,8941269,movement,494,280,1709733900759
8941269,8941269,movement,499,278,1709733900776
8941269,8941269,movement,509,278,1709733900793
8941269,8941269,movement,541,277,1709733900810
8941269,8941269,movement,567,277,1709733900826
8941269,8941269,movement,594,285,1709733900843
8941269,8941269,movement,621,295,1709733900862
8941269,8941269,movement,642,307,1709733900880
8941269,8941269,movement,659,319,1709733900898
8941269,8941269,movement,666,324,1709733900902
8941269,8941269,movement,679,337,1709733900913
8941269,8941269,movement,695,355,1709733900938
8941269,8941269,movement,712,371,1709733900958
8941269,8941269,movement,717,377,1709733900969
8941269,8941269,movement,720,380,1709733900975
8941269,8941269,movement,728,389,1709733900997
8941269,8941269,movement,736,402,1709733901012
8941269,8941269,movement,742,414,1709733901029
8941269,8941269,movement,744,420,1709733901043
8941269,8941269,movement,748,437,1709733901068
8941269,8941269,movement,748,449,1709733901082
8941269,8941269,movement,749,454,1709733901100
8941269,8941269,movement,749,461,1709733901109
8941269,8941269,movement,749,466,1709733901134
8941269,8941269,movement,748,472,1709733901147
8941269,8941269,movement,747,474,1709733901163
8941269,8941269,movement,746,479,1709733901177
8941269,8941269,movement,746,483,1709733901192
8941269,8941269,movement,746,488,1709733901209
8941269,8941269,movement,743,492,1709733901229
8941269,8941269,movement,741,497,1709733901245
8941269,8941269,movement,738,502,1709733901259
8941269,8941269,movement,735,505,1709733901281
8941269,8941269,movement,733,507,1709733901296
8941269,8941269,movement,733,508,1709733901362
8941269,8941269,movement,733,509,1709733901377
8941269,8941269,movement,733,510,1709733901392
8941269,8941269,movement,732,511,1709733901409
8941269,8941269,movement,732,514,1709733901429
8941269,8941269,movement,732,516,1709733901446
8941269,8941269,movement,732,518,1709733901458
8941269,8941269,movement,732,518,1709733901475
8941269,8941269,movement,732,519,1709733901495
8941269,8941269,movement,732,520,1709733901547
8941269,8941269,movement,734,521,1709733901807
8941269,8941269,movement,736,521,1709733901812
8941269,8941269,movement,738,521,1709733901827
8941269,8941269,movement,743,522,1709733901843
8941269,8941269,movement,748,523,1709733901859
8941269,8941269,movement,754,525,1709733901875
8941269,8941269,movement,765,526,1709733901892
8941269,8941269,movement,772,526,1709733901909
8941269,8941269,movement,778,526,1709733901925
8941269,8941269,movement,784,526,1709733901942
8941269,8941269,movement,790,525,1709733901958
8941269,8941269,movement,798,524,1709733901974
8941269,8941269,movement,801,524,1709733901993
8941269,8941269,movement,804,524,1709733902008
8941269,8941269,movement,805,524,1709733902024
8941269,8941269,movement,807,524,1709733902044
8941269,8941269,movement,810,526,1709733902060
8941269,8941269,movement,811,527,1709733902077
8941269,8941269,movement,812,528,1709733902091
8941269,8941269,movement,813,529,1709733902108
8941269,8941269,movement,813,530,1709733902178
8941269,8941269,movement,813,530,1709733902193
8941269,8941269,movement,813,531,1709733902209
8941269,8941269,movement,813,532,1709733902219
8941269,8941269,movement,813,533,1709733902234
8941269,8941269,movement,813,534,1709733902246
8941269,8941269,movement,813,535,1709733902258
8941269,8941269,movement,813,536,1709733902340
8941269,8941269,movement,813,537,1709733902403
8941269,8941269,movement,813,538,1709733902427
8941269,8941269,movement,813,538,1709733902436
8941269,8941269,movement,813,539,1709733902442
8941269,8941269,movement,812,542,1709733902458
8941269,8941269,movement,811,542,1709733902474
8941269,8941269,movement,811,543,1709733902610
8941269,8941269,movement,811,544,1709733902655
8941269,8941269,movement,810,545,1709733902683
8941269,8941269,movement,810,546,1709733902716
8941269,8941269,movement,810,546,1709733902731
8941269,8941269,movement,810,546,1709733902820
8941269,8941269,movement,809,548,1709733902824
8941269,8941269,movement,808,550,1709733902840
8941269,8941269,movement,806,551,1709733902857
8941269,8941269,movement,806,553,1709733902873
8941269,8941269,mousedown,806,553,1709733903036
8941269,8941269,mouseup,806,553,1709733903138
8941269,8941269,movement,808,553,1709733903522
8941269,8941269,movement,809,553,1709733903524
8941269,8941269,movement,810,553,1709733903539
8941269,8941269,singleclick,810,553,1709733903147
8941269,8941269,movement,810,552,1709733903556
8941269,8941269,movement,811,552,1709733903575
8941269,8941269,movement,812,552,1709733903590
8941269,8941269,movement,813,551,1709733903607
8941269,8941269,movement,814,550,1709733903623
8941269,8941269,movement,816,550,1709733903640
8941269,8941269,movement,821,546,1709733903656
8941269,8941269,movement,825,545,1709733903673
8941269,8941269,movement,828,542,1709733903690
8941269,8941269,movement,836,537,1709733903710
8941269,8941269,movement,842,533,1709733903723
8941269,8941269,movement,850,527,1709733903751
8941269,8941269,movement,854,525,1709733903755
8941269,8941269,movement,861,519,1709733903772
8941269,8941269,movement,870,515,1709733903789
8941269,8941269,movement,879,510,1709733903810
8941269,8941269,movement,891,503,1709733903822
8941269,8941269,movement,904,498,1709733903843
8941269,8941269,movement,921,491,1709733903857
8941269,8941269,movement,950,482,1709733903872
8941269,8941269,movement,970,475,1709733903889
8941269,8941269,movement,990,466,1709733903906
8941269,8941269,movement,1014,456,1709733903925
8941269,8941269,movement,1036,445,1709733903940
8941269,8941269,movement,1079,418,1709733903972
8941269,8941269,movement,1118,398,1709733903990
8941269,8941269,movement,1145,385,1709733904006
8941269,8941269,movement,1178,367,1709733904023
8941269,8941269,movement,1208,354,1709733904040
8941269,8941269,movement,1237,344,1709733904057
8941269,8941269,movement,1258,336,1709733904074
8941269,8941269,movement,1274,331,1709733904092
8941269,8941269,movement,1286,326,1709733904106
8941269,8941269,movement,1294,323,1709733904122
8941269,8941269,movement,1312,314,1709733904139
8941269,8941269,movement,1331,308,1709733904160
8941269,8941269,movement,1348,303,1709733904173
8941269,8941269,movement,1361,298,1709733904191
8941269,8941269,movement,1373,295,1709733904206
8941269,8941269,movement,1394,290,1709733904232
8941269,8941269,movement,1418,288,1709733904258
8941269,8941269,movement,1424,287,1709733904279
8941269,8941269,movement,1426,287,1709733904292
8941269,8941269,movement,1429,288,1709733904305
8941269,8941269,movement,1433,288,1709733904322
8941269,8941269,movement,1435,289,1709733904339
8941269,8941269,movement,1438,289,1709733904356
8941269,8941269,movement,1438,290,1709733904394
8941269,8941269,movement,1438,290,1709733904402
8941269,8941269,movement,1439,292,1709733904412
8941269,8941269,movement,1439,293,1709733904426
8941269,8941269,movement,1441,296,1709733904439
8941269,8941269,movement,1442,298,1709733904455
8941269,8941269,movement,1443,302,1709733904473
8941269,8941269,movement,1446,309,1709733904489
8941269,8941269,movement,1449,314,1709733904506
8941269,8941269,movement,1450,318,1709733904522
8941269,8941269,movement,1451,324,1709733904539
8941269,8941269,movement,1453,329,1709733904555
8941269,8941269,movement,1455,334,1709733904576
8941269,8941269,movement,1458,338,1709733904589
8941269,8941269,movement,1458,339,1709733904604
8941269,8941269,movement,1459,341,1709733904621
8941269,8941269,movement,1459,342,1709733904638
8941269,8941269,movement,1460,344,1709733904658
8941269,8941269,movement,1460,346,1709733904673
8941269,8941269,movement,1460,348,1709733904690
8941269,8941269,movement,1462,353,1709733904706
8941269,8941269,movement,1462,355,1709733904723
8941269,8941269,movement,1463,356,1709733904740
8941269,8941269,movement,1465,357,1709733904756
8941269,8941269,movement,1466,357,1709733904774
8941269,8941269,movement,1470,358,1709733904790
8941269,8941269,movement,1472,358,1709733904806
8941269,8941269,movement,1476,358,1709733904828
8941269,8941269,movement,1480,358,1709733904838
8941269,8941269,movement,1482,358,1709733904856
8941269,8941269,movement,1486,358,1709733904873
8941269,8941269,movement,1486,358,1709733904892
8941269,8941269,movement,1487,358,1709733904906
8941269,8941269,movement,1488,358,1709733904973
8941269,8941269,movement,1489,358,1709733904990
8941269,8941269,movement,1489,358,1709733905008
8941269,8941269,movement,1490,358,1709733905023
8941269,8941269,movement,1491,358,1709733905038
8941269,8941269,movement,1492,358,1709733905073
8941269,8941269,movement,1493,358,1709733905089
8941269,8941269,mousedown,1493,358,1709733905210
8941269,8941269,mouseup,1493,358,1709733905266
8941269,8941269,movement,1493,359,1709733905399
8941269,8941269,movement,1493,360,1709733905463
8941269,8941269,movement,1493,362,1709733905476
8941269,8941269,movement,1493,363,1709733905490
8941269,8941269,movement,1493,365,1709733905507
8941269,8941269,movement,1492,367,1709733905522
8941269,8941269,movement,1491,370,1709733905538
8941269,8941269,movement,1491,370,1709733905555
8941269,8941269,movement,1490,370,1709733905572
8941269,8941269,movement,1490,371,1709733905607
8941269,8941269,movement,1490,371,1709733905614
8941269,8941269,movement,1489,371,1709733905655
8941269,8941269,movement,1488,372,1709733905671
8941269,8941269,movement,1486,372,1709733905679
8941269,8941269,movement,1485,373,1709733905688
8941269,8941269,movement,1482,373,1709733905704
8941269,8941269,movement,1480,374,1709733905725
8941269,8941269,movement,1478,374,1709733905739
8941269,8941269,movement,1477,374,1709733905757
8941269,8941269,movement,1475,374,1709733905771
8941269,8941269,movement,1472,374,1709733905787
8941269,8941269,movement,1470,374,1709733905804
8941269,8941269,movement,1468,374,1709733905823
8941269,8941269,movement,1466,374,1709733905838
8941269,8941269,movement,1462,374,1709733905854
8941269,8941269,movement,1456,374,1709733905872
8941269,8941269,movement,1448,376,1709733905888
8941269,8941269,movement,1440,380,1709733905906
8941269,8941269,movement,1430,386,1709733905924
8941269,8941269,movement,1425,389,1709733905937
8941269,8941269,movement,1422,392,1709733905955
8941269,8941269,movement,1420,393,1709733905971
8941269,8941269,movement,1420,394,1709733905990
8941269,8941269,movement,1421,394,1709733906014
8941269,8941269,movement,1421,394,1709733906027
8941269,8941269,movement,1421,395,1709733906050
8941269,8941269,movement,1421,396,1709733906066
8941269,8941269,movement,1422,397,1709733906074
8941269,8941269,movement,1423,398,1709733906089
8941269,8941269,movement,1424,405,1709733906104
8941269,8941269,movement,1423,408,1709733906122
8941269,8941269,movement,1415,418,1709733906140
8941269,8941269,movement,1417,417,1709733906388
8941269,8941269,movement,1417,414,1709733906392
8941269,8941269,movement,1417,414,1709733906404
8941269,8941269,movement,1418,411,1709733906424
8941269,8941269,movement,1418,404,1709733906445
8941269,8941269,movement,1418,402,1709733906457
8941269,8941269,movement,1419,402,1709733906475
8941269,8941269,movement,1420,402,1709733906487
8941269,8941269,movement,1420,403,1709733906503
8941269,8941269,movement,1420,406,1709733906520
8941269,8941269,movement,1420,410,1709733906536
8941269,8941269,movement,1419,412,1709733906558
8941269,8941269,movement,1418,416,1709733906581
8941269,8941269,movement,1417,419,1709733906593
8941269,8941269,movement,1416,422,1709733906604
8941269,8941269,movement,1414,426,1709733906620
8941269,8941269,movement,1412,430,1709733906636
8941269,8941269,movement,1409,434,1709733906652
8941269,8941269,movement,1406,438,1709733906673
8941269,8941269,movement,1402,445,1709733906690
8941269,8941269,movement,1395,454,1709733906707
8941269,8941269,movement,1392,457,1709733906721
8941269,8941269,movement,1383,466,1709733906737
8941269,8941269,movement,1381,470,1709733906754
8941269,8941269,movement,1379,470,1709733906770
8941269,8941269,movement,1378,470,1709733906819
8941269,8941269,movement,1378,467,1709733906839
8941269,8941269,movement,1375,462,1709733906853
8941269,8941269,movement,1372,454,1709733906869
8941269,8941269,movement,1369,446,1709733906890
8941269,8941269,movement,1367,439,1709733906906
8941269,8941269,movement,1366,435,1709733906924
8941269,8941269,movement,1366,433,1709733906938
8941269,8941269,movement,1365,430,1709733906953
8941269,8941269,movement,1364,426,1709733906969
8941269,8941269,movement,1363,423,1709733906985
8941269,8941269,movement,1362,421,1709733907003
8941269,8941269,movement,1362,417,1709733907022
8941269,8941269,movement,1362,414,1709733907037
8941269,8941269,movement,1362,414,1709733907054
8941269,8941269,movement,1362,412,1709733907069
8941269,8941269,movement,1362,410,1709733907088
8941269,8941269,movement,1361,407,1709733907112
8941269,8941269,movement,1360,407,1709733907121
8941269,8941269,movement,1360,406,1709733907136
8941269,8941269,movement,1359,405,1709733907154
8941269,8941269,movement,1358,405,1709733907169
8941269,8941269,movement,1358,403,1709733907185
8941269,8941269,movement,1358,403,1709733907203
8941269,8941269,mousedown,1358,403,1709733907331
8941269,8941269,mouseup,1358,403,1709733907421
8941269,8941269,singleclick,1358,403,1709733907425
8941269,8941269,movement,1358,404,1709733907953
8941269,8941269,movement,1358,405,1709733907985
8941269,8941269,movement,1357,405,1709733908002
8941269,8941269,movement,1354,407,1709733908018
8941269,8941269,movement,1342,414,1709733908035
8941269,8941269,movement,1320,422,1709733908051
8941269,8941269,movement,1286,430,1709733908074
8941269,8941269,movement,1255,438,1709733908085
8941269,8941269,movement,1235,441,1709733908102
8941269,8941269,movement,1222,444,1709733908123
8941269,8941269,movement,1216,444,1709733908142
8941269,8941269,movement,1214,444,1709733908153
8941269,8941269,movement,1213,444,1709733908169
8941269,8941269,movement,1211,443,1709733908186
8941269,8941269,movement,1210,442,1709733908203
8941269,8941269,movement,1206,440,1709733908218
8941269,8941269,movement,1201,437,1709733908236
8941269,8941269,movement,1186,424,1709733908252
8941269,8941269,movement,1175,414,1709733908269
8941269,8941269,movement,1174,413,1709733908284
8941269,8941269,movement,1173,413,1709733908368
8941269,8941269,movement,1170,413,1709733908384
8941269,8941269,movement,1166,414,1709733908403
8941269,8941269,movement,1158,416,1709733908419
8941269,8941269,movement,1140,421,1709733908436
8941269,8941269,movement,1115,428,1709733908455
8941269,8941269,movement,1057,430,1709733908469
8941269,8941269,movement,975,431,1709733908486
8941269,8941269,movement,874,433,1709733908502
8941269,8941269,movement,744,439,1709733908519
8941269,8941269,movement,554,450,1709733908536
8941269,8941269,movement,515,447,1709733908552
8941269,8941269,movement,513,452,1709733908571
8941269,8941269,movement,512,455,1709733908587
8941269,8941269,movement,512,458,1709733908603
8941269,8941269,movement,512,458,1709733908620
8941269,8941269,movement,510,458,1709733908635
8941269,8941269,movement,509,458,1709733908654
8941269,8941269,movement,508,458,1709733908671
8941269,8941269,movement,504,458,1709733908696
8941269,8941269,movement,500,458,1709733908703
8941269,8941269,movement,494,458,1709733908718
8941269,8941269,movement,490,458,1709733908736
8941269,8941269,movement,486,458,1709733908752
8941269,8941269,movement,478,458,1709733908772
8941269,8941269,movement,467,456,1709733908785
8941269,8941269,movement,459,455,1709733908804
8941269,8941269,movement,449,453,1709733908821
8941269,8941269,movement,428,446,1709733908835
8941269,8941269,movement,411,443,1709733908855
8941269,8941269,movement,395,442,1709733908873
8941269,8941269,movement,390,440,1709733908884
8941269,8941269,movement,389,440,1709733908903
8941269,8941269,movement,390,440,1709733908936
8941269,8941269,movement,394,442,1709733908952
8941269,8941269,movement,409,447,1709733908973
8941269,8941269,movement,414,458,1709733908985
8941269,8941269,movement,426,474,1709733909006
8941269,8941269,movement,429,475,1709733909018
8941269,8941269,movement,437,462,1709733909281
8941269,8941269,movement,446,452,1709733909303
8941269,8941269,movement,448,446,1709733909316
8941269,8941269,movement,448,446,1709733909317
8941269,8941269,movement,449,445,1709733909350
8941269,8941269,movement,450,445,1709733909367
8941269,8941269,movement,452,446,1709733909384
8941269,8941269,movement,453,446,1709733909401
8941269,8941269,movement,453,445,1709733909451
8941269,8941269,movement,451,445,1709733909470
8941269,8941269,movement,450,445,1709733909501
8941269,8941269,movement,449,446,1709733909518
8941269,8941269,movement,447,446,1709733909535
8941269,8941269,movement,446,447,1709733909551
8941269,8941269,movement,442,450,1709733909578
8941269,8941269,movement,442,451,1709733909588
8941269,8941269,movement,438,452,1709733909600
8941269,8941269,movement,435,453,1709733909618
8941269,8941269,movement,432,454,1709733909635
8941269,8941269,movement,430,454,1709733909653
8941269,8941269,movement,428,454,1709733909669
8941269,8941269,movement,426,455,1709733909684
8941269,8941269,movement,425,456,1709733909700
8941269,8941269,movement,424,456,1709733909718
8941269,8941269,movement,423,457,1709733909734
8941269,8941269,movement,422,457,1709733909752
8941269,8941269,movement,421,458,1709733909768
8941269,8941269,movement,419,460,1709733909786
8941269,8941269,movement,416,462,1709733909803
8941269,8941269,movement,414,465,1709733909817
8941269,8941269,movement,412,466,1709733909834
8941269,8941269,movement,410,466,1709733909854
8941269,8941269,movement,410,467,1709733909869
8941269,8941269,movement,407,469,1709733909885
8941269,8941269,movement,402,474,1709733909900
8941269,8941269,movement,399,476,1709733909917
8941269,8941269,movement,395,479,1709733909938
8941269,8941269,movement,390,483,1709733909953
8941269,8941269,movement,386,487,1709733909967
8941269,8941269,movement,382,492,1709733909989
8941269,8941269,movement,374,498,1709733910005
8941269,8941269,movement,371,502,1709733910019
8941269,8941269,movement,369,503,1709733910034
8941269,8941269,movement,368,503,1709733910056
8941269,8941269,movement,365,504,1709733910092
8941269,8941269,movement,362,505,1709733910127
8941269,8941269,movement,362,505,1709733910136
8941269,8941269,movement,361,505,1709733910170
8941269,8941269,movement,359,505,1709733910206
8941269,8941269,movement,358,505,1709733910222
8941269,8941269,movement,357,504,1709733910241
8941269,8941269,movement,354,501,1709733910253
8941269,8941269,movement,351,498,1709733910268
8941269,8941269,movement,350,494,1709733910287
8941269,8941269,movement,350,494,1709733910307
8941269,8941269,movement,350,493,1709733910338
8941269,8941269,mousedown,350,493,1709733911876
8941269,8941269,mouseup,350,493,1709733911949
8941269,8941269,movement,349,493,1709733912069
8941269,8941269,singleclick,349,493,1709733911954
8941269,8941269,movement,348,493,1709733912375
8941269,8941269,movement,348,494,1709733912780
8941269,8941269,movement,348,494,1709733912890
8941269,8941269,movement,348,495,1709733912895
8941269,8941269,movement,348,496,1709733912904
8941269,8941269,movement,349,496,1709733912919
8941269,8941269,movement,349,497,1709733912938
8941269,8941269,movement,350,498,1709733912950
8941269,8941269,movement,350,501,1709733912965
8941269,8941269,movement,356,513,1709733912987
8941269,8941269,movement,359,527,1709733913009
8941269,8941269,movement,362,532,1709733913016
8941269,8941269,movement,363,542,1709733913035
8941269,8941269,movement,366,552,1709733913050
8941269,8941269,movement,370,564,1709733913068
8941269,8941269,movement,370,567,1709733913081
8941269,8941269,movement,371,570,1709733913096
8941269,8941269,movement,373,574,1709733913113
8941269,8941269,movement,374,575,1709733913132
8941269,8941269,movement,374,576,1709733913148
8941269,8941269,movement,374,577,1709733913164
8941269,8941269,movement,375,578,1709733913180
8941269,8941269,movement,375,579,1709733913197
8941269,8941269,movement,375,580,1709733913214
8941269,8941269,movement,375,582,1709733913231
8941269,8941269,movement,376,583,1709733913247
8941269,8941269,movement,377,584,1709733913271
8941269,8941269,movement,378,585,1709733913284
8941269,8941269,movement,378,586,1709733913298
8941269,8941269,movement,378,586,1709733913315
8941269,8941269,movement,379,586,1709733913332
8941269,8941269,movement,379,587,1709733913347
8941269,8941269,movement,380,587,1709733913364
8941269,8941269,movement,379,587,1709733913417
8941269,8941269,mousedown,379,587,1709733913630
8941269,8941269,mouseup,379,587,1709733913788
8941269,8941269,movement,378,587,1709733913797
8941269,8941269,movement,378,586,1709733913822
8941269,8941269,movement,366,560,1709733913870
8941269,8941269,movement,360,534,1709733913908
8941269,8941269,movement,360,531,1709733913947
8941269,8941269,movement,360,530,1709733914029
8941269,8941269,movement,360,530,1709733914046
8941269,8941269,movement,361,530,1709733914130
8941269,8941269,movement,362,529,1709733914165
8941269,8941269,movement,366,528,1709733914180
8941269,8941269,movement,370,526,1709733914196
8941269,8941269,singleclick,370,526,1709733913790
8941269,8941269,movement,373,524,1709733914214
8941269,8941269,movement,376,523,1709733914230
8941269,8941269,movement,379,522,1709733914252
8941269,8941269,movement,381,520,1709733914264
8941269,8941269,movement,386,520,1709733914281
8941269,8941269,movement,398,518,1709733914298
8941269,8941269,movement,415,518,1709733914314
8941269,8941269,movement,425,517,1709733914329
8941269,8941269,movement,430,516,1709733914346
8941269,8941269,movement,432,515,1709733914364
8941269,8941269,movement,433,515,1709733914380
8941269,8941269,movement,434,515,1709733914396
8941269,8941269,movement,436,515,1709733914413
8941269,8941269,movement,435,514,1709733914563
8941269,8941269,movement,435,514,1709733914579
8941269,8941269,movement,434,513,1709733914598
8941269,8941269,movement,433,511,1709733914615
8941269,8941269,movement,430,508,1709733914631
8941269,8941269,movement,426,506,1709733914648
8941269,8941269,movement,422,501,1709733914665
8941269,8941269,movement,419,497,1709733914679
8941269,8941269,movement,418,494,1709733914697
8941269,8941269,movement,416,492,1709733914713
8941269,8941269,movement,414,490,1709733914730
8941269,8941269,movement,411,488,1709733914746
8941269,8941269,movement,408,487,1709733914765
8941269,8941269,movement,405,486,1709733914780
8941269,8941269,movement,404,486,1709733914832
8941269,8941269,movement,403,485,1709733914847
8941269,8941269,movement,402,485,1709733914863
8941269,8941269,movement,402,484,1709733914930
8941269,8941269,movement,403,484,1709733914948
8941269,8941269,movement,404,483,1709733914963
8941269,8941269,movement,406,483,1709733914998
8941269,8941269,movement,407,483,1709733915014
8941269,8941269,movement,410,483,1709733915032
8941269,8941269,movement,410,483,1709733915049
8941269,8941269,movement,411,483,1709733915114
8941269,8941269,movement,413,483,1709733915129
8941269,8941269,movement,414,483,1709733915163
8941269,8941269,movement,414,484,1709733915196
8941269,8941269,movement,414,484,1709733915229
8941269,8941269,movement,413,486,1709733915297
8941269,8941269,movement,410,487,1709733915314
8941269,8941269,movement,409,487,1709733915331
8941269,8941269,movement,407,489,1709733915346
8941269,8941269,movement,406,490,1709733915363
8941269,8941269,movement,402,490,1709733915379
8941269,8941269,movement,398,490,1709733915399
8941269,8941269,movement,394,490,1709733915413
8941269,8941269,movement,390,490,1709733915429
8941269,8941269,movement,388,490,1709733915447
8941269,8941269,movement,384,489,1709733915467
8941269,8941269,movement,380,488,1709733915480
8941269,8941269,movement,374,486,1709733915497
8941269,8941269,movement,371,485,1709733915513
8941269,8941269,movement,367,485,1709733915531
8941269,8941269,movement,365,484,1709733915549
8941269,8941269,movement,362,482,1709733915566
8941269,8941269,movement,360,482,1709733915580
8941269,8941269,movement,359,482,1709733915631
8941269,8941269,mousedown,359,482,1709733915664
8941269,8941269,movement,358,482,1709733915666
8941269,8941269,mouseup,358,482,1709733915745
8941269,8941269,movement,358,482,1709733915829
8941269,8941269,movement,358,483,1709733915846
8941269,8941269,movement,358,485,1709733915863
8941269,8941269,movement,358,486,1709733915913
8941269,8941269,movement,358,488,1709733915929
8941269,8941269,movement,358,490,1709733915945
8941269,8941269,movement,359,491,1709733915961
8941269,8941269,movement,359,493,1709733915977
8941269,8941269,movement,361,495,1709733915995
8941269,8941269,movement,362,498,1709733916012
8941269,8941269,movement,362,499,1709733916029
8941269,8941269,movement,363,502,1709733916045
8941269,8941269,movement,363,502,1709733916079
8941269,8941269,movement,364,503,1709733916111
8941269,8941269,movement,365,506,1709733916142
8941269,8941269,movement,366,507,1709733916145
8941269,8941269,singleclick,366,507,1709733915748
8941269,8941269,movement,366,508,1709733916161
8941269,8941269,movement,367,509,1709733916211
8941269,8941269,movement,369,511,1709733916230
8941269,8941269,movement,369,514,1709733916263
8941269,8941269,movement,369,514,1709733916267
8941269,8941269,mousedown,369,514,1709733916303
8941269,8941269,mouseup,369,514,1709733916498
8941269,8941269,movement,370,514,1709733916601
8941269,8941269,movement,370,515,1709733916611
8941269,8941269,movement,370,516,1709733916648
8941269,8941269,movement,370,517,1709733916711
8941269,8941269,movement,371,517,1709733916726
8941269,8941269,movement,372,517,1709733916747
8941269,8941269,movement,374,518,1709733916764
8941269,8941269,movement,376,518,1709733916777
8941269,8941269,movement,378,518,1709733916794
8941269,8941269,movement,380,518,1709733916811
8941269,8941269,movement,384,518,1709733916844
8941269,8941269,movement,388,518,1709733916861
8941269,8941269,movement,393,518,1709733916878
8941269,8941269,movement,397,518,1709733916894
8941269,8941269,singleclick,397,518,1709733916500
8941269,8941269,movement,398,518,1709733916911
8941269,8941269,movement,399,518,1709733916961
8941269,8941269,movement,401,518,1709733916978
8941269,8941269,movement,402,518,1709733916995
8941269,8941269,movement,403,518,1709733917010
8941269,8941269,movement,404,518,1709733917027
8941269,8941269,movement,406,518,1709733917094
8941269,8941269,movement,400,515,1709733917111
8941269,8941269,movement,399,514,1709733917127
8941269,8941269,movement,384,502,1709733922699
8941269,8941269,movement,363,493,1709733922710
8941269,8941269,movement,352,488,1709733922724
8941269,8941269,movement,341,486,1709733922743
8941269,8941269,movement,330,487,1709733922761
8941269,8941269,movement,324,490,1709733922780
8941269,8941269,movement,323,492,1709733922794
8941269,8941269,movement,321,497,1709733922807
8941269,8941269,movement,310,506,1709733922826
8941269,8941269,movement,296,520,1709733922842
8941269,8941269,movement,283,538,1709733922860
8941269,8941269,movement,274,577,1709733922877
8941269,8941269,movement,280,601,1709733922893
8941269,8941269,movement,291,620,1709733922909
8941269,8941269,movement,300,632,1709733922924
8941269,8941269,movement,307,638,1709733922945
8941269,8941269,movement,310,642,1709733922956
8941269,8941269,movement,316,645,1709733922972
8941269,8941269,movement,322,648,1709733922993
8941269,8941269,movement,329,652,1709733923005
8941269,8941269,movement,332,654,1709733923024
8941269,8941269,movement,336,656,1709733923041
8941269,8941269,movement,342,659,1709733923058
8941269,8941269,movement,346,663,1709733923073
8941269,8941269,movement,350,666,1709733923088
8941269,8941269,movement,351,668,1709733923105
8941269,8941269,movement,352,668,1709733923122
8941269,8941269,movement,352,669,1709733923205
8941269,8941269,movement,354,670,1709733923220
8941269,8941269,movement,354,670,1709733923239
8941269,8941269,movement,354,670,1709733923255
8941269,8941269,mousedown,354,670,1709733923332
8941269,8941269,mouseup,354,670,1709733923392
8941269,8941269,movement,355,671,1709733923766
8941269,8941269,movement,358,672,1709733923777
8941269,8941269,movement,361,670,1709733923825
8941269,8941269,movement,359,668,1709733923850
8941269,8941269,singleclick,359,668,1709733923460
8941269,8941269,movement,359,666,1709733923878
8941269,8941269,movement,359,666,1709733923893
8941269,8941269,movement,360,663,1709733923905
8941269,8941269,movement,362,657,1709733923921
8941269,8941269,movement,366,644,1709733923943
8941269,8941269,movement,369,630,1709733923959
8941269,8941269,movement,374,617,1709733923972
8941269,8941269,movement,390,593,1709733923999
8941269,8941269,movement,406,580,1709733924024
8941269,8941269,movement,422,569,1709733924037
8941269,8941269,movement,446,551,1709733924057
8941269,8941269,movement,457,542,1709733924071
8941269,8941269,movement,468,534,1709733924088
8941269,8941269,movement,477,522,1709733924106
8941269,8941269,movement,486,510,1709733924124
8941269,8941269,movement,489,502,1709733924140
8941269,8941269,movement,490,491,1709733924154
8941269,8941269,movement,490,470,1709733924175
8941269,8941269,movement,490,443,1709733924190
8941269,8941269,movement,486,406,1709733924207
8941269,8941269,movement,474,370,1709733924224
8941269,8941269,movement,462,342,1709733924241
8941269,8941269,movement,442,309,1709733924257
8941269,8941269,movement,426,289,1709733924276
8941269,8941269,movement,410,271,1709733924291
8941269,8941269,movement,383,249,1709733924319
8941269,8941269,movement,367,242,1709733924340
8941269,8941269,movement,356,239,1709733924377
8941269,8941269,movement,350,241,1709733924428
8941269,8941269,movement,342,242,1709733924456
8941269,8941269,movement,334,242,1709733924470
8941269,8941269,movement,327,238,1709733924491
8941269,8941269,movement,322,234,1709733924510
8941269,8941269,movement,319,230,1709733924519
8941269,8941269,movement,317,223,1709733924536
8941269,8941269,movement,313,215,1709733924554
8941269,8941269,movement,309,210,1709733924571
8941269,8941269,movement,306,205,1709733924588
8941269,8941269,movement,302,201,1709733924604
8941269,8941269,movement,301,197,1709733924626
8941269,8941269,movement,298,192,1709733924658
8941269,8941269,movement,295,184,1709733924683
8941269,8941269,movement,293,181,1709733924751
8941269,8941269,movement,291,179,1709733924841
8941269,8941269,mousedown,291,179,1709733924867
8941269,8941269,mouseup,291,179,1709733924944
8941269,8941269,movement,322,92,1709733925145
8941269,8941269,singleclick,322,92,1709733924946
8941269,8941269,movement,574,98,1709733928718
8941269,8941269,movement,576,133,1709733928727
8941269,8941269,movement,578,158,1709733928736
8941269,8941269,movement,579,210,1709733928751
8941269,8941269,movement,579,286,1709733928771
8941269,8941269,movement,579,336,1709733928797
8941269,8941269,movement,579,427,1709733928835
8941269,8941269,movement,579,449,1709733928859
8941269,8941269,movement,578,454,1709733928870
8941269,8941269,movement,578,458,1709733928882
8941269,8941269,movement,578,459,1709733928904
8941269,8941269,movement,578,459,1709733928918
8941269,8941269,movement,580,460,1709733928933
8941269,8941269,movement,580,461,1709733928949
8941269,8941269,movement,581,462,1709733928966
8941269,8941269,movement,582,462,1709733928984
8941269,8941269,movement,581,461,1709733929036
8941269,8941269,movement,581,460,1709733929071
8941269,8941269,movement,581,459,1709733929088
8941269,8941269,movement,580,458,1709733929109
8941269,8941269,movement,580,457,1709733929138
8941269,8941269,movement,581,457,1709733929345
8941269,8941269,movement,581,458,1709733929359
8941269,8941269,movement,582,458,1709733929365
8941269,8941269,movement,582,458,1709733929398
8941269,8941269,movement,583,458,1709733929404
8941269,8941269,movement,584,458,1709733929415
8941269,8941269,movement,586,459,1709733929434
8941269,8941269,movement,589,460,1709733929451
8941269,8941269,movement,598,469,1709733929473
8941269,8941269,movement,614,487,1709733929496
8941269,8941269,movement,617,494,1709733929506
8941269,8941269,movement,623,511,1709733929521
8941269,8941269,movement,630,528,1709733929538
8941269,8941269,movement,630,530,1709733929549
8941269,8941269,movement,631,529,1709733929805
8941269,8941269,movement,635,519,1709733929819
8941269,8941269,movement,638,512,1709733929836
8941269,8941269,movement,642,507,1709733929848
8941269,8941269,movement,642,506,1709733929866
8941269,8941269,movement,644,506,1709733929886
8941269,8941269,movement,647,506,1709733929902
8941269,8941269,movement,650,506,1709733929926
8941269,8941269,movement,650,506,1709733929946
8941269,8941269,movement,651,506,1709733929955
8941269,8941269,movement,652,506,1709733929991
8941269,8941269,movement,654,505,1709733930013
8941269,8941269,movement,656,504,1709733930037
8941269,8941269,movement,657,504,1709733930050
8941269,8941269,movement,658,503,1709733930073
8941269,8941269,movement,658,503,1709733930102
8941269,8941269,movement,659,503,1709733930137
8941269,8941269,movement,660,503,1709733930181
8941269,8941269,movement,661,503,1709733930283
8941269,8941269,movement,662,503,1709733930314
8941269,8941269,movement,662,503,1709733930353
8941269,8941269,movement,663,503,1709733930383
8941269,8941269,movement,664,504,1709733930399
8941269,8941269,movement,665,504,1709733930406
8941269,8941269,movement,665,505,1709733930414
8941269,8941269,movement,666,505,1709733930446
8941269,8941269,movement,666,506,1709733930453
8941269,8941269,movement,666,506,1709733930469
8941269,8941269,movement,667,507,1709733930483
8941269,8941269,movement,669,509,1709733930499
8941269,8941269,movement,670,510,1709733930515
8941269,8941269,movement,671,512,1709733930532
8941269,8941269,movement,672,513,1709733930548
8941269,8941269,movement,674,514,1709733930570
8941269,8941269,movement,674,515,1709733930593
8941269,8941269,movement,675,516,1709733930600
8941269,8941269,movement,675,517,1709733930618
8941269,8941269,movement,676,518,1709733930633
8941269,8941269,movement,677,518,1709733930648
8941269,8941269,movement,677,519,1709733930696
8941269,8941269,movement,678,519,1709733930702
8941269,8941269,movement,678,520,1709733930719
8941269,8941269,movement,678,520,1709733930750
8941269,8941269,mousedown,678,520,1709733930881
8941269,8941269,mouseup,678,520,1709733930964
8941269,8941269,movement,679,521,1709733931119
8941269,8941269,movement,679,522,1709733931167
8941269,8941269,movement,682,524,1709733931207
8941269,8941269,movement,686,526,1709733931249
8941269,8941269,movement,692,527,1709733931296
8941269,8941269,movement,695,527,1709733931313
8941269,8941269,movement,699,527,1709733931331
8941269,8941269,movement,707,527,1709733931347
8941269,8941269,movement,719,527,1709733931364
8941269,8941269,movement,732,526,1709733931380
8941269,8941269,singleclick,732,526,1709733930980
8941269,8941269,movement,751,518,1709733931397
8941269,8941269,movement,762,511,1709733931416
8941269,8941269,movement,774,504,1709733931432
8941269,8941269,movement,782,499,1709733931450
8941269,8941269,movement,786,496,1709733931466
8941269,8941269,movement,790,493,1709733931480
8941269,8941269,movement,790,490,1709733931497
8941269,8941269,movement,793,486,1709733931514
8941269,8941269,movement,795,482,1709733931531
8941269,8941269,movement,802,472,1709733931551
8941269,8941269,movement,805,466,1709733931571
8941269,8941269,movement,806,462,1709733931596
8941269,8941269,movement,806,462,1709733931604
8941269,8941269,movement,806,461,1709733931628
8941269,8941269,movement,806,460,1709733931642
8941269,8941269,movement,805,459,1709733931664
8941269,8941269,movement,804,459,1709733931666
8941269,8941269,movement,804,458,1709733931680
8941269,8941269,movement,802,458,1709733931697
8941269,8941269,movement,802,458,1709733931713
8941269,8941269,movement,803,458,1709733931751
8941269,8941269,movement,805,458,1709733931759
8941269,8941269,movement,812,461,1709733931793
8941269,8941269,movement,810,466,1709733931798
8941269,8941269,movement,806,474,1709733931805
8941269,8941269,movement,802,485,1709733931813
8941269,8941269,movement,794,500,1709733931831
8941269,8941269,movement,793,499,1709733932054
8941269,8941269,movement,791,497,1709733932056
8941269,8941269,movement,790,492,1709733932070
8941269,8941269,movement,789,490,1709733932079
8941269,8941269,movement,786,489,1709733932096
8941269,8941269,movement,784,488,1709733932113
8941269,8941269,movement,783,486,1709733932130
8941269,8941269,movement,783,484,1709733932148
8941269,8941269,movement,783,482,1709733932164
8941269,8941269,movement,785,478,1709733932180
8941269,8941269,movement,786,474,1709733932196
8941269,8941269,movement,787,471,1709733932213
8941269,8941269,movement,787,467,1709733932230
8941269,8941269,movement,790,466,1709733932246
8941269,8941269,movement,791,464,1709733932265
8941269,8941269,movement,794,464,1709733932280
8941269,8941269,movement,799,462,1709733932296
8941269,8941269,movement,807,462,1709733932312
8941269,8941269,movement,814,462,1709733932332
8941269,8941269,movement,819,462,1709733932346
8941269,8941269,movement,831,462,1709733932363
8941269,8941269,movement,850,462,1709733932382
8941269,8941269,movement,874,465,1709733932397
8941269,8941269,movement,917,468,1709733932413
8941269,8941269,movement,948,470,1709733932429
8941269,8941269,movement,979,469,1709733932446
8941269,8941269,movement,1006,466,1709733932462
8941269,8941269,movement,1029,465,1709733932480
8941269,8941269,movement,1049,462,1709733932498
8941269,8941269,movement,1060,461,1709733932516
8941269,8941269,movement,1066,459,1709733932530
8941269,8941269,movement,1068,458,1709733932546
8941269,8941269,movement,1069,458,1709733932568
8941269,8941269,movement,1069,458,1709733932741
8941269,8941269,movement,1066,457,1709733932754
8941269,8941269,movement,1062,455,1709733932763
8941269,8941269,movement,1059,452,1709733932770
8941269,8941269,movement,1053,450,1709733932778
8941269,8941269,movement,1042,443,1709733932798
8941269,8941269,movement,1028,436,1709733932813
8941269,8941269,movement,1014,426,1709733932829
8941269,8941269,movement,996,414,1709733932848
8941269,8941269,movement,982,403,1709733932865
8941269,8941269,movement,968,394,1709733932885
8941269,8941269,movement,955,386,1709733932896
8941269,8941269,movement,950,382,1709733932912
8941269,8941269,movement,945,379,1709733932929
8941269,8941269,movement,942,376,1709733932946
8941269,8941269,movement,938,373,1709733932965
8941269,8941269,movement,934,370,1709733932980
8941269,8941269,movement,930,366,1709733932996
8941269,8941269,movement,924,363,1709733933012
8941269,8941269,movement,913,358,1709733933029
8941269,8941269,movement,902,354,1709733933047
8941269,8941269,movement,891,350,1709733933062
8941269,8941269,movement,882,345,1709733933079
8941269,8941269,movement,872,341,1709733933103
8941269,8941269,movement,866,338,1709733933121
8941269,8941269,movement,863,337,1709733933138
8941269,8941269,movement,862,336,1709733933144
8941269,8941269,movement,861,335,1709733933162
8941269,8941269,movement,860,335,1709733933178
8941269,8941269,movement,859,334,1709733933198
8941269,8941269,movement,857,333,1709733933213
8941269,8941269,movement,854,330,1709733933228
8941269,8941269,movement,846,326,1709733933246
8941269,8941269,movement,840,322,1709733933262
8941269,8941269,movement,832,318,1709733933278
8941269,8941269,movement,824,314,1709733933297
8941269,8941269,movement,817,312,1709733933315
8941269,8941269,movement,812,310,1709733933330
8941269,8941269,movement,805,308,1709733933346
8941269,8941269,movement,799,305,1709733933362
8941269,8941269,movement,795,302,1709733933379
8941269,8941269,movement,791,300,1709733933400
8941269,8941269,movement,790,299,1709733933418
8941269,8941269,movement,790,299,1709733933440
8941269,8941269,movement,789,299,1709733933479
8941269,8941269,movement,789,298,1709733933509
8941269,8941269,movement,788,298,1709733933573
8941269,8941269,movement,787,297,1709733933598
8941269,8941269,movement,786,296,1709733933603
8941269,8941269,movement,786,295,1709733933611
8941269,8941269,movement,786,294,1709733933635
8941269,8941269,movement,786,294,1709733933651
8941269,8941269,movement,786,294,1709733933666
8941269,8941269,movement,785,294,1709733933691
8941269,8941269,movement,785,293,1709733933705
8941269,8941269,movement,785,292,1709733933713
8941269,8941269,movement,782,291,1709733933732
8941269,8941269,movement,781,291,1709733933744
8941269,8941269,movement,778,290,1709733933761
8941269,8941269,movement,775,290,1709733933778
8941269,8941269,movement,771,289,1709733933796
8941269,8941269,movement,767,289,1709733933812
8941269,8941269,movement,762,288,1709733933828
8941269,8941269,movement,755,288,1709733933844
8941269,8941269,movement,746,286,1709733933862
8941269,8941269,movement,742,286,1709733933878
8941269,8941269,movement,738,286,1709733933894
8941269,8941269,movement,738,286,1709733933912
8941269,8941269,movement,737,286,1709733933930
8941269,8941269,movement,734,286,1709733933945
8941269,8941269,movement,734,286,1709733933961
8941269,8941269,movement,733,286,1709733933978
8941269,8941269,movement,731,286,1709733933995
8941269,8941269,movement,730,286,1709733934012
8941269,8941269,movement,730,286,1709733934029
8941269,8941269,movement,729,286,1709733934045
8941269,8941269,movement,728,286,1709733934081
8941269,8941269,movement,727,286,1709733934100
8941269,8941269,movement,727,286,1709733934116
8941269,8941269,movement,727,287,1709733934124
8941269,8941269,movement,726,287,1709733934132
8941269,8941269,movement,726,288,1709733934146
8941269,8941269,movement,726,290,1709733934162
8941269,8941269,movement,726,291,1709733934178
8941269,8941269,movement,726,292,1709733934195
8941269,8941269,movement,727,294,1709733934211
8941269,8941269,movement,728,294,1709733934227
8941269,8941269,movement,728,294,1709733934247
8941269,8941269,movement,726,294,1709733934298
8941269,8941269,movement,722,292,1709733934303
8941269,8941269,movement,717,290,1709733934311
8941269,8941269,movement,689,278,1709733934328
8941269,8941269,movement,618,256,1709733934349
8941269,8941269,movement,524,221,1709733934362
8941269,8941269,movement,486,200,1709733934372
8941269,8941269,movement,455,182,1709733934381
8941269,8941269,movement,424,160,1709733934396
8941269,8941269,movement,406,141,1709733934417
8941269,8941269,movement,399,135,1709733934428
8941269,8941269,movement,396,133,1709733934443
8941269,8941269,movement,392,130,1709733934461
8941269,8941269,movement,390,130,1709733934477
8941269,8941269,movement,390,130,1709733934494
8941269,8941269,movement,388,130,1709733934511
8941269,8941269,movement,386,130,1709733934528
8941269,8941269,movement,385,130,1709733934545
8941269,8941269,movement,378,130,1709733934561
8941269,8941269,movement,370,131,1709733934577
8941269,8941269,movement,362,134,1709733934594
8941269,8941269,movement,348,137,1709733934610
8941269,8941269,movement,327,143,1709733934629
8941269,8941269,movement,290,154,1709733934647
8941269,8941269,movement,238,162,1709733934664
8941269,8941269,movement,196,169,1709733934678
8941269,8941269,movement,160,173,1709733934695
8941269,8941269,movement,150,174,1709733934714
8941269,8941269,movement,148,175,1709733934728
8941269,8941269,movement,149,175,1709733934796
8941269,8941269,movement,150,174,1709733934812
8941269,8941269,movement,154,173,1709733934833
8941269,8941269,movement,163,173,1709733934845
8941269,8941269,movement,176,173,1709733934861
8941269,8941269,movement,190,172,1709733934880
8941269,8941269,movement,201,172,1709733934895
8941269,8941269,movement,212,171,1709733934911
8941269,8941269,movement,218,170,1709733934927
8941269,8941269,movement,222,170,1709733934945
8941269,8941269,movement,225,170,1709733934961
8941269,8941269,movement,227,170,1709733934977
8941269,8941269,movement,232,170,1709733934994
8941269,8941269,movement,239,170,1709733935011
8941269,8941269,movement,248,169,1709733935027
8941269,8941269,movement,255,168,1709733935044
8941269,8941269,movement,262,167,1709733935064
8941269,8941269,movement,263,167,1709733935080
8941269,8941269,movement,265,167,1709733935093
8941269,8941269,movement,266,166,1709733935115
8941269,8941269,movement,267,166,1709733935128
8941269,8941269,movement,270,166,1709733935144
8941269,8941269,movement,271,166,1709733935161
8941269,8941269,movement,272,166,1709733935178
8941269,8941269,movement,274,167,1709733935197
8941269,8941269,movement,278,168,1709733935215
8941269,8941269,movement,279,169,1709733935230
8941269,8941269,movement,281,169,1709733935246
8941269,8941269,movement,282,170,1709733935261
8941269,8941269,mousedown,282,170,1709733935320
8941269,8941269,mouseup,282,170,1709733935408
8941269,8941269,movement,285,174,1709733935499
8941269,8941269,movement,352,237,1709733935607
8941269,8941269,movement,494,382,1709733935616
8941269,8941269,movement,601,571,1709733935690
8941269,8941269,movement,614,608,1709733935705
8941269,8941269,movement,620,629,1709733935721
8941269,8941269,movement,624,644,1709733935738
8941269,8941269,movement,625,650,1709733935742
8941269,8941269,movement,626,659,1709733935762
8941269,8941269,movement,626,664,1709733935780
8941269,8941269,movement,626,666,1709733935806
8941269,8941269,singleclick,626,666,1709733935409
8941269,8941269,movement,626,666,1709733935831
8941269,8941269,movement,627,667,1709733935863
8941269,8941269,movement,634,670,1709733935884
8941269,8941269,movement,638,671,1709733935894
8941269,8941269,movement,650,676,1709733935919
8941269,8941269,movement,672,678,1709733935957
8941269,8941269,movement,678,679,1709733935961
8941269,8941269,movement,689,680,1709733935975
8941269,8941269,movement,698,680,1709733935992
8941269,8941269,movement,710,678,1709733936009
8941269,8941269,movement,722,674,1709733936027
8941269,8941269,movement,733,668,1709733936054
8941269,8941269,movement,734,667,1709733936060
8941269,8941269,movement,739,664,1709733936095
8941269,8941269,movement,752,658,1709733936110
8941269,8941269,movement,762,653,1709733936126
8941269,8941269,movement,765,651,1709733936132
8941269,8941269,movement,768,649,1709733936142
8941269,8941269,movement,780,642,1709733936159
8941269,8941269,movement,791,637,1709733936176
8941269,8941269,movement,803,631,1709733936196
8941269,8941269,movement,823,623,1709733936209
8941269,8941269,movement,841,618,1709733936232
8941269,8941269,movement,859,614,1709733936245
8941269,8941269,movement,869,611,1709733936269
8941269,8941269,movement,879,607,1709733936293
8941269,8941269,movement,894,603,1709733936334
8941269,8941269,movement,931,589,1709733936392
8941269,8941269,movement,936,587,1709733936462
8941269,8941269,movement,938,587,1709733936493
8941269,8941269,movement,941,588,1709733936508
8941269,8941269,movement,951,590,1709733936531
8941269,8941269,movement,972,591,1709733936542
8941269,8941269,movement,982,591,1709733936559
8941269,8941269,movement,1018,586,1709733936579
8941269,8941269,movement,1053,574,1709733936596
8941269,8941269,movement,1098,554,1709733936615
8941269,8941269,movement,1242,461,1709733936666
8941269,8941269,movement,1381,347,1709733936703
8941269,8941269,movement,1487,272,1709733936746
8941269,8941269,movement,1500,258,1709733936780
8941269,8941269,movement,1502,254,1709733936791
8941269,8941269,movement,1504,250,1709733936809
8941269,8941269,movement,1506,246,1709733936825
8941269,8941269,movement,1509,242,1709733936841
8941269,8941269,movement,1511,240,1709733936859
8941269,8941269,movement,1513,237,1709733936875
8941269,8941269,movement,1514,234,1709733936891
8941269,8941269,movement,1514,233,1709733936908
8941269,8941269,movement,1515,230,1709733936926
8941269,8941269,movement,1514,230,1709733936948
8941269,8941269,movement,1514,230,1709733936958
8941269,8941269,movement,1512,230,1709733936976
8941269,8941269,movement,1508,229,1709733936993
8941269,8941269,movement,1502,228,1709733937010
8941269,8941269,movement,1491,227,1709733937024
8941269,8941269,movement,1482,226,1709733937043
8941269,8941269,movement,1472,225,1709733937058
8941269,8941269,movement,1463,224,1709733937079
8941269,8941269,movement,1457,223,1709733937092
8941269,8941269,movement,1452,223,1709733937108
8941269,8941269,movement,1449,223,1709733937125
8941269,8941269,movement,1442,223,1709733937142
8941269,8941269,movement,1438,224,1709733937158
8941269,8941269,movement,1435,224,1709733937177
8941269,8941269,movement,1431,225,1709733937195
8941269,8941269,movement,1428,225,1709733937208
8941269,8941269,movement,1427,225,1709733937225
8941269,8941269,movement,1426,225,1709733937244
8941269,8941269,movement,1426,225,1709733937258
8941269,8941269,movement,1425,225,1709733937275
8941269,8941269,movement,1424,225,1709733937291
8941269,8941269,mousedown,1424,225,1709733937350
8941269,8941269,mouseup,1424,225,1709733937460
8941269,8941269,movement,1424,226,1709733937761
8941269,8941269,movement,1424,228,1709733937776
8941269,8941269,movement,1423,231,1709733937794
8941269,8941269,movement,1422,236,1709733937813
8941269,8941269,movement,1421,242,1709733937829
8941269,8941269,movement,1417,258,1709733937860
8941269,8941269,movement,1411,367,1709733938070
8941269,8941269,movement,1496,502,1709733938170
8941269,8941269,singleclick,1496,502,1709733937469
8941269,8941269,movement,1482,480,1709733938223
8941269,8941269,movement,1282,397,1709733938265
8941269,8941269,movement,1178,363,1709733938284
8941269,8941269,movement,1066,341,1709733938299
8941269,8941269,movement,1005,330,1709733938311
8941269,8941269,movement,946,321,1709733938319
8941269,8941269,movement,834,317,1709733938327
8941269,8941269,movement,734,317,1709733938340
8941269,8941269,movement,659,322,1709733938359
8941269,8941269,movement,628,328,1709733938369
8941269,8941269,movement,608,334,1709733938378
8941269,8941269,movement,574,352,1709733938397
8941269,8941269,movement,559,370,1709733938415
8941269,8941269,movement,555,399,1709733938428
8941269,8941269,movement,565,420,1709733938445
8941269,8941269,movement,590,446,1709733938459
8941269,8941269,movement,644,468,1709733938479
8941269,8941269,movement,727,489,1709733938493
8941269,8941269,movement,829,498,1709733938511
8941269,8941269,movement,1003,474,1709733938543
8941269,8941269,movement,1054,440,1709733938565
8941269,8941269,movement,1059,419,1709733938580
8941269,8941269,movement,1055,414,1709733938590
8941269,8941269,movement,1025,402,1709733938616
8941269,8941269,movement,915,404,1709733938651
8941269,8941269,movement,803,429,1709733938681
8941269,8941269,movement,691,474,1709733938702
8941269,8941269,movement,664,496,1709733938728
8941269,8941269,movement,662,507,1709733938754
8941269,8941269,movement,678,518,1709733938777
8941269,8941269,movement,710,521,1709733938795
8941269,8941269,movement,738,521,1709733938806
8941269,8941269,movement,770,518,1709733938832
8941269,8941269,movement,802,515,1709733938855
8941269,8941269,movement,810,514,1709733938882
8941269,8941269,movement,809,514,1709733938953
8941269,8941269,movement,807,514,1709733938985
8941269,8941269,movement,806,514,1709733939007
8941269,8941269,movement,807,514,1709733939234
8941269,8941269,movement,807,515,1709733939241
8941269,8941269,movement,808,515,1709733939256
8941269,8941269,movement,810,517,1709733939273
8941269,8941269,movement,810,517,1709733939291
8941269,8941269,movement,811,517,1709733939306
8941269,8941269,movement,811,518,1709733939336
8941269,8941269,movement,812,518,1709733939500
8941269,8941269,movement,812,518,1709733939974
8941269,8941269,movement,812,519,1709733939980
8941269,8941269,movement,812,521,1709733940007
8941269,8941269,movement,811,522,1709733940009
8941269,8941269,movement,810,522,1709733940022
8941269,8941269,movement,809,525,1709733940039
8941269,8941269,movement,806,528,1709733940059
8941269,8941269,movement,802,534,1709733940082
8941269,8941269,movement,797,543,1709733940108
8941269,8941269,movement,794,547,1709733940113
8941269,8941269,movement,792,550,1709733940122
8941269,8941269,movement,788,552,1709733940139
8941269,8941269,movement,785,554,1709733940157
8941269,8941269,movement,783,556,1709733940174
8941269,8941269,movement,782,556,1709733940189
8941269,8941269,movement,782,556,1709733940210
8941269,8941269,movement,781,554,1709733940237
8941269,8941269,movement,781,553,1709733940245
8941269,8941269,movement,781,550,1709733940255
8941269,8941269,movement,780,547,1709733940272
8941269,8941269,movement,780,542,1709733940290
8941269,8941269,movement,780,538,1709733940308
8941269,8941269,movement,781,531,1709733940322
8941269,8941269,movement,782,525,1709733940345
8941269,8941269,movement,782,512,1709733940369
8941269,8941269,movement,783,509,1709733940374
8941269,8941269,movement,786,501,1709733940391
8941269,8941269,movement,788,494,1709733940410
8941269,8941269,movement,790,490,1709733940423
8941269,8941269,movement,791,485,1709733940445
8941269,8941269,movement,792,482,1709733940462
8941269,8941269,movement,792,481,1709733940472
8941269,8941269,movement,792,480,1709733940489
8941269,8941269,movement,792,479,1709733940509
8941269,8941269,movement,792,478,1709733940534
8941269,8941269,movement,792,478,1709733940571
8941269,8941269,movement,792,477,1709733940572
8941269,8941269,movement,792,476,1709733940588
8941269,8941269,movement,792,475,1709733940605
8941269,8941269,mousedown,792,475,1709733940646
8941269,8941269,mouseup,792,475,1709733940730
8941269,8941269,movement,793,475,1709733941108
8941269,8941269,singleclick,793,475,1709733940741
8941269,8941269,movement,793,476,1709733941157
8941269,8941269,movement,794,476,1709733941265
8941269,8941269,movement,794,477,1709733941288
8941269,8941269,movement,794,477,1709733941295
8941269,8941269,movement,794,478,1709733941336
8941269,8941269,movement,794,478,1709733941429
8941269,8941269,movement,794,479,1709733941450
8941269,8941269,movement,794,479,1709733941461
8941269,8941269,movement,793,479,1709733941478
8941269,8941269,movement,792,479,1709733941479
8941269,8941269,movement,790,480,1709733941497
8941269,8941269,movement,789,481,1709733941516
8941269,8941269,movement,787,482,1709733941532
8941269,8941269,movement,787,482,1709733941538
8941269,8941269,movement,782,486,1709733941553
8941269,8941269,movement,771,490,1709733941570
8941269,8941269,movement,749,482,1709733941589
8941269,8941269,movement,714,462,1709733941613
8941269,8941269,movement,626,407,1709733941626
8941269,8941269,movement,547,370,1709733941639
8941269,8941269,movement,450,334,1709733941668
8941269,8941269,movement,424,321,1709733941670
8941269,8941269,movement,389,298,1709733941689
8941269,8941269,movement,370,281,1709733941708
8941269,8941269,movement,363,265,1709733941723
8941269,8941269,movement,358,242,1709733941752
8941269,8941269,movement,354,222,1709733941786
8941269,8941269,movement,347,210,1709733941828
8941269,8941269,movement,342,200,1709733941861
8941269,8941269,movement,338,197,1709733941868
8941269,8941269,movement,335,194,1709733941870
8941269,8941269,movement,328,190,1709733941890
8941269,8941269,movement,324,188,1709733941906
8941269,8941269,movement,319,186,1709733941938
8941269,8941269,movement,317,185,1709733941963
8941269,8941269,movement,314,184,1709733941987
8941269,8941269,movement,312,182,1709733942005
8941269,8941269,movement,309,180,1709733942031
8941269,8941269,movement,307,179,1709733942051
8941269,8941269,movement,306,178,1709733942058
8941269,8941269,movement,305,178,1709733942089
8941269,8941269,movement,304,178,1709733942105
8941269,8941269,movement,303,177,1709733942136
8941269,8941269,movement,302,177,1709733942153
8941269,8941269,movement,302,176,1709733942157
8941269,8941269,movement,302,175,1709733942174
8941269,8941269,movement,301,175,1709733942192
8941269,8941269,movement,299,174,1709733942207
8941269,8941269,movement,298,173,1709733942232
8941269,8941269,movement,296,173,1709733942244
8941269,8941269,movement,295,172,1709733942256
8941269,8941269,movement,294,171,1709733942273
8941269,8941269,movement,292,171,1709733942292
8941269,8941269,movement,290,170,1709733942307
8941269,8941269,movement,288,170,1709733942323
8941269,8941269,movement,286,170,1709733942340
8941269,8941269,movement,284,170,1709733942356
8941269,8941269,movement,282,171,1709733942372
8941269,8941269,movement,279,171,1709733942386
8941269,8941269,mousedown,279,171,1709733942438
8941269,8941269,mouseup,279,171,1709733942502
8941269,8941269,movement,286,177,1709733942583
8941269,8941269,movement,339,204,1709733942709
8941269,8941269,movement,458,266,1709733942764
8941269,8941269,movement,474,274,1709733942769
8941269,8941269,movement,516,293,1709733942786
8941269,8941269,movement,543,306,1709733942804
8941269,8941269,movement,578,326,1709733942826
8941269,8941269,movement,602,339,1709733942841
8941269,8941269,movement,630,354,1709733942860
8941269,8941269,movement,654,365,1709733942878
8941269,8941269,movement,708,391,1709733942901
8941269,8941269,singleclick,708,391,1709733942503
8941269,8941269,movement,744,414,1709733942930
8941269,8941269,movement,773,435,1709733942948
8941269,8941269,movement,782,442,1709733942955
8941269,8941269,movement,795,452,1709733942976
8941269,8941269,movement,800,458,1709733942990
8941269,8941269,movement,802,460,1709733943014
8941269,8941269,movement,802,461,1709733943109
8941269,8941269,movement,802,462,1709733943123
8941269,8941269,movement,802,462,1709733943178
8941269,8941269,movement,801,463,1709733943432
8941269,8941269,movement,801,464,1709733943473
8941269,8941269,movement,801,465,1709733943512
8941269,8941269,movement,801,466,1709733943519
8941269,8941269,movement,801,466,1709733943535
8941269,8941269,movement,801,467,1709733943542
8941269,8941269,movement,801,468,1709733943555
8941269,8941269,movement,801,469,1709733943573
8941269,8941269,movement,801,470,1709733943585
8941269,8941269,movement,801,470,1709733943607
8941269,8941269,movement,801,472,1709733943659
8941269,8941269,movement,801,474,1709733943680
8941269,8941269,movement,801,476,1709733943711
8941269,8941269,movement,801,481,1709733943749
8941269,8941269,movement,800,482,1709733943783
8941269,8941269,movement,800,483,1709733943841
8941269,8941269,movement,800,485,1709733943869
8941269,8941269,movement,802,485,1709733943885
8941269,8941269,movement,802,486,1709733943902
8941269,8941269,movement,802,486,1709733943919
8941269,8941269,movement,802,487,1709733943947
8941269,8941269,movement,802,488,1709733944064
8941269,8941269,movement,803,488,1709733944087
8941269,8941269,movement,803,489,1709733944102
8941269,8941269,movement,803,490,1709733944141
8941269,8941269,movement,803,490,1709733944253
8941269,8941269,movement,804,490,1709733944288
8941269,8941269,movement,804,491,1709733944304
8941269,8941269,movement,804,492,1709733944319
8941269,8941269,movement,804,493,1709733944335
8941269,8941269,movement,804,494,1709733944375
8941269,8941269,movement,804,494,1709733944463
8941269,8941269,movement,804,495,1709733944507
8941269,8941269,movement,804,496,1709733944513
8941269,8941269,movement,804,497,1709733944530
8941269,8941269,movement,804,498,1709733944561
8941269,8941269,movement,804,498,1709733944608
8941269,8941269,movement,804,499,1709733944631
8941269,8941269,movement,804,500,1709733944641
8941269,8941269,movement,804,501,1709733944650
8941269,8941269,movement,804,502,1709733944654
8941269,8941269,movement,804,506,1709733944676
8941269,8941269,movement,802,517,1709733944694
8941269,8941269,movement,802,524,1709733944706
8941269,8941269,movement,799,543,1709733944722
8941269,8941269,movement,794,565,1709733944741
8941269,8941269,movement,789,586,1709733944757
8941269,8941269,movement,782,608,1709733944771
8941269,8941269,movement,778,626,1709733944791
8941269,8941269,movement,771,645,1709733944808
8941269,8941269,movement,770,650,1709733944824
8941269,8941269,movement,769,662,1709733944842
8941269,8941269,movement,768,665,1709733944851
8941269,8941269,movement,768,666,1709733944868
8941269,8941269,movement,768,667,1709733944885
8941269,8941269,movement,768,669,1709733944914
8941269,8941269,movement,768,670,1709733944918
8941269,8941269,movement,768,670,1709733944934
8941269,8941269,movement,768,674,1709733944951
8941269,8941269,movement,768,675,1709733944968
8941269,8941269,movement,767,675,1709733945393
8941269,8941269,movement,766,674,1709733945416
8941269,8941269,movement,766,674,1709733945427
8941269,8941269,movement,765,674,1709733945441
8941269,8941269,movement,764,672,1709733945450
8941269,8941269,movement,762,670,1709733945475
8941269,8941269,movement,759,667,1709733945486
8941269,8941269,movement,759,666,1709733945507
8941269,8941269,movement,758,666,1709733945526
8941269,8941269,movement,757,666,1709733945539
8941269,8941269,movement,757,665,1709733945549
8941269,8941269,movement,756,664,1709733945573
8941269,8941269,movement,755,664,1709733945583
8941269,8941269,movement,755,663,1709733945602
8941269,8941269,movement,754,663,1709733945618
8941269,8941269,movement,754,662,1709733945634
8941269,8941269,movement,753,662,1709733945651
8941269,8941269,movement,752,662,1709733945683
8941269,8941269,movement,751,661,1709733945705
8941269,8941269,movement,750,660,1709733945720
8941269,8941269,movement,750,660,1709733945752
8941269,8941269,movement,749,659,1709733945769
8941269,8941269,movement,748,658,1709733945783
8941269,8941269,movement,747,658,1709733945799
8941269,8941269,movement,746,657,1709733945812
8941269,8941269,movement,746,656,1709733945829
8941269,8941269,movement,746,655,1709733945854
8941269,8941269,movement,746,654,1709733945870
8941269,8941269,movement,746,654,1709733945885
8941269,8941269,movement,747,654,1709733945900
8941269,8941269,movement,748,651,1709733945916
8941269,8941269,movement,749,650,1709733945934
8941269,8941269,movement,750,648,1709733945957
8941269,8941269,movement,753,639,1709733945991
8941269,8941269,movement,754,630,1709733946008
8941269,8941269,movement,756,623,1709733946016
8941269,8941269,movement,757,619,1709733946034
8941269,8941269,movement,757,615,1709733946049
8941269,8941269,movement,757,612,1709733946066
8941269,8941269,movement,757,606,1709733946085
8941269,8941269,movement,757,602,1709733946104
8941269,8941269,movement,757,597,1709733946134
8941269,8941269,movement,757,594,1709733946136
8941269,8941269,movement,757,591,1709733946149
8941269,8941269,movement,755,588,1709733946166
8941269,8941269,movement,754,584,1709733946182
8941269,8941269,movement,752,578,1709733946203
8941269,8941269,movement,750,572,1709733946217
8941269,8941269,movement,746,562,1709733946240
8941269,8941269,movement,742,550,1709733946257
8941269,8941269,movement,741,542,1709733946273
8941269,8941269,movement,740,539,1709733946287
8941269,8941269,movement,739,533,1709733946298
8941269,8941269,movement,738,529,1709733946321
8941269,8941269,movement,738,526,1709733946333
8941269,8941269,movement,738,526,1709733946349
8941269,8941269,movement,738,526,1709733946366
8941269,8941269,movement,738,524,1709733946382
8941269,8941269,movement,737,523,1709733946399
8941269,8941269,movement,737,522,1709733946417
8941269,8941269,movement,737,521,1709733946451
8941269,8941269,movement,736,521,1709733946466
8941269,8941269,movement,736,520,1709733946484
8941269,8941269,movement,736,519,1709733946515
8941269,8941269,movement,736,518,1709733946592
8941269,8941269,movement,735,518,1709733946607
8941269,8941269,mousedown,735,518,1709733946696
8941269,8941269,mouseup,735,518,1709733946789
8941269,8941269,movement,765,518,1709733946997
8941269,8941269,movement,854,512,1709733947063
8941269,8941269,movement,890,503,1709733947083
8941269,8941269,movement,913,497,1709733947099
8941269,8941269,movement,936,488,1709733947125
8941269,8941269,movement,958,480,1709733947133
8941269,8941269,movement,978,473,1709733947150
8941269,8941269,movement,995,466,1709733947166
8941269,8941269,movement,1010,459,1709733947184
8941269,8941269,singleclick,1010,459,1709733946796
8941269,8941269,movement,1031,446,1709733947199
8941269,8941269,movement,1045,438,1709733947216
8941269,8941269,movement,1059,428,1709733947233
8941269,8941269,movement,1079,418,1709733947249
8941269,8941269,movement,1101,408,1709733947268
8941269,8941269,movement,1138,395,1709733947297
8941269,8941269,movement,1148,392,1709733947300
8941269,8941269,movement,1163,388,1709733947316
8941269,8941269,movement,1178,384,1709733947332
8941269,8941269,movement,1191,381,1709733947349
8941269,8941269,movement,1214,379,1709733947370
8941269,8941269,movement,1230,378,1709733947389
8941269,8941269,movement,1246,376,1709733947401
8941269,8941269,movement,1262,373,1709733947416
8941269,8941269,movement,1280,370,1709733947432
8941269,8941269,movement,1295,366,1709733947451
8941269,8941269,movement,1312,363,1709733947478
8941269,8941269,movement,1319,362,1709733947517
8941269,8941269,movement,1320,361,1709733947533
8941269,8941269,movement,1324,361,1709733947548
8941269,8941269,movement,1327,361,1709733947565
8941269,8941269,movement,1330,361,1709733947581
8941269,8941269,movement,1332,361,1709733947598
8941269,8941269,movement,1333,361,1709733947621
8941269,8941269,movement,1334,361,1709733947634
8941269,8941269,movement,1334,361,1709733947684
8941269,8941269,movement,1335,361,1709733947701
8941269,8941269,movement,1335,360,1709733947718
8941269,8941269,movement,1336,360,1709733947743
8941269,8941269,movement,1337,360,1709733947779
8941269,8941269,movement,1338,358,1709733947822
8941269,8941269,movement,1342,357,1709733947858
8941269,8941269,movement,1348,353,1709733947891
8941269,8941269,movement,1352,351,1709733947916
8941269,8941269,movement,1355,350,1709733947932
8941269,8941269,movement,1360,348,1709733947948
8941269,8941269,movement,1362,346,1709733947966
8941269,8941269,movement,1364,346,1709733947982
8941269,8941269,movement,1364,346,1709733948000
8941269,8941269,movement,1363,345,1709733948045
8941269,8941269,movement,1362,345,1709733948064
8941269,8941269,movement,1361,345,1709733948070
8941269,8941269,movement,1360,345,1709733948082
8941269,8941269,movement,1358,345,1709733948099
8941269,8941269,movement,1354,344,1709733948117
8941269,8941269,movement,1353,344,1709733948133
8941269,8941269,movement,1352,344,1709733948148
8941269,8941269,movement,1352,348,1709733948169
8941269,8941269,movement,1352,352,1709733948183
8941269,8941269,movement,1350,361,1709733948201
8941269,8941269,movement,1329,373,1709733948216
8941269,8941269,movement,1276,396,1709733948236
8941269,8941269,movement,1254,408,1709733948253
8941269,8941269,movement,1257,408,1709733948542
8941269,8941269,movement,1261,408,1709733948552
8941269,8941269,movement,1266,407,1709733948567
8941269,8941269,movement,1273,404,1709733948581
8941269,8941269,movement,1278,401,1709733948597
8941269,8941269,movement,1288,394,1709733948616
8941269,8941269,movement,1294,390,1709733948631
8941269,8941269,movement,1301,386,1709733948647
8941269,8941269,movement,1315,381,1709733948665
8941269,8941269,movement,1332,377,1709733948684
8941269,8941269,movement,1347,370,1709733948698
8941269,8941269,movement,1366,358,1709733948716
8941269,8941269,movement,1390,342,1709733948731
8941269,8941269,movement,1399,330,1709733948749
8941269,8941269,movement,1406,319,1709733948767
8941269,8941269,movement,1410,314,1709733948781
8941269,8941269,movement,1410,310,1709733948800
8941269,8941269,movement,1410,310,1709733948814
8941269,8941269,movement,1405,309,1709733948830
8941269,8941269,movement,1394,308,1709733948848
8941269,8941269,movement,1386,310,1709733948865
8941269,8941269,movement,1378,310,1709733948880
8941269,8941269,movement,1372,312,1709733948900
8941269,8941269,movement,1366,314,1709733948919
8941269,8941269,movement,1361,318,1709733948931
8941269,8941269,movement,1356,323,1709733948949
8941269,8941269,movement,1350,337,1709733948963
8941269,8941269,movement,1349,344,1709733948982
8941269,8941269,movement,1350,347,1709733948998
8941269,8941269,movement,1351,348,1709733949017
8941269,8941269,movement,1354,348,1709733949032
8941269,8941269,movement,1361,346,1709733949048
8941269,8941269,movement,1369,341,1709733949064
8941269,8941269,movement,1378,337,1709733949082
8941269,8941269,movement,1389,331,1709733949097
8941269,8941269,movement,1391,330,1709733949114
8941269,8941269,movement,1393,329,1709733949131
8941269,8941269,movement,1394,329,1709733949149
8941269,8941269,movement,1394,328,1709733949164
8941269,8941269,movement,1395,328,1709733949180
8941269,8941269,movement,1397,327,1709733949197
8941269,8941269,movement,1398,326,1709733949213
8941269,8941269,movement,1400,324,1709733949231
8941269,8941269,movement,1402,321,1709733949250
8941269,8941269,movement,1405,318,1709733949266
8941269,8941269,movement,1407,314,1709733949281
8941269,8941269,movement,1411,313,1709733949298
8941269,8941269,movement,1416,309,1709733949316
8941269,8941269,movement,1419,307,1709733949330
8941269,8941269,movement,1421,307,1709733949347
8941269,8941269,movement,1422,306,1709733949364
8941269,8941269,movement,1425,306,1709733949382
8941269,8941269,movement,1426,306,1709733949397
8941269,8941269,movement,1428,306,1709733949414
8941269,8941269,movement,1429,306,1709733949430
8941269,8941269,movement,1431,306,1709733949446
8941269,8941269,movement,1432,306,1709733949463
8941269,8941269,movement,1434,306,1709733949480
8941269,8941269,movement,1435,305,1709733949496
8941269,8941269,movement,1436,305,1709733949514
8941269,8941269,movement,1438,304,1709733949530
8941269,8941269,movement,1442,302,1709733949550
8941269,8941269,movement,1448,302,1709733949567
8941269,8941269,movement,1452,302,1709733949583
8941269,8941269,movement,1458,302,1709733949601
8941269,8941269,movement,1462,302,1709733949618
8941269,8941269,movement,1464,302,1709733949633
8941269,8941269,movement,1466,302,1709733949649
8941269,8941269,movement,1466,302,1709733949665
8941269,8941269,movement,1467,302,1709733949682
8941269,8941269,movement,1468,302,1709733949699
8941269,8941269,movement,1469,302,1709733949718
8941269,8941269,movement,1470,302,1709733949733
8941269,8941269,movement,1470,301,1709733949842
8941269,8941269,movement,1470,299,1709733949850
8941269,8941269,movement,1470,293,1709733949889
8941269,8941269,movement,1470,290,1709733949906
8941269,8941269,movement,1470,289,1709733949924
8941269,8941269,movement,1470,288,1709733949931
8941269,8941269,movement,1470,287,1709733949949
8941269,8941269,movement,1470,287,1709733949969
8941269,8941269,movement,1470,286,1709733950014
8941269,8941269,movement,1471,286,1709733950030
8941269,8941269,movement,1473,285,1709733950047
8941269,8941269,movement,1474,283,1709733950063
8941269,8941269,movement,1474,282,1709733950083
8941269,8941269,movement,1475,282,1709733950097
8941269,8941269,movement,1476,281,1709733950131
8941269,8941269,movement,1477,281,1709733950150
8941269,8941269,movement,1478,280,1709733950163
8941269,8941269,movement,1478,280,1709733950231
8941269,8941269,mousedown,1478,280,1709733950354
8941269,8941269,mouseup,1478,280,1709733950468
8941269,8941269,movement,1478,280,1709733950650
8941269,8941269,movement,1477,282,1709733950664
8941269,8941269,movement,1473,284,1709733950683
8941269,8941269,movement,1467,288,1709733950697
8941269,8941269,movement,1463,290,1709733950714
8941269,8941269,movement,1459,294,1709733950738
8941269,8941269,movement,1454,296,1709733950752
8941269,8941269,movement,1452,298,1709733950765
8941269,8941269,movement,1440,308,1709733950787
8941269,8941269,movement,1435,313,1709733950799
8941269,8941269,movement,1430,317,1709733950814
8941269,8941269,movement,1425,321,1709733950832
8941269,8941269,movement,1421,323,1709733950845
8941269,8941269,movement,1417,326,1709733950863
8941269,8941269,movement,1413,330,1709733950879
8941269,8941269,movement,1410,332,1709733950898
8941269,8941269,movement,1406,335,1709733950915
8941269,8941269,movement,1402,338,1709733950935
8941269,8941269,movement,1399,341,1709733950946
8941269,8941269,movement,1397,344,1709733950961
8941269,8941269,movement,1394,347,1709733950978
8941269,8941269,movement,1391,351,1709733950995
8941269,8941269,movement,1390,353,1709733951012
8941269,8941269,movement,1389,354,1709733951029
8941269,8941269,movement,1389,354,1709733951046
8941269,8941269,movement,1387,356,1709733951063
8941269,8941269,movement,1385,362,1709733951079
8941269,8941269,movement,1382,366,1709733951097
8941269,8941269,movement,1379,371,1709733951120
8941269,8941269,movement,1378,373,1709733951130
8941269,8941269,movement,1378,376,1709733951145
8941269,8941269,movement,1377,377,1709733951162
8941269,8941269,movement,1376,377,1709733951205
8941269,8941269,movement,1376,378,1709733951375
8941269,8941269,movement,1375,378,1709733952425
8941269,8941269,movement,1374,378,1709733953219
8941269,8941269,movement,1374,378,1709733953241
8941269,8941269,movement,1374,376,1709733953249
8941269,8941269,movement,1373,375,1709733953264
8941269,8941269,movement,1373,374,1709733953277
8941269,8941269,movement,1371,371,1709733953296
8941269,8941269,movement,1368,365,1709733953311
8941269,8941269,movement,1362,354,1709733953329
8941269,8941269,movement,1354,342,1709733953344
8941269,8941269,movement,1352,337,1709733953361
8941269,8941269,movement,1350,333,1709733953378
8941269,8941269,movement,1349,331,1709733953393
8941269,8941269,movement,1348,330,1709733953411
8941269,8941269,movement,1346,326,1709733953432
8941269,8941269,movement,1346,325,1709733953445
8941269,8941269,movement,1345,322,1709733953462
8941269,8941269,movement,1345,321,1709733953476
8941269,8941269,movement,1345,320,1709733953492
8941269,8941269,movement,1345,319,1709733953509
8941269,8941269,mousedown,1345,319,1709733953580
8941269,8941269,mouseup,1345,319,1709733953684
8941269,8941269,movement,1345,325,1709733953829
8941269,8941269,movement,1335,372,1709733953913
8941269,8941269,movement,1322,410,1709733953942
8941269,8941269,movement,1320,416,1709733953948
8941269,8941269,movement,1313,430,1709733953977
8941269,8941269,movement,1310,434,1709733953993
8941269,8941269,movement,1305,438,1709733954013
8941269,8941269,movement,1302,438,1709733954027
8941269,8941269,movement,1301,438,1709733954043
8941269,8941269,singleclick,1301,438,1709733953688
8941269,8941269,movement,1296,435,1709733966071
8941269,8941269,movement,1284,428,1709733966086
8941269,8941269,movement,1270,420,1709733966100
8941269,8941269,movement,1264,416,1709733966119
8941269,8941269,movement,1262,415,1709733966131
8941269,8941269,movement,1259,416,1709733966168
8941269,8941269,movement,1247,429,1709733966185
8941269,8941269,movement,1208,487,1709733966200
8941269,8941269,movement,1182,528,1709733966217
8941269,8941269,movement,1162,556,1709733966236
8941269,8941269,movement,1149,574,1709733966249
8941269,8941269,movement,1126,598,1709733966270
8941269,8941269,movement,1082,640,1709733966288
8941269,8941269,movement,1019,687,1709733966304
8941269,8941269,movement,945,726,1709733966320
8941269,8941269,movement,826,762,1709733966330
8941269,8941269,movement,783,768,1709733966348
8941269,8941269,movement,697,779,1709733966367
8941269,8941269,movement,546,785,1709733966388
8941269,8941269,movement,455,792,1709733966398
8941269,8941269,movement,387,794,1709733966415
8941269,8941269,movement,354,790,1709733966432
8941269,8941269,movement,349,790,1709733966449
8941269,8941269,movement,346,790,1709733966464
8941269,8941269,movement,336,795,1709733966480
8941269,8941269,movement,330,799,1709733966499
8941269,8941269,movement,330,805,1709733966515
8941269,8941269,movement,331,809,1709733966532
8941269,8941269,movement,333,810,1709733966548
8941269,8941269,movement,332,810,1709733966581
8941269,8941269,movement,329,806,1709733966599
8941269,8941269,movement,324,800,1709733966614
8941269,8941269,movement,324,794,1709733966634
8941269,8941269,movement,329,784,1709733966648
8941269,8941269,movement,334,774,1709733966667
8941269,8941269,movement,342,766,1709733966681
8941269,8941269,movement,349,760,1709733966703
8941269,8941269,movement,362,751,1709733966714
8941269,8941269,movement,369,747,1709733966731
8941269,8941269,movement,373,745,1709733966749
8941269,8941269,movement,375,744,1709733966767
8941269,8941269,movement,376,743,1709733966784
8941269,8941269,movement,377,742,1709733966799
8941269,8941269,movement,377,742,1709733966816
8941269,8941269,movement,378,742,1709733966832
8941269,8941269,mousedown,378,742,1709733966934
8941269,8941269,mouseup,378,742,1709733967025
8941269,8941269,movement,384,736,1709733967189
8941269,8941269,movement,498,790,1709733967254
8941269,8941269,singleclick,498,790,1709733967067
8941269,8941269,movement,498,787,1709733967590
8941269,8941269,movement,501,785,1709733967598
8941269,8941269,movement,505,776,1709733967613
8941269,8941269,movement,515,755,1709733967644
8941269,8941269,movement,514,758,1709733967662
8941269,8941269,movement,514,760,1709733967681
8941269,8941269,movement,515,762,1709733967713
8941269,8941269,movement,514,762,1709733967737
8941269,8941269,movement,514,761,1709733967746
8941269,8941269,movement,514,758,1709733967763
8941269,8941269,movement,514,755,1709733967780
8941269,8941269,movement,516,741,1709733967801
8941269,8941269,movement,514,717,1709733967826
8941269,8941269,movement,462,539,1709733967857
8941269,8941269,movement,375,375,1709733967894
8941269,8941269,movement,298,254,1709733967946
8941269,8941269,movement,296,247,1709733967952
8941269,8941269,movement,295,237,1709733967963
8941269,8941269,movement,295,226,1709733967981
8941269,8941269,movement,294,202,1709733968005
8941269,8941269,movement,294,192,1709733968017
8941269,8941269,movement,291,168,1709733968029
8941269,8941269,movement,286,144,1709733968049
8941269,8941269,movement,282,131,1709733968066
8941269,8941269,movement,282,130,1709733968082
8941269,8941269,movement,281,130,1709733968130
8941269,8941269,movement,281,131,1709733968154
8941269,8941269,movement,280,143,1709733968183
8941269,8941269,movement,280,156,1709733968218
8941269,8941269,movement,279,166,1709733968245
8941269,8941269,movement,279,168,1709733968248
8941269,8941269,movement,278,170,1709733968262
8941269,8941269,movement,278,171,1709733968280
8941269,8941269,movement,278,173,1709733968296
8941269,8941269,movement,277,174,1709733968314
8941269,8941269,movement,277,174,1709733968332
8941269,8941269,mousedown,277,174,1709733968429
8941269,8941269,mouseup,277,174,1709733968522
8941269,8941269,movement,358,94,1709733968776
8941269,8941269,singleclick,358,94,1709733968523
8941269,8941269,movement,762,99,1709733973070
8941269,8941269,movement,787,117,1709733973077
8941269,8941269,movement,838,149,1709733973094
8941269,8941269,movement,901,191,1709733973114
8941269,8941269,movement,970,242,1709733973132
8941269,8941269,movement,1071,319,1709733973148
8941269,8941269,movement,1112,348,1709733973167
8941269,8941269,movement,1294,470,1709733973205
8941269,8941269,movement,1405,543,1709733973225
8941269,8941269,movement,1483,597,1709733973245
8941269,8941269,movement,1519,622,1709733973263
8941269,8941269,movement,1529,628,1709733973279
8941269,8941269,movement,1530,629,1709733973295
8941269,8941269,movement,1531,630,1709733973307
8941269,8941269,movement,1532,630,1709733973324
8941269,8941269,movement,1534,631,1709733973340
8941269,8941269,movement,1534,633,1709733973358
8941269,8941269,movement,1534,637,1709733973374
8941269,8941269,movement,1528,642,1709733973392
8941269,8941269,movement,1520,646,1709733973403
8941269,8941269,movement,1510,648,1709733973409
8941269,8941269,movement,1493,651,1709733973416
8941269,8941269,movement,1383,652,1709733973436
8941269,8941269,movement,1265,642,1709733973467
8941269,8941269,movement,866,556,1709733973488
8941269,8941269,movement,642,489,1709733973505
8941269,8941269,movement,344,387,1709733973527
8941269,8941269,movement,161,292,1709733973548
8941269,8941269,movement,98,250,1709733973565
8941269,8941269,movement,78,233,1709733973579
8941269,8941269,movement,74,226,1709733973592
8941269,8941269,movement,74,223,1709733973607
8941269,8941269,movement,74,222,1709733973625
8941269,8941269,movement,74,220,1709733973644
8941269,8941269,movement,74,219,1709733973657
8941269,8941269,movement,74,214,1709733973674
8941269,8941269,movement,76,203,1709733973693
8941269,8941269,movement,80,191,1709733973708
8941269,8941269,movement,83,180,1709733973726
8941269,8941269,movement,84,166,1709733973745
8941269,8941269,movement,84,160,1709733973761
8941269,8941269,movement,84,158,1709733973776
8941269,8941269,movement,83,157,1709733973792
8941269,8941269,movement,83,156,1709733973837
8941269,8941269,movement,83,155,1709733973858
8941269,8941269,movement,83,151,1709733973874
8941269,8941269,movement,85,146,1709733973896
8941269,8941269,movement,89,142,1709733973915
8941269,8941269,movement,90,139,1709733973929
8941269,8941269,movement,93,134,1709733973946
8941269,8941269,movement,96,129,1709733973962
8941269,8941269,movement,98,127,1709733973974
8941269,8941269,movement,99,124,1709733973990
8941269,8941269,movement,100,123,1709733974008
8941269,8941269,movement,102,122,1709733974024
8941269,8941269,movement,102,121,1709733974041
8941269,8941269,movement,104,118,1709733974057
8941269,8941269,movement,106,117,1709733974074
8941269,8941269,movement,106,116,1709733974091
8941269,8941269,movement,106,115,1709733974106
8941269,8941269,mousedown,106,115,1709733974125
8941269,8941269,mouseup,106,115,1709733974205
8941269,8941269,movement,109,115,1709733974305
8941269,8941269,movement,125,120,1709733974347
8941269,8941269,movement,147,126,1709733974359
8941269,8941269,movement,216,149,1709733974383
8941269,8941269,movement,290,172,1709733974404
8941269,8941269,movement,366,196,1709733974441
8941269,8941269,movement,532,244,1709733974454
8941269,8941269,movement,883,358,1709733974507
8941269,8941269,movement,1037,418,1709733974528
8941269,8941269,movement,1125,454,1709733974547
8941269,8941269,movement,1248,506,1709733974567
8941269,8941269,movement,1310,535,1709733974587
8941269,8941269,movement,1378,573,1709733974610
8941269,8941269,movement,1436,611,1709733974632
8941269,8941269,movement,1463,630,1709733974649
8941269,8941269,movement,1486,652,1709733974675
8941269,8941269,movement,1491,661,1709733974699
8941269,8941269,movement,1498,671,1709733974718
8941269,8941269,movement,1501,674,1709733974723
8941269,8941269,movement,1506,679,1709733974741
8941269,8941269,movement,1510,683,1709733974766
8941269,8941269,movement,1514,690,1709733974783
8941269,8941269,movement,1515,692,1709733974789
8941269,8941269,movement,1519,700,1709733974807
8941269,8941269,movement,1522,708,1709733974823
8941269,8941269,movement,1526,719,1709733974839
8941269,8941269,movement,1529,734,1709733974855
8941269,8941269,movement,1529,742,1709733974872
8941269,8941269,movement,1527,748,1709733974892
8941269,8941269,movement,1526,754,1709733974905
8941269,8941269,movement,1524,757,1709733974925
8941269,8941269,movement,1520,762,1709733974939
8941269,8941269,movement,1518,764,1709733974959
8941269,8941269,movement,1516,766,1709733974973
8941269,8941269,movement,1514,768,1709733974993
8941269,8941269,movement,1510,770,1709733975006
8941269,8941269,movement,1505,773,1709733975025
8941269,8941269,movement,1498,775,1709733975049
8941269,8941269,movement,1494,777,1709733975068
8941269,8941269,movement,1494,777,1709733975122
8941269,8941269,movement,1478,777,1709733975159
8941269,8941269,movement,1457,771,1709733975179
8941269,8941269,movement,1378,743,1709733975212
8941269,8941269,movement,1234,689,1709733975230
8941269,8941269,movement,1034,606,1709733975252
8941269,8941269,movement,790,481,1709733975277
8941269,8941269,movement,539,358,1709733975298
8941269,8941269,movement,300,238,1709733975321
8941269,8941269,movement,52,125,1709733975354
8941269,8941269,movement,0,93,1709733975379
8941269,8941269,movement,0,85,1709733975438
8941269,8941269,movement,0,86,1709733975456
8941269,8941269,movement,0,88,1709733975472
8941269,8941269,movement,0,90,1709733975488
8941269,8941269,movement,0,92,1709733975506
8941269,8941269,movement,0,93,1709733975522
8941269,8941269,movement,0,94,1709733975538
8941269,8941269,movement,1,110,1709733975555
8941269,8941269,movement,5,122,1709733975572
8941269,8941269,movement,13,138,1709733975589
8941269,8941269,movement,25,154,1709733975606
8941269,8941269,movement,39,170,1709733975622
8941269,8941269,movement,53,182,1709733975639
8941269,8941269,movement,62,188,1709733975655
8941269,8941269,movement,71,193,1709733975672
8941269,8941269,movement,71,194,1709733975689
8941269,8941269,movement,72,194,1709733975723
8941269,8941269,movement,72,193,1709733975756
8941269,8941269,movement,72,192,1709733975771
8941269,8941269,movement,72,190,1709733975819
8941269,8941269,movement,72,190,1709733975827
8941269,8941269,movement,72,189,1709733975845
8941269,8941269,movement,72,186,1709733975856
8941269,8941269,movement,72,186,1709733975872
8941269,8941269,movement,72,185,1709733975888
8941269,8941269,mousedown,72,185,1709733975914
8941269,8941269,mouseup,72,185,1709733975982
8941269,8941269,movement,76,186,1709733976104
8941269,8941269,movement,164,202,1709733976175
8941269,8941269,movement,195,207,1709733976196
8941269,8941269,movement,262,221,1709733976205
8941269,8941269,movement,442,253,1709733976230
8941269,8941269,movement,529,260,1709733976247
8941269,8941269,movement,554,260,1709733976268
8941269,8941269,movement,594,256,1709733976303
8941269,8941269,movement,599,254,1709733976318
8941269,8941269,movement,613,253,1709733976333
8941269,8941269,movement,622,251,1709733976352
8941269,8941269,movement,631,250,1709733976371
8941269,8941269,movement,642,250,1709733976384
8941269,8941269,singleclick,642,250,1709733975990
8941269,8941269,movement,654,252,1709733976396
8941269,8941269,movement,659,254,1709733976410
8941269,8941269,movement,667,256,1709733976424
8941269,8941269,movement,669,257,1709733976438
8941269,8941269,movement,670,257,1709733976459
8941269,8941269,movement,670,257,1709733976473
8941269,8941269,movement,672,257,1709733976488
8941269,8941269,movement,677,258,1709733976505
8941269,8941269,movement,689,262,1709733976521
8941269,8941269,movement,704,267,1709733976542
8941269,8941269,movement,722,271,1709733976560
8941269,8941269,movement,745,279,1709733976576
8941269,8941269,movement,787,292,1709733976593
8941269,8941269,movement,855,311,1709733976615
8941269,8941269,movement,938,333,1709733976645
8941269,8941269,movement,950,335,1709733976665
8941269,8941269,movement,951,335,1709733976675
8941269,8941269,movement,952,335,1709733976698
8941269,8941269,movement,953,335,1709733976756
8941269,8941269,movement,953,336,1709733976809
8941269,8941269,movement,953,337,1709733976821
8941269,8941269,movement,947,337,1709733976848
8941269,8941269,movement,946,337,1709733976854
8941269,8941269,movement,948,339,1709733978092
8941269,8941269,movement,957,345,1709733978108
8941269,8941269,movement,975,355,1709733978122
8941269,8941269,movement,982,359,1709733978138
8941269,8941269,movement,987,362,1709733978154
8941269,8941269,movement,992,365,1709733978171
8941269,8941269,movement,995,367,1709733978189
8941269,8941269,movement,999,369,1709733978203
8941269,8941269,movement,1002,371,1709733978220
8941269,8941269,movement,1007,374,1709733978238
8941269,8941269,movement,1014,379,1709733978257
8941269,8941269,movement,1017,382,1709733978271
8941269,8941269,movement,1021,386,1709733978288
8941269,8941269,movement,1022,389,1709733978305
8941269,8941269,movement,1023,390,1709733978351
8941269,8941269,movement,1024,390,1709733978356
8941269,8941269,movement,1025,391,1709733978365
8941269,8941269,movement,1030,397,1709733978378
8941269,8941269,movement,1031,398,1709733978386
8941269,8941269,movement,1033,400,1709733978403
8941269,8941269,mouseup,1033,400,1709733978708
8941269,8941269,movement,1032,400,1709733978899
8941269,8941269,movement,1030,400,1709733978922
8941269,8941269,movement,1029,400,1709733978936
8941269,8941269,movement,1027,400,1709733978952
8941269,8941269,movement,1026,400,1709733978970
8941269,8941269,movement,1025,400,1709733978986
8941269,8941269,movement,1021,401,1709733979005
8941269,8941269,movement,1018,402,1709733979020
8941269,8941269,movement,1014,406,1709733979042
8941269,8941269,movement,1010,409,1709733979067
8941269,8941269,movement,1010,410,1709733979072
8941269,8941269,movement,1009,410,1709733979085
8941269,8941269,movement,1007,412,1709733979103
8941269,8941269,movement,1006,412,1709733979120
8941269,8941269,singleclick,1006,412,1709733978717
8941269,8941269,movement,1006,412,1709733979136
8941269,8941269,movement,1004,412,1709733979153
8941269,8941269,movement,1003,412,1709733979242
8941269,8941269,mousedown,1003,412,1709733979338
8941269,8941269,mouseup,1003,412,1709733979432
8941269,8941269,movement,1004,414,1709733979594
8941269,8941269,movement,1005,414,1709733979601
8941269,8941269,movement,1007,416,1709733979619
8941269,8941269,movement,1010,420,1709733979637
8941269,8941269,movement,1013,422,1709733979652
8941269,8941269,movement,1021,429,1709733979669
8941269,8941269,movement,1022,430,1709733979687
8941269,8941269,movement,1030,441,1709733979702
8941269,8941269,movement,1034,445,1709733979719
8941269,8941269,movement,1043,460,1709733979735
8941269,8941269,movement,1047,466,1709733979752
8941269,8941269,movement,1053,481,1709733979769
8941269,8941269,movement,1055,490,1709733979786
8941269,8941269,movement,1056,496,1709733979802
8941269,8941269,movement,1059,511,1709733979821
8941269,8941269,movement,1062,524,1709733979835
8941269,8941269,singleclick,1062,524,1709733979434
8941269,8941269,movement,1066,542,1709733979852
8941269,8941269,movement,1070,558,1709733979869
8941269,8941269,movement,1074,575,1709733979885
8941269,8941269,movement,1081,593,1709733979903
8941269,8941269,movement,1090,623,1709733979920
8941269,8941269,movement,1103,654,1709733979936
8941269,8941269,movement,1113,686,1709733979952
8941269,8941269,movement,1124,714,1709733979968
8941269,8941269,movement,1130,735,1709733979984
8941269,8941269,movement,1133,745,1709733980002
8941269,8941269,movement,1134,753,1709733980023
8941269,8941269,movement,1136,758,1709733980039
8941269,8941269,movement,1138,760,1709733980052
8941269,8941269,movement,1138,762,1709733980068
8941269,8941269,movement,1138,763,1709733980085
8941269,8941269,movement,1140,765,1709733980101
8941269,8941269,movement,1141,767,1709733980120
8941269,8941269,movement,1142,771,1709733980138
8941269,8941269,movement,1142,775,1709733980155
8941269,8941269,movement,1142,782,1709733980169
8941269,8941269,movement,1141,785,1709733980189
8941269,8941269,movement,1139,786,1709733980202
8941269,8941269,movement,1138,789,1709733980218
8941269,8941269,movement,1137,790,1709733980237
8941269,8941269,movement,1134,791,1709733980254
8941269,8941269,movement,1134,791,1709733980268
8941269,8941269,movement,1133,791,1709733980285
8941269,8941269,movement,1130,791,1709733980302
8941269,8941269,movement,1127,791,1709733980321
8941269,8941269,movement,1122,791,1709733980336
8941269,8941269,movement,1117,792,1709733980353
8941269,8941269,movement,1112,792,1709733980369
8941269,8941269,movement,1107,793,1709733980392
8941269,8941269,movement,1102,793,1709733980406
8941269,8941269,movement,1101,793,1709733980419
8941269,8941269,movement,1098,792,1709733980436
8941269,8941269,movement,1095,790,1709733980454
8941269,8941269,movement,1094,790,1709733980469
8941269,8941269,movement,1094,789,1709733980489
8941269,8941269,movement,1093,789,1709733980504
8941269,8941269,movement,1092,788,1709733980517
8941269,8941269,mousedown,1092,788,1709733980624
8941269,8941269,mouseup,1092,788,1709733980708
8941269,8941269,singleclick,0,0,1709733980709
8941269,8941269,movement,604,453,1709733985288
8941269,8941269,movement,612,448,1709733985338
8941269,8941269,movement,650,446,1709733985366
8941269,8941269,movement,679,446,1709733985380
8941269,8941269,movement,716,446,1709733985397
8941269,8941269,movement,778,445,1709733985434
8941269,8941269,movement,792,442,1709733985463
8941269,8941269,movement,801,440,1709733985484
8941269,8941269,movement,811,437,1709733985495
8941269,8941269,movement,822,434,1709733985513
8941269,8941269,movement,831,431,1709733985529
8941269,8941269,movement,838,430,1709733985546
8941269,8941269,movement,846,429,1709733985562
8941269,8941269,movement,861,429,1709733985579
8941269,8941269,movement,884,430,1709733985590
8941269,8941269,movement,914,433,1709733985605
8941269,8941269,movement,1044,448,1709733985624
8941269,8941269,movement,1059,450,1709733985630
8941269,8941269,movement,1073,449,1709733985646
8941269,8941269,movement,1074,448,1709733985662
8941269,8941269,movement,1074,446,1709733985679
8941269,8941269,movement,1075,444,1709733985697
8941269,8941269,movement,1077,441,1709733985712
8941269,8941269,movement,1078,439,1709733985729
8941269,8941269,movement,1080,438,1709733985747
8941269,8941269,movement,1081,436,1709733985801
8941269,8941269,movement,1081,433,1709733985823
8941269,8941269,movement,1081,431,1709733985830
8941269,8941269,movement,1079,426,1709733985847
8941269,8941269,movement,1076,420,1709733985862
8941269,8941269,movement,1070,409,1709733985880
8941269,8941269,movement,1069,406,1709733985901
8941269,8941269,movement,1066,398,1709733985914
8941269,8941269,movement,1064,395,1709733985931
8941269,8941269,movement,1062,391,1709733985946
8941269,8941269,movement,1062,390,1709733985962
8941269,8941269,movement,1062,390,1709733986013
8941269,8941269,mousedown,1062,390,1709733986163
8941269,8941269,mouseup,1062,390,1709733986250
8941269,8941269,movement,1061,390,1709733986257
8941269,8941269,movement,1060,390,1709733986351
8941269,8941269,movement,1057,390,1709733986367
8941269,8941269,movement,1054,390,1709733986380
8941269,8941269,movement,1045,389,1709733986397
8941269,8941269,movement,1041,389,1709733986412
8941269,8941269,singleclick,1041,389,1709733986254
8941269,8941269,movement,1042,389,1709733989667
8941269,8941269,movement,1044,390,1709733989694
8941269,8941269,movement,1034,388,1709733989710
8941269,8941269,movement,1014,381,1709733989727
8941269,8941269,movement,1002,379,1709733989744
8941269,8941269,movement,994,381,1709733989761
8941269,8941269,movement,986,390,1709733989779
8941269,8941269,movement,981,410,1709733989801
8941269,8941269,movement,980,434,1709733989813
8941269,8941269,movement,981,461,1709733989828
8941269,8941269,movement,970,496,1709733989844
8941269,8941269,movement,958,516,1709733989860
8941269,8941269,movement,946,538,1709733989877
8941269,8941269,movement,941,562,1709733989894
8941269,8941269,movement,944,592,1709733989916
8941269,8941269,movement,965,645,1709733989929
8941269,8941269,movement,996,698,1709733989947
8941269,8941269,movement,1002,710,1709733989965
8941269,8941269,movement,1012,727,1709733989983
8941269,8941269,movement,1033,745,1709733989999
8941269,8941269,movement,1050,754,1709733990021
8941269,8941269,movement,1056,756,1709733990028
8941269,8941269,movement,1057,756,1709733990045
8941269,8941269,movement,1059,757,1709733990060
8941269,8941269,movement,1064,766,1709733990076
8941269,8941269,movement,1066,778,1709733990096
8941269,8941269,movement,1066,786,1709733990111
8941269,8941269,movement,1066,798,1709733990128
8941269,8941269,movement,1062,805,1709733990147
8941269,8941269,movement,1055,810,1709733990161
8941269,8941269,movement,1046,813,1709733990179
8941269,8941269,movement,1031,810,1709733990194
8941269,8941269,movement,1014,806,1709733990210
8941269,8941269,movement,996,799,1709733990232
8941269,8941269,movement,982,793,1709733990248
8941269,8941269,movement,973,790,1709733990259
8941269,8941269,movement,964,786,1709733990278
8941269,8941269,movement,958,783,1709733990295
8941269,8941269,movement,954,780,1709733990313
8941269,8941269,movement,950,779,1709733990327
8941269,8941269,movement,949,778,1709733990344
8941269,8941269,movement,947,778,1709733990359
8941269,8941269,movement,946,778,1709733990376
8941269,8941269,movement,945,778,1709733990403
8941269,8941269,movement,944,778,1709733990434
8941269,8941269,mousedown,944,778,1709733990502
8941269,8941269,mouseup,944,778,1709733990593
8941269,8941269,movement,945,778,1709733990689
8941269,8941269,movement,946,778,1709733990763
8941269,8941269,movement,950,777,1709733990804
8941269,8941269,movement,953,776,1709733990872
8941269,8941269,movement,958,774,1709733990892
8941269,8941269,movement,960,771,1709733990913
8941269,8941269,movement,966,759,1709733990931
8941269,8941269,movement,970,740,1709733990946
8941269,8941269,movement,974,717,1709733990966
8941269,8941269,movement,974,689,1709733990984
8941269,8941269,movement,968,634,1709733990999
8941269,8941269,movement,951,574,1709733991016
8941269,8941269,movement,922,505,1709733991032
8941269,8941269,movement,890,442,1709733991047
8941269,8941269,singleclick,890,442,1709733990633
8941269,8941269,movement,854,387,1709733991065
8941269,8941269,movement,814,354,1709733991081
8941269,8941269,movement,763,314,1709733991098
8941269,8941269,movement,710,272,1709733991114
8941269,8941269,movement,617,206,1709733991131
8941269,8941269,movement,580,184,1709733991148
8941269,8941269,movement,465,116,1709733991160
8941269,8941269,movement,417,88,1709733991172
8941269,8941269,movement,566,88,1709733994078
8941269,8941269,movement,562,96,1709733994093
8941269,8941269,movement,549,118,1709733994107
8941269,8941269,movement,535,141,1709733994123
8941269,8941269,movement,522,182,1709733994140
8941269,8941269,movement,521,195,1709733994152
8941269,8941269,movement,519,212,1709733994169
8941269,8941269,movement,510,278,1709733994185
8941269,8941269,movement,506,305,1709733994209
8941269,8941269,movement,505,337,1709733994232
8941269,8941269,movement,505,362,1709733994249
8941269,8941269,movement,505,367,1709733994262
8941269,8941269,movement,505,377,1709733994278
8941269,8941269,movement,505,383,1709733994292
8941269,8941269,movement,505,387,1709733994305
8941269,8941269,movement,505,394,1709733994321
8941269,8941269,movement,505,402,1709733994338
8941269,8941269,movement,506,422,1709733994361
8941269,8941269,movement,506,435,1709733994379
8941269,8941269,movement,506,453,1709733994396
8941269,8941269,movement,506,467,1709733994409
8941269,8941269,movement,506,481,1709733994421
8941269,8941269,movement,506,490,1709733994442
8941269,8941269,movement,506,497,1709733994462
8941269,8941269,movement,506,498,1709733994472
8941269,8941269,movement,507,499,1709733994534
8941269,8941269,movement,508,500,1709733994542
8941269,8941269,movement,508,501,1709733994556
8941269,8941269,movement,509,502,1709733994576
8941269,8941269,movement,510,504,1709733994588
8941269,8941269,movement,510,506,1709733994605
8941269,8941269,movement,510,507,1709733994622
8941269,8941269,movement,510,508,1709733994790
8941269,8941269,movement,511,508,1709733994855
8941269,8941269,movement,510,508,1709733995110
8941269,8941269,movement,510,508,1709733995116
8941269,8941269,movement,509,508,1709733995138
8941269,8941269,movement,506,507,1709733995154
8941269,8941269,movement,503,507,1709733995171
8941269,8941269,movement,501,507,1709733995187
8941269,8941269,movement,496,508,1709733995209
8941269,8941269,movement,492,509,1709733995221
8941269,8941269,movement,489,509,1709733995239
8941269,8941269,movement,486,507,1709733995257
8941269,8941269,movement,481,506,1709733995272
8941269,8941269,movement,474,503,1709733995293
8941269,8941269,movement,466,502,1709733995306
8941269,8941269,movement,457,501,1709733995321
8941269,8941269,movement,446,500,1709733995337
8941269,8941269,movement,434,500,1709733995355
8941269,8941269,movement,425,500,1709733995371
8941269,8941269,movement,414,502,1709733995387
8941269,8941269,movement,404,504,1709733995411
8941269,8941269,movement,394,505,1709733995421
8941269,8941269,movement,380,507,1709733995437
8941269,8941269,movement,369,509,1709733995455
8941269,8941269,movement,358,510,1709733995474
8941269,8941269,movement,343,510,1709733995496
8941269,8941269,movement,324,510,1709733995507
8941269,8941269,movement,317,510,1709733995534
8941269,8941269,movement,315,510,1709733995550
8941269,8941269,movement,316,510,1709733995623
8941269,8941269,movement,324,512,1709733995646
8941269,8941269,movement,346,516,1709733995664
8941269,8941269,movement,356,518,1709733995678
8941269,8941269,movement,378,522,1709733995694
8941269,8941269,movement,398,525,1709733995707
8941269,8941269,movement,406,528,1709733995721
8941269,8941269,movement,410,531,1709733995739
8941269,8941269,movement,414,536,1709733995761
8941269,8941269,movement,418,541,1709733995784
8941269,8941269,movement,419,542,1709733995928
8941269,8941269,movement,420,542,1709733995940
8941269,8941269,movement,421,542,1709733995956
8941269,8941269,movement,422,542,1709733995973
8941269,8941269,movement,426,545,1709733995987
8941269,8941269,movement,432,546,1709733996003
8941269,8941269,movement,441,547,1709733996019
8941269,8941269,movement,450,548,1709733996037
8941269,8941269,movement,461,550,1709733996055
8941269,8941269,movement,469,550,1709733996073
8941269,8941269,movement,475,550,1709733996088
8941269,8941269,movement,478,550,1709733996104
8941269,8941269,movement,479,550,1709733996121
8941269,8941269,movement,480,550,1709733996167
8941269,8941269,movement,480,550,1709733996360
8941269,8941269,movement,481,550,1709733996371
8941269,8941269,movement,481,552,1709733996386
8941269,8941269,movement,482,554,1709733996403
8941269,8941269,movement,484,554,1709733996421
8941269,8941269,movement,486,556,1709733996437
8941269,8941269,movement,487,556,1709733996453
8941269,8941269,movement,488,556,1709733996470
8941269,8941269,movement,490,556,1709733996486
8941269,8941269,movement,490,556,1709733996509
8941269,8941269,movement,491,556,1709733996532
8941269,8941269,movement,492,556,1709733996540
8941269,8941269,movement,492,557,1709733996558
8941269,8941269,movement,496,559,1709733996573
8941269,8941269,movement,502,561,1709733996586
8941269,8941269,movement,514,562,1709733996603
8941269,8941269,movement,520,564,1709733996619
8941269,8941269,movement,528,565,1709733996637
8941269,8941269,movement,541,566,1709733996653
8941269,8941269,movement,557,569,1709733996676
8941269,8941269,movement,582,570,1709733996695
8941269,8941269,movement,598,568,1709733996705
8941269,8941269,movement,615,566,1709733996723
8941269,8941269,movement,630,562,1709733996735
8941269,8941269,movement,655,556,1709733996759
8941269,8941269,movement,661,555,1709733996769
8941269,8941269,movement,668,554,1709733996786
8941269,8941269,movement,675,553,1709733996804
8941269,8941269,movement,678,551,1709733996828
8941269,8941269,movement,684,543,1709733996858
8941269,8941269,movement,692,527,1709733996895
8941269,8941269,movement,699,510,1709733996930
8941269,8941269,movement,706,503,1709733996961
8941269,8941269,movement,708,502,1709733996973
8941269,8941269,movement,714,499,1709733996985
8941269,8941269,movement,723,497,1709733997005
8941269,8941269,movement,734,494,1709733997019
8941269,8941269,movement,745,491,1709733997036
8941269,8941269,movement,760,485,1709733997060
8941269,8941269,movement,762,483,1709733997076
8941269,8941269,movement,762,483,1709733997092
8941269,8941269,movement,763,482,1709733997116
8941269,8941269,movement,765,481,1709733997131
8941269,8941269,movement,766,481,1709733997145
8941269,8941269,movement,767,480,1709733997162
8941269,8941269,movement,768,480,1709733997179
8941269,8941269,movement,768,477,1709733997212
8941269,8941269,movement,768,461,1709733997250
8941269,8941269,movement,777,443,1709733997289
8941269,8941269,movement,782,429,1709733997313
8941269,8941269,movement,782,425,1709733997318
8941269,8941269,movement,782,414,1709733997342
8941269,8941269,movement,782,406,1709733997355
8941269,8941269,movement,782,403,1709733997371
8941269,8941269,movement,782,403,1709733997385
8941269,8941269,movement,782,404,1709733997402
8941269,8941269,movement,782,410,1709733997426
8941269,8941269,movement,785,414,1709733997443
8941269,8941269,movement,785,409,1709733997491
8941269,8941269,movement,787,401,1709733997509
8941269,8941269,movement,790,397,1709733997531
8941269,8941269,movement,794,393,1709733997565
8941269,8941269,movement,794,394,1709733997605
8941269,8941269,movement,795,394,1709733997619
8941269,8941269,movement,795,394,1709733997635
8941269,8941269,movement,796,395,1709733997652
8941269,8941269,movement,794,395,1709733997668
8941269,8941269,movement,780,396,1709733997685
8941269,8941269,movement,761,399,1709733997701
8941269,8941269,movement,742,405,1709733997723
8941269,8941269,movement,730,410,1709733997735
8941269,8941269,movement,730,410,1709733997918
8941269,8941269,movement,733,407,1709733997925
8941269,8941269,movement,742,402,1709733997940
8941269,8941269,movement,765,394,1709733997954
8941269,8941269,movement,792,390,1709733997969
8941269,8941269,movement,818,382,1709733997990
8941269,8941269,movement,837,378,1709733998003
8941269,8941269,movement,862,371,1709733998025
8941269,8941269,movement,935,362,1709733998047
8941269,8941269,movement,976,361,1709733998053
8941269,8941269,movement,1062,351,1709733998068
8941269,8941269,movement,1149,340,1709733998090
8941269,8941269,movement,1226,330,1709733998109
8941269,8941269,movement,1326,311,1709733998127
8941269,8941269,movement,1377,298,1709733998139
8941269,8941269,movement,1413,288,1709733998160
8941269,8941269,movement,1447,278,1709733998190
8941269,8941269,movement,1454,275,1709733998204
8941269,8941269,movement,1457,274,1709733998208
8941269,8941269,movement,1461,273,1709733998219
8941269,8941269,movement,1466,270,1709733998236
8941269,8941269,movement,1470,266,1709733998254
8941269,8941269,movement,1474,261,1709733998270
8941269,8941269,movement,1477,254,1709733998290
8941269,8941269,movement,1478,246,1709733998313
8941269,8941269,movement,1473,237,1709733998329
8941269,8941269,movement,1470,234,1709733998336
8941269,8941269,movement,1463,231,1709733998352
8941269,8941269,movement,1460,229,1709733998367
8941269,8941269,movement,1459,228,1709733998385
8941269,8941269,movement,1459,226,1709733998402
8941269,8941269,movement,1458,225,1709733998418
8941269,8941269,movement,1455,222,1709733998436
8941269,8941269,movement,1454,216,1709733998451
8941269,8941269,movement,1450,211,1709733998467
8941269,8941269,movement,1445,202,1709733998484
8941269,8941269,movement,1441,198,1709733998501
8941269,8941269,movement,1439,197,1709733998517
8941269,8941269,movement,1438,195,1709733998521
8941269,8941269,movement,1437,193,1709733998534
8941269,8941269,movement,1436,192,1709733998552
8941269,8941269,movement,1436,191,1709733998567
8941269,8941269,movement,1435,190,1709733998623
8941269,8941269,movement,1435,188,1709733998639
8941269,8941269,movement,1435,186,1709733998655
8941269,8941269,mousedown,1435,186,1709733998693
8941269,8941269,movement,1435,186,1709733998734
8941269,8941269,movement,1435,185,1709733998784
8941269,8941269,mouseup,1435,185,1709733998826
8941269,8941269,movement,1435,184,1709733998830
8941269,8941269,movement,1435,183,1709733998882
8941269,8941269,movement,1435,182,1709733999030
8941269,8941269,movement,1435,182,1709733999071
8941269,8941269,movement,1434,181,1709733999089
8941269,8941269,movement,1434,180,1709733999120
8941269,8941269,movement,1434,177,1709733999549
8941269,8941269,singleclick,1434,177,1709733998829
8941269,8941269,mousedown,1434,177,1709734000059
8941269,8941269,mouseup,1434,177,1709734000151
8941269,8941269,movement,1433,177,1709734000522
8941269,8941269,movement,1432,177,1709734000534
8941269,8941269,movement,1431,178,1709734000551
8941269,8941269,singleclick,1431,178,1709734000153
8941269,8941269,movement,1430,178,1709734000567
8941269,8941269,movement,1430,179,1709734000586
8941269,8941269,movement,1428,182,1709734000605
8941269,8941269,movement,1427,183,1709734000619
8941269,8941269,movement,1426,184,1709734000635
8941269,8941269,movement,1425,185,1709734000649
8941269,8941269,movement,1425,186,1709734000665
8941269,8941269,movement,1423,186,1709734000690
8941269,8941269,movement,1422,188,1709734000722
8941269,8941269,movement,1418,190,1709734000753
8941269,8941269,movement,1414,192,1709734000770
8941269,8941269,movement,1413,193,1709734000785
8941269,8941269,movement,1410,195,1709734000800
8941269,8941269,movement,1404,200,1709734000818
8941269,8941269,movement,1398,204,1709734000838
8941269,8941269,movement,1390,209,1709734000850
8941269,8941269,movement,1374,216,1709734000866
8941269,8941269,movement,1354,223,1709734000883
8941269,8941269,movement,1334,233,1709734000898
8941269,8941269,movement,1310,243,1709734000918
8941269,8941269,movement,1286,254,1709734000943
8941269,8941269,movement,1184,290,1709734000966
8941269,8941269,movement,1054,340,1709734000988
8941269,8941269,movement,934,393,1709734001013
8941269,8941269,movement,782,465,1709734001040
8941269,8941269,movement,679,502,1709734001062
8941269,8941269,movement,620,523,1709734001083
8941269,8941269,movement,598,530,1709734001098
8941269,8941269,movement,583,533,1709734001123
8941269,8941269,movement,574,538,1709734001144
8941269,8941269,movement,573,538,1709734001152
8941269,8941269,movement,572,539,1709734001166
8941269,8941269,movement,572,541,1709734001183
8941269,8941269,movement,574,550,1709734001203
8941269,8941269,movement,576,558,1709734001215
8941269,8941269,movement,578,564,1709734001235
8941269,8941269,movement,581,569,1709734001248
8941269,8941269,movement,584,572,1709734001265
8941269,8941269,movement,588,576,1709734001288
8941269,8941269,movement,600,581,1709734001324
8941269,8941269,movement,606,582,1709734001344
8941269,8941269,movement,609,582,1709734001348
8941269,8941269,movement,618,583,1709734001369
8941269,8941269,movement,626,585,1709734001386
8941269,8941269,movement,634,587,1709734001399
8941269,8941269,movement,640,590,1709734001416
8941269,8941269,movement,642,590,1709734001432
8941269,8941269,movement,645,591,1709734001448
8941269,8941269,movement,646,591,1709734001502
8941269,8941269,movement,646,591,1709734001601
8941269,8941269,movement,647,591,1709734001741
8941269,8941269,movement,648,591,1709734001757
8941269,8941269,movement,649,591,1709734001765
8941269,8941269,movement,649,590,1709734001781
8941269,8941269,movement,649,590,1709734001923
8941269,8941269,movement,650,590,1709734001936
8941269,8941269,movement,650,589,1709734001952
8941269,8941269,movement,650,588,1709734002049
8941269,8941269,movement,650,586,1709734002066
8941269,8941269,movement,649,585,1709734002082
8941269,8941269,movement,647,582,1709734002102
8941269,8941269,movement,646,578,1709734002116
8941269,8941269,movement,646,576,1709734002132
8941269,8941269,movement,642,571,1709734002154
8941269,8941269,movement,638,567,1709734002174
8941269,8941269,movement,637,566,1709734002183
8941269,8941269,movement,634,562,1709734002202
8941269,8941269,movement,630,558,1709734002218
8941269,8941269,movement,623,550,1709734002231
8941269,8941269,movement,616,543,1709734002252
8941269,8941269,movement,598,528,1709734002274
8941269,8941269,movement,562,498,1709734002304
8941269,8941269,movement,545,482,1709734002323
8941269,8941269,movement,511,456,1709734002358
8941269,8941269,movement,505,452,1709734002395
8941269,8941269,movement,503,451,1709734002409
8941269,8941269,movement,503,452,1709734002606
8941269,8941269,movement,505,453,1709734002638
8941269,8941269,movement,506,454,1709734002717
8941269,8941269,movement,511,449,1709734002786
8941269,8941269,movement,513,449,1709734002807
8941269,8941269,movement,514,449,1709734002830
8941269,8941269,movement,514,448,1709734002846
8941269,8941269,movement,517,447,1709734002863
8941269,8941269,movement,520,447,1709734002880
8941269,8941269,movement,525,447,1709734002897
8941269,8941269,movement,534,450,1709734002916
8941269,8941269,movement,546,455,1709734002936
8941269,8941269,movement,558,464,1709734002957
8941269,8941269,movement,560,466,1709734002963
8941269,8941269,movement,569,475,1709734002982
8941269,8941269,movement,578,483,1709734003000
8941269,8941269,movement,581,484,1709734003013
8941269,8941269,movement,582,483,1709734003291
8941269,8941269,movement,582,481,1709734003303
8941269,8941269,movement,583,481,1709734003305
8941269,8941269,movement,583,479,1709734003315
8941269,8941269,movement,583,478,1709734003330
8941269,8941269,movement,583,478,1709734003346
8941269,8941269,movement,583,476,1709734003364
8941269,8941269,movement,582,476,1709734003384
8941269,8941269,movement,582,475,1709734003396
8941269,8941269,movement,582,474,1709734003413
8941269,8941269,movement,582,474,1709734003430
8941269,8941269,movement,582,470,1709734003446
8941269,8941269,movement,580,465,1709734003463
8941269,8941269,movement,579,463,1709734003483
8941269,8941269,movement,578,462,1709734003504
8941269,8941269,movement,578,459,1709734003513
8941269,8941269,movement,576,458,1709734003529
8941269,8941269,movement,575,456,1709734003545
8941269,8941269,movement,574,456,1709734003563
8941269,8941269,movement,573,455,1709734003580
8941269,8941269,movement,572,455,1709734003617
8941269,8941269,movement,571,455,1709734003642
8941269,8941269,movement,571,456,1709734003737
8941269,8941269,movement,570,456,1709734003771
8941269,8941269,movement,570,457,1709734003772
8941269,8941269,movement,570,457,1709734003779
8941269,8941269,movement,570,458,1709734003797
8941269,8941269,movement,570,458,1709734003813
8941269,8941269,movement,570,459,1709734003829
8941269,8941269,movement,569,460,1709734003846
8941269,8941269,movement,568,461,1709734003862
8941269,8941269,movement,568,462,1709734003880
8941269,8941269,movement,567,462,1709734003941
8941269,8941269,movement,567,464,1709734003985
8941269,8941269,movement,566,464,1709734004000
8941269,8941269,movement,566,465,1709734004012
8941269,8941269,movement,566,466,1709734004014
8941269,8941269,movement,566,466,1709734004029
8941269,8941269,movement,564,467,1709734004045
8941269,8941269,movement,562,468,1709734004063
8941269,8941269,movement,561,469,1709734004084
8941269,8941269,movement,558,469,1709734004096
8941269,8941269,movement,557,469,1709734004114
8941269,8941269,movement,555,469,1709734004130
8941269,8941269,movement,554,469,1709734004147
8941269,8941269,movement,554,470,1709734004202
8941269,8941269,movement,554,471,1709734004217
8941269,8941269,movement,554,471,1709734004231
8941269,8941269,movement,555,473,1709734004238
8941269,8941269,movement,556,474,1709734004246
8941269,8941269,movement,557,475,1709734004262
8941269,8941269,movement,558,477,1709734004279
8941269,8941269,movement,559,477,1709734004297
8941269,8941269,movement,561,479,1709734004317
8941269,8941269,movement,562,480,1709734004334
8941269,8941269,movement,562,481,1709734004355
8941269,8941269,movement,564,483,1709734004377
8941269,8941269,movement,565,484,1709734004385
8941269,8941269,movement,566,486,1709734004395
8941269,8941269,movement,569,488,1709734004411
8941269,8941269,movement,569,490,1709734004432
8941269,8941269,movement,570,490,1709734004445
8941269,8941269,movement,570,490,1709734004481
8941269,8941269,movement,570,490,1709734004488
8941269,8941269,movement,571,490,1709734004512
8941269,8941269,movement,571,491,1709734004628
8941269,8941269,movement,572,491,1709734004814
8941269,8941269,movement,573,493,1709734004842
8941269,8941269,movement,573,494,1709734004986
8941269,8941269,movement,573,494,1709734005006
8941269,8941269,movement,574,495,1709734005143
8941269,8941269,movement,574,495,1709734005172
8941269,8941269,movement,574,496,1709734005184
8941269,8941269,movement,576,498,1709734005199
8941269,8941269,movement,580,500,1709734005220
8941269,8941269,movement,581,501,1709734005227
8941269,8941269,movement,582,502,1709734005245
8941269,8941269,movement,584,502,1709734005261
8941269,8941269,movement,586,502,1709734005289
8941269,8941269,movement,586,502,1709734005296
8941269,8941269,movement,588,502,1709734005312
8941269,8941269,movement,590,502,1709734005328
8941269,8941269,movement,598,502,1709734005345
8941269,8941269,movement,606,503,1709734005365
8941269,8941269,movement,616,504,1709734005382
8941269,8941269,movement,630,507,1709734005396
8941269,8941269,movement,644,511,1709734005412
8941269,8941269,movement,657,514,1709734005428
8941269,8941269,movement,664,516,1709734005445
8941269,8941269,movement,670,517,1709734005462
8941269,8941269,movement,674,518,1709734005481
8941269,8941269,movement,675,518,1709734005495
8941269,8941269,movement,676,518,1709734005512
8941269,8941269,movement,677,518,1709734005531
8941269,8941269,movement,678,518,1709734005546
8941269,8941269,movement,678,520,1709734005561
8941269,8941269,movement,679,520,1709734005577
8941269,8941269,movement,679,522,1709734005598
8941269,8941269,movement,679,523,1709734005615
8941269,8941269,movement,679,525,1709734005628
8941269,8941269,movement,679,526,1709734005644
8941269,8941269,movement,678,526,1709734005664
8941269,8941269,movement,678,526,1709734005679
8941269,8941269,movement,678,527,1709734005712
8941269,8941269,movement,678,527,1709734005730
8941269,8941269,movement,678,528,1709734005747
8941269,8941269,movement,678,529,1709734005761
8941269,8941269,movement,677,529,1709734005784
8941269,8941269,movement,677,530,1709734005811
8941269,8941269,movement,677,530,1709734005825
8941269,8941269,movement,676,530,1709734006064
8941269,8941269,movement,675,530,1709734006200
8941269,8941269,movement,674,530,1709734006238
8941269,8941269,movement,674,531,1709734006388
8941269,8941269,movement,674,532,1709734006402
8941269,8941269,movement,674,533,1709734006423
8941269,8941269,movement,674,534,1709734006595
8941269,8941269,movement,674,534,1709734006626
8941269,8941269,movement,674,534,1709734006662
8941269,8941269,movement,673,534,1709734006680
8941269,8941269,movement,673,534,1709734006900
8941269,8941269,movement,672,533,1709734006939
8941269,8941269,movement,671,533,1709734006946
8941269,8941269,movement,671,532,1709734006957
8941269,8941269,movement,670,531,1709734006981
8941269,8941269,movement,670,531,1709734007085
8941269,8941269,movement,669,530,1709734007281
8941269,8941269,movement,669,530,1709734007335
8941269,8941269,movement,668,530,1709734007365
8941269,8941269,movement,667,530,1709734007397
8941269,8941269,movement,666,530,1709734007469
8941269,8941269,movement,666,529,1709734007485
8941269,8941269,movement,666,528,1709734007531
8941269,8941269,movement,665,528,1709734007571
8941269,8941269,movement,664,527,1709734007686
8941269,8941269,movement,663,527,1709734007731
8941269,8941269,movement,662,527,1709734007747
8941269,8941269,movement,662,526,1709734007754
8941269,8941269,movement,662,526,1709734007779
8941269,8941269,movement,661,526,1709734007784
8941269,8941269,movement,660,526,1709734007871
8941269,8941269,movement,659,526,1709734007886
8941269,8941269,movement,658,526,1709734007949
8941269,8941269,movement,658,526,1709734007956
8941269,8941269,movement,657,526,1709734007964
8941269,8941269,movement,655,526,1709734007980
8941269,8941269,movement,654,526,1709734007999
8941269,8941269,movement,650,526,1709734008026
8941269,8941269,movement,645,526,1709734008052
8941269,8941269,movement,642,527,1709734008058
8941269,8941269,movement,638,528,1709734008075
8941269,8941269,movement,634,528,1709734008091
8941269,8941269,movement,633,528,1709734008109
8941269,8941269,movement,632,528,1709734008128
8941269,8941269,movement,630,528,1709734008250
8941269,8941269,movement,628,530,1709734008289
8941269,8941269,movement,627,531,1709734008320
8941269,8941269,movement,626,531,1709734008403
8941269,8941269,movement,626,531,1709734008541
8941269,8941269,movement,625,531,1709734008548
8941269,8941269,movement,623,532,1709734008571
8941269,8941269,movement,622,533,1709734008583
8941269,8941269,movement,618,534,1709734008604
8941269,8941269,movement,617,534,1709734008612
8941269,8941269,movement,614,534,1709734008626
8941269,8941269,movement,611,534,1709734008641
8941269,8941269,movement,609,535,1709734008658
8941269,8941269,movement,607,536,1709734008675
8941269,8941269,movement,606,537,1709734008693
8941269,8941269,movement,604,537,1709734008710
8941269,8941269,movement,602,537,1709734008727
8941269,8941269,movement,602,537,1709734008752
8941269,8941269,movement,601,537,1709734008776
8941269,8941269,movement,599,536,1709734008791
8941269,8941269,movement,598,536,1709734008819
8941269,8941269,movement,598,535,1709734008826
8941269,8941269,movement,597,535,1709734008883
8941269,8941269,movement,596,535,1709734008898
8941269,8941269,movement,595,535,1709734008913
8941269,8941269,movement,594,535,1709734008960
8941269,8941269,movement,594,535,1709734008975
8941269,8941269,movement,592,535,1709734008998
8941269,8941269,movement,591,535,1709734009012
8941269,8941269,movement,586,535,1709734009039
8941269,8941269,movement,584,534,1709734009055
8941269,8941269,movement,582,534,1709734009060
8941269,8941269,movement,580,534,1709734009075
8941269,8941269,movement,576,534,1709734009092
8941269,8941269,movement,563,534,1709734009109
8941269,8941269,movement,551,534,1709734009124
8941269,8941269,movement,532,532,1709734009149
8941269,8941269,movement,502,530,1709734009166
8941269,8941269,movement,491,530,1709734009174
8941269,8941269,movement,469,530,1709734009193
8941269,8941269,movement,445,530,1709734009208
8941269,8941269,movement,422,530,1709734009224
8941269,8941269,movement,386,532,1709734009242
8941269,8941269,movement,365,534,1709734009265
8941269,8941269,movement,342,535,1709734009283
8941269,8941269,movement,332,538,1709734009296
8941269,8941269,movement,329,539,1709734009308
8941269,8941269,movement,324,539,1709734009325
8941269,8941269,movement,323,539,1709734009343
8941269,8941269,movement,322,539,1709734009358
8941269,8941269,movement,322,540,1709734009400
8941269,8941269,movement,321,540,1709734009413
8941269,8941269,movement,320,541,1709734009444
8941269,8941269,movement,319,541,1709734009457
8941269,8941269,movement,318,542,1709734009475
8941269,8941269,movement,315,542,1709734009491
8941269,8941269,movement,314,543,1709734009512
8941269,8941269,movement,313,543,1709734009524
8941269,8941269,movement,312,544,1709734009544
8941269,8941269,movement,311,544,1709734009559
8941269,8941269,movement,310,545,1709734009577
8941269,8941269,movement,309,545,1709734009610
8941269,8941269,movement,309,546,1709734009676
8941269,8941269,movement,309,546,1709734009709
8941269,8941269,movement,309,547,1709734009768
8941269,8941269,movement,309,549,1709734009794
8941269,8941269,movement,310,550,1709734009807
8941269,8941269,movement,310,551,1709734009825
8941269,8941269,movement,310,553,1709734009841
8941269,8941269,movement,311,554,1709734009861
8941269,8941269,movement,311,555,1709734009875
8941269,8941269,movement,311,558,1709734009893
8941269,8941269,movement,310,558,1709734009908
8941269,8941269,movement,310,558,1709734009946
8941269,8941269,movement,310,558,1709734009959
8941269,8941269,movement,310,559,1709734009995
8941269,8941269,movement,309,560,1709734010057
8941269,8941269,movement,309,561,1709734010090
8941269,8941269,movement,308,561,1709734010094
8941269,8941269,movement,307,561,1709734010119
8941269,8941269,movement,307,562,1709734010229
8941269,8941269,movement,306,562,1709734010251
8941269,8941269,movement,306,562,1709734010259
8941269,8941269,movement,306,563,1709734010274
8941269,8941269,movement,306,564,1709734010290
8941269,8941269,movement,305,566,1709734010306
8941269,8941269,movement,304,566,1709734010324
8941269,8941269,movement,304,567,1709734010342
8941269,8941269,movement,303,568,1709734010376
8941269,8941269,movement,304,569,1709734010436
8941269,8941269,movement,304,570,1709734010454
8941269,8941269,movement,304,570,1709734010470
8941269,8941269,movement,304,571,1709734010480
8941269,8941269,movement,304,572,1709734010491
8941269,8941269,movement,304,574,1709734010520
8941269,8941269,movement,304,574,1709734010546
8941269,8941269,movement,304,575,1709734010575
8941269,8941269,movement,304,577,1709734010611
8941269,8941269,movement,306,578,1709734010626
8941269,8941269,movement,306,579,1709734010642
8941269,8941269,movement,306,580,1709734010658
8941269,8941269,movement,306,581,1709734010675
8941269,8941269,movement,306,582,1709734010690
8941269,8941269,movement,306,583,1709734010714
8941269,8941269,movement,306,583,1709734010724
8941269,8941269,movement,305,583,1709734010740
8941269,8941269,movement,303,583,1709734010758
8941269,8941269,movement,302,582,1709734010780
8941269,8941269,movement,300,579,1709734010794
8941269,8941269,movement,300,578,1709734010810
8941269,8941269,movement,299,578,1709734010825
8941269,8941269,movement,299,577,1709734010839
8941269,8941269,movement,299,576,1709734010856
8941269,8941269,movement,301,576,1709734010873
8941269,8941269,movement,302,576,1709734010889
8941269,8941269,movement,307,575,1709734010906
8941269,8941269,movement,317,574,1709734010922
8941269,8941269,movement,330,573,1709734010943
8941269,8941269,movement,342,571,1709734010965
8941269,8941269,movement,358,570,1709734010989
8941269,8941269,movement,364,570,1709734011008
8941269,8941269,movement,367,570,1709734011022
8941269,8941269,movement,370,570,1709734011040
8941269,8941269,movement,371,571,1709734011055
8941269,8941269,movement,374,573,1709734011076
8941269,8941269,movement,380,575,1709734011090
8941269,8941269,movement,381,576,1709734011105
8941269,8941269,movement,382,576,1709734011178
8941269,8941269,movement,382,576,1709734011199
8941269,8941269,movement,383,576,1709734011213
8941269,8941269,movement,383,577,1709734011238
8941269,8941269,movement,384,577,1709734011419
8941269,8941269,movement,386,578,1709734011442
8941269,8941269,movement,386,578,1709734011456
8941269,8941269,movement,386,578,1709734011472
8941269,8941269,movement,386,579,1709734011489
8941269,8941269,movement,386,579,1709734011923
8941269,8941269,movement,386,580,1709734012234
8941269,8941269,movement,386,582,1709734012251
8941269,8941269,movement,386,582,1709734012256
8941269,8941269,movement,387,582,1709734012264
8941269,8941269,movement,387,583,1709734012274
8941269,8941269,movement,387,584,1709734012292
8941269,8941269,movement,388,586,1709734012305
8941269,8941269,movement,389,586,1709734012321
8941269,8941269,movement,389,587,1709734012420
8941269,8941269,movement,389,588,1709734012507
8941269,8941269,movement,389,589,1709734012514
8941269,8941269,movement,389,590,1709734012710
8941269,8941269,movement,388,590,1709734013051
8941269,8941269,movement,388,590,1709734013060
8941269,8941269,movement,386,592,1709734013066
8941269,8941269,movement,385,592,1709734013075
8941269,8941269,movement,382,593,1709734013089
8941269,8941269,movement,376,596,1709734013104
8941269,8941269,movement,366,599,1709734013121
8941269,8941269,movement,355,601,1709734013141
8941269,8941269,movement,341,602,1709734013160
8941269,8941269,movement,333,601,1709734013174
8941269,8941269,movement,331,601,1709734013190
8941269,8941269,movement,329,601,1709734013205
8941269,8941269,movement,324,601,1709734013224
8941269,8941269,movement,320,601,1709734013247
8941269,8941269,movement,314,601,1709734013265
8941269,8941269,movement,313,602,1709734013270
8941269,8941269,movement,309,604,1709734013291
8941269,8941269,movement,306,609,1709734013305
8941269,8941269,movement,302,614,1709734013326
8941269,8941269,movement,298,618,1709734013344
8941269,8941269,movement,297,620,1709734013357
8941269,8941269,movement,296,622,1709734013371
8941269,8941269,movement,295,622,1709734013387
8941269,8941269,movement,295,622,1709734013405
8941269,8941269,movement,295,623,1709734013447
8941269,8941269,movement,295,624,1709734013453
8941269,8941269,movement,295,625,1709734013470
8941269,8941269,movement,295,627,1709734013488
8941269,8941269,movement,295,630,1709734013504
8941269,8941269,movement,295,631,1709734013522
8941269,8941269,movement,295,632,1709734013538
8941269,8941269,movement,295,633,1709734013604
8941269,8941269,movement,295,634,1709734013706
8941269,8941269,movement,294,634,1709734013730
8941269,8941269,movement,294,635,1709734013734
8941269,8941269,movement,294,635,1709734013742
8941269,8941269,movement,294,636,1709734013770
8941269,8941269,movement,293,636,1709734013825
8941269,8941269,movement,292,636,1709734013909
8941269,8941269,movement,291,638,1709734013927
8941269,8941269,movement,290,638,1709734013942
8941269,8941269,movement,290,638,1709734013956
8941269,8941269,movement,289,638,1709734013971
8941269,8941269,movement,288,638,1709734013989
8941269,8941269,movement,288,639,1709734014006
8941269,8941269,movement,287,639,1709734014023
8941269,8941269,movement,286,639,1709734014091
8941269,8941269,movement,286,639,1709734014106
8941269,8941269,movement,285,639,1709734014122
8941269,8941269,movement,284,639,1709734014136
8941269,8941269,movement,283,639,1709734014154
8941269,8941269,mousedown,283,639,1709734014252
8941269,8941269,mouseup,283,639,1709734014344
8941269,8941269,movement,284,635,1709734014589
8941269,8941269,movement,306,562,1709734014664
8941269,8941269,movement,398,203,1709734014764
8941269,8941269,movement,401,194,1709734014774
8941269,8941269,movement,419,154,1709734014885
8941269,8941269,movement,431,167,1709734014974
8941269,8941269,movement,431,178,1709734015055
8941269,8941269,singleclick,431,178,1709734014356
8941269,8941269,movement,413,179,1709734015135
8941269,8941269,movement,412,180,1709734015143
8941269,8941269,movement,411,180,1709734015151
8941269,8941269,movement,410,180,1709734015168
8941269,8941269,movement,409,180,1709734015202
8941269,8941269,movement,406,179,1709734015214
8941269,8941269,movement,406,178,1709734015233
8941269,8941269,movement,404,178,1709734015245
8941269,8941269,movement,403,178,1709734015256
8941269,8941269,movement,402,178,1709734015271
8941269,8941269,movement,401,178,1709734015286
8941269,8941269,movement,400,177,1709734015306
8941269,8941269,movement,399,177,1709734015321
8941269,8941269,movement,398,177,1709734015337
8941269,8941269,movement,398,177,1709734015354
8941269,8941269,movement,397,177,1709734015371
8941269,8941269,movement,395,177,1709734015392
8941269,8941269,movement,394,177,1709734015404
8941269,8941269,movement,394,176,1709734015421
8941269,8941269,movement,394,176,1709734015463
8941269,8941269,movement,394,175,1709734015478
8941269,8941269,movement,393,175,1709734015493
8941269,8941269,mousedown,393,175,1709734015556
8941269,8941269,mouseup,393,175,1709734015664
8941269,8941269,movement,392,175,1709734015819
8941269,8941269,movement,392,176,1709734015913
8941269,8941269,movement,392,177,1709734015937
8941269,8941269,movement,392,178,1709734015952
8941269,8941269,movement,392,178,1709734015969
8941269,8941269,movement,392,181,1709734015985
8941269,8941269,movement,391,182,1709734016001
8941269,8941269,movement,390,184,1709734016019
8941269,8941269,movement,390,186,1709734016035
8941269,8941269,movement,386,190,1709734016051
8941269,8941269,movement,381,194,1709734016069
8941269,8941269,movement,372,199,1709734016084
8941269,8941269,singleclick,372,199,1709734015680
8941269,8941269,movement,362,205,1709734016101
8941269,8941269,movement,355,214,1709734016119
8941269,8941269,movement,354,224,1709734016136
8941269,8941269,movement,357,237,1709734016153
8941269,8941269,movement,368,251,1709734016169
8941269,8941269,movement,386,268,1709734016185
8941269,8941269,movement,447,302,1709734016201
8941269,8941269,movement,515,335,1709734016218
8941269,8941269,movement,567,359,1709734016236
8941269,8941269,movement,607,377,1709734016253
8941269,8941269,movement,646,394,1709734016270
8941269,8941269,movement,678,408,1709734016286
8941269,8941269,movement,705,419,1709734016303
8941269,8941269,movement,722,429,1709734016318
8941269,8941269,movement,746,442,1709734016335
8941269,8941269,movement,762,451,1709734016351
8941269,8941269,movement,772,459,1709734016368
8941269,8941269,movement,780,463,1709734016385
8941269,8941269,movement,785,466,1709734016403
8941269,8941269,movement,789,468,1709734016417
8941269,8941269,movement,790,468,1709734016436
8941269,8941269,movement,791,468,1709734016451
8941269,8941269,movement,798,471,1709734016467
8941269,8941269,movement,810,476,1709734016484
8941269,8941269,movement,821,481,1709734016501
8941269,8941269,movement,839,489,1709734016518
8941269,8941269,movement,853,495,1709734016536
8941269,8941269,movement,859,499,1709734016551
8941269,8941269,movement,863,502,1709734016567
8941269,8941269,movement,866,503,1709734016584
8941269,8941269,movement,866,505,1709734016601
8941269,8941269,movement,870,506,1709734016619
8941269,8941269,movement,871,507,1709734016636
8941269,8941269,movement,873,507,1709734016650
8941269,8941269,movement,874,507,1709734016668
8941269,8941269,movement,874,508,1709734016684
8941269,8941269,movement,875,508,1709734016700
8941269,8941269,movement,875,509,1709734016718
8941269,8941269,movement,879,511,1709734016734
8941269,8941269,movement,885,515,1709734016753
8941269,8941269,movement,887,518,1709734016769
8941269,8941269,movement,889,518,1709734016787
8941269,8941269,movement,890,518,1709734016884
8941269,8941269,movement,890,519,1709734016933
8941269,8941269,movement,889,520,1709734016987
8941269,8941269,movement,888,520,1709734017002
8941269,8941269,movement,885,521,1709734017020
8941269,8941269,movement,880,521,1709734017040
8941269,8941269,movement,875,521,1709734017052
8941269,8941269,movement,872,521,1709734017068
8941269,8941269,movement,871,521,1709734017083
8941269,8941269,movement,870,521,1709734017102
8941269,8941269,movement,869,521,1709734017119
8941269,8941269,movement,866,521,1709734017134
8941269,8941269,movement,863,522,1709734017152
8941269,8941269,movement,860,522,1709734017167
8941269,8941269,movement,858,522,1709734017190
8941269,8941269,movement,855,523,1709734017203
8941269,8941269,movement,854,523,1709734017220
8941269,8941269,movement,851,523,1709734017235
8941269,8941269,movement,850,523,1709734017253
8941269,8941269,movement,847,524,1709734017268
8941269,8941269,movement,846,524,1709734017287
8941269,8941269,movement,842,525,1709734017303
8941269,8941269,movement,839,525,1709734017321
8941269,8941269,movement,838,526,1709734017335
8941269,8941269,movement,838,526,1709734017352
8941269,8941269,movement,838,526,1709734017386
8941269,8941269,movement,837,526,1709734017437
8941269,8941269,mousedown,837,526,1709734017480
8941269,8941269,mouseup,837,526,1709734017582
8941269,8941269,movement,837,525,1709734017863
8941269,8941269,movement,837,522,1709734017884
8941269,8941269,movement,837,520,1709734017899
8941269,8941269,movement,837,518,1709734017927
8941269,8941269,singleclick,837,518,1709734017591
8941269,8941269,movement,837,518,1709734018046
8941269,8941269,movement,837,517,1709734018062
8941269,8941269,movement,837,516,1709734018083
8941269,8941269,movement,837,515,1709734018100
8941269,8941269,movement,837,513,1709734018118
8941269,8941269,movement,837,512,1709734018135
8941269,8941269,movement,837,511,1709734018154
8941269,8941269,movement,838,511,1709734018166
8941269,8941269,movement,840,509,1709734018193
8941269,8941269,movement,843,506,1709734018216
8941269,8941269,movement,848,505,1709734018232
8941269,8941269,movement,852,504,1709734018249
8941269,8941269,movement,857,503,1709734018272
8941269,8941269,movement,860,501,1709734018286
8941269,8941269,movement,862,500,1709734018299
8941269,8941269,movement,864,499,1709734018319
8941269,8941269,movement,865,499,1709734018333
8941269,8941269,movement,866,499,1709734018349
8941269,8941269,movement,870,499,1709734018365
8941269,8941269,movement,870,499,1709734018383
8941269,8941269,movement,872,499,1709734018409
8941269,8941269,movement,873,498,1709734018437
8941269,8941269,movement,876,497,1709734018584
8941269,8941269,movement,834,474,1709734018759
8941269,8941269,movement,814,467,1709734018774
8941269,8941269,movement,798,461,1709734018803
8941269,8941269,movement,770,442,1709734018818
8941269,8941269,movement,750,427,1709734018831
8941269,8941269,movement,726,404,1709734018855
8941269,8941269,movement,671,318,1709734018902
8941269,8941269,movement,614,231,1709734018940
8941269,8941269,movement,524,103,1709734018965
8941269,8941269,movement,387,172,1709734029940
8941269,8941269,movement,367,193,1709734029960
8941269,8941269,movement,345,214,1709734029986
8941269,8941269,movement,314,247,1709734030011
8941269,8941269,movement,306,259,1709734030027
8941269,8941269,movement,297,276,1709734030040
8941269,8941269,movement,292,290,1709734030057
8941269,8941269,movement,289,304,1709734030077
8941269,8941269,movement,284,321,1709734030093
8941269,8941269,movement,283,326,1709734030104
8941269,8941269,movement,281,333,1709734030138
8941269,8941269,movement,280,343,1709734030151
8941269,8941269,movement,280,346,1709734030154
8941269,8941269,movement,280,348,1709734030172
8941269,8941269,movement,282,354,1709734030188
8941269,8941269,movement,292,368,1709734030211
8941269,8941269,movement,300,379,1709734030229
8941269,8941269,movement,313,394,1709734030243
8941269,8941269,movement,322,406,1709734030263
8941269,8941269,movement,332,418,1709734030278
8941269,8941269,movement,342,429,1709734030288
8941269,8941269,movement,353,439,1709734030314
8941269,8941269,movement,365,446,1709734030331
8941269,8941269,movement,377,453,1709734030343
8941269,8941269,movement,393,456,1709734030355
8941269,8941269,movement,397,458,1709734030371
8941269,8941269,movement,411,457,1709734030390
8941269,8941269,movement,415,457,1709734030405
8941269,8941269,movement,433,455,1709734030421
8941269,8941269,movement,453,455,1709734030439
8941269,8941269,movement,479,455,1709734030455
8941269,8941269,movement,514,455,1709734030471
8941269,8941269,movement,542,455,1709734030488
8941269,8941269,movement,555,455,1709734030504
8941269,8941269,movement,559,454,1709734030521
8941269,8941269,movement,560,454,1709734030538
8941269,8941269,movement,560,450,1709734030561
8941269,8941269,movement,555,446,1709734030575
8941269,8941269,movement,552,441,1709734030598
8941269,8941269,movement,550,438,1709734030606
8941269,8941269,movement,542,423,1709734030621
8941269,8941269,movement,532,413,1709734030641
8941269,8941269,movement,523,402,1709734030661
8941269,8941269,movement,512,386,1709734030672
8941269,8941269,movement,494,367,1709734030695
8941269,8941269,movement,471,348,1709734030711
8941269,8941269,movement,466,344,1709734030723
8941269,8941269,movement,457,335,1709734030741
8941269,8941269,movement,455,334,1709734030754
8941269,8941269,movement,455,335,1709734030840
8941269,8941269,movement,455,338,1709734030854
8941269,8941269,movement,455,348,1709734030873
8941269,8941269,movement,455,356,1709734030888
8941269,8941269,movement,455,367,1709734030908
8941269,8941269,movement,455,378,1709734030927
8941269,8941269,movement,455,398,1709734030951
8941269,8941269,movement,457,412,1709734030960
8941269,8941269,movement,459,422,1709734030976
8941269,8941269,movement,461,442,1709734030991
8941269,8941269,movement,464,456,1709734031012
8941269,8941269,movement,466,466,1709734031027
8941269,8941269,movement,468,476,1709734031042
8941269,8941269,movement,470,486,1709734031059
8941269,8941269,movement,473,494,1709734031078
8941269,8941269,movement,475,505,1709734031091
8941269,8941269,movement,477,511,1709734031105
8941269,8941269,movement,478,513,1709734031121
8941269,8941269,movement,478,514,1709734031138
8941269,8941269,movement,478,514,1709734031154
8941269,8941269,movement,480,514,1709734031172
8941269,8941269,movement,482,514,1709734031190
8941269,8941269,movement,485,514,1709734031204
8941269,8941269,movement,488,514,1709734031220
8941269,8941269,movement,492,508,1709734031237
8941269,8941269,movement,494,503,1709734031256
8941269,8941269,movement,497,501,1709734031274
8941269,8941269,movement,498,497,1709734031288
8941269,8941269,movement,498,494,1709734031305
8941269,8941269,movement,498,493,1709734031320
8941269,8941269,movement,498,490,1709734031343
8941269,8941269,movement,498,487,1709734031356
8941269,8941269,movement,498,486,1709734031371
8941269,8941269,movement,498,485,1709734031386
8941269,8941269,movement,498,484,1709734031403
8941269,8941269,movement,498,484,1709734031421
8941269,8941269,movement,499,484,1709734031437
8941269,8941269,movement,500,483,1709734031453
8941269,8941269,movement,502,483,1709734031470
8941269,8941269,movement,502,482,1709734031488
8941269,8941269,movement,504,482,1709734031503
8941269,8941269,movement,505,482,1709734031521
8941269,8941269,movement,506,482,1709734031537
8941269,8941269,movement,506,482,1709734031553
8941269,8941269,movement,507,482,1709734031657
8941269,8941269,movement,508,482,1709734031685
8941269,8941269,movement,509,482,1709734031737
8941269,8941269,movement,509,481,1709734031795
8941269,8941269,movement,510,479,1709734031821
8941269,8941269,movement,510,478,1709734031851
8941269,8941269,movement,510,476,1709734031886
8941269,8941269,movement,510,476,1709734031906
8941269,8941269,movement,510,474,1709734031919
8941269,8941269,movement,510,471,1709734031936
8941269,8941269,movement,510,467,1709734031953
8941269,8941269,movement,510,463,1709734031970
8941269,8941269,movement,510,459,1709734031992
8941269,8941269,movement,511,457,1709734032002
8941269,8941269,movement,511,455,1709734032020
8941269,8941269,movement,511,454,1709734032036
8941269,8941269,movement,512,454,1709734032053
8941269,8941269,movement,513,454,1709734032099
8941269,8941269,movement,513,453,1709734032138
8941269,8941269,movement,513,452,1709734032174
8941269,8941269,movement,514,452,1709734032489
8941269,8941269,movement,514,452,1709734032552
8941269,8941269,movement,514,451,1709734032587
8941269,8941269,movement,514,450,1709734032791
8941269,8941269,movement,514,450,1709734032930
8941269,8941269,movement,514,450,1709734032939
8941269,8941269,movement,511,449,1709734032946
8941269,8941269,movement,509,447,1709734032954
8941269,8941269,movement,505,445,1709734032970
8941269,8941269,movement,495,439,1709734032988
8941269,8941269,movement,476,426,1709734033002
8941269,8941269,movement,460,414,1709734033023
8941269,8941269,movement,442,398,1709734033043
8941269,8941269,movement,406,362,1709734033067
8941269,8941269,movement,347,298,1709734033094
8941269,8941269,movement,301,254,1709734033117
8941269,8941269,movement,274,227,1709734033146
8941269,8941269,movement,246,201,1709734033166
8941269,8941269,movement,242,196,1709734033181
8941269,8941269,movement,234,189,1709734033189
8941269,8941269,movement,226,181,1709734033201
8941269,8941269,movement,217,174,1709734033218
8941269,8941269,movement,212,170,1709734033236
8941269,8941269,movement,194,154,1709734033254
8941269,8941269,movement,181,143,1709734033271
8941269,8941269,movement,169,131,1709734033288
8941269,8941269,movement,155,122,1709734033303
8941269,8941269,movement,146,117,1709734033320
8941269,8941269,movement,140,114,1709734033336
8941269,8941269,movement,132,111,1709734033352
8941269,8941269,movement,130,109,1709734033368
8941269,8941269,movement,127,108,1709734033385
8941269,8941269,movement,127,107,1709734033401
8941269,8941269,movement,126,106,1709734033422
8941269,8941269,movement,126,106,1709734033435
8941269,8941269,movement,125,105,1709734033452
8941269,8941269,movement,124,104,1709734033531
8941269,8941269,movement,123,104,1709734033547
8941269,8941269,movement,123,103,1709734033560
8941269,8941269,movement,122,103,1709734033578
8941269,8941269,mousedown,122,103,1709734033580
8941269,8941269,movement,122,102,1709734033590
8941269,8941269,mouseup,122,102,1709734033694
8941269,8941269,movement,123,102,1709734033768
8941269,8941269,movement,124,102,1709734033785
8941269,8941269,movement,125,102,1709734033935
8941269,8941269,movement,126,102,1709734033951
8941269,8941269,movement,126,102,1709734033969
8941269,8941269,movement,127,102,1709734033997
8941269,8941269,movement,127,103,1709734034318
8941269,8941269,movement,127,104,1709734034322
8941269,8941269,movement,127,105,1709734034355
8941269,8941269,movement,127,106,1709734034392
8941269,8941269,movement,127,106,1709734034425
8941269,8941269,movement,128,108,1709734034433
8941269,8941269,movement,129,109,1709734034440
8941269,8941269,movement,129,110,1709734034450
8941269,8941269,movement,131,114,1709734034469
8941269,8941269,movement,138,121,1709734034485
8941269,8941269,movement,150,129,1709734034501
8941269,8941269,movement,169,139,1709734034521
8941269,8941269,movement,206,148,1709734034536
8941269,8941269,movement,230,146,1709734034551
8941269,8941269,movement,258,139,1709734034570
8941269,8941269,movement,283,130,1709734034585
8941269,8941269,movement,306,117,1709734034607
8941269,8941269,movement,322,103,1709734034619
8941269,8941269,movement,324,98,1709734034634
8941269,8941269,movement,324,98,1709734034651
8941269,8941269,movement,324,95,1709734034670
8941269,8941269,movement,323,95,1709734034688
8941269,8941269,movement,320,97,1709734034703
8941269,8941269,movement,310,102,1709734034718
8941269,8941269,movement,291,116,1709734034739
8941269,8941269,movement,261,139,1709734034752
8941269,8941269,movement,251,149,1709734034771
8941269,8941269,movement,242,160,1709734034787
8941269,8941269,movement,238,169,1709734034805
8941269,8941269,movement,239,177,1709734034823
8941269,8941269,movement,249,182,1709734034840
8941269,8941269,movement,274,182,1709734034870
8941269,8941269,movement,336,172,1709734034894
8941269,8941269,movement,468,139,1709734034914
8941269,8941269,movement,558,118,1709734034943
8941269,8941269,movement,597,106,1709734034954
8941269,8941269,movement,608,103,1709734034956
8941269,8941269,movement,622,95,1709734034972
8941269,8941269,movement,630,89,1709734034988
8941269,8941269,movement,634,86,1709734035004
8941269,8941269,movement,577,86,1709734035167
8941269,8941269,movement,554,90,1709734035185
8941269,8941269,movement,537,93,1709734035203
8941269,8941269,movement,522,95,1709734035219
8941269,8941269,movement,512,97,1709734035235
8941269,8941269,movement,511,97,1709734035250
8941269,8941269,movement,514,97,1709734035303
8941269,8941269,movement,517,98,1709734035310
8941269,8941269,movement,523,98,1709734035319
8941269,8941269,movement,538,98,1709734035334
8941269,8941269,movement,586,101,1709734035350
8941269,8941269,movement,716,101,1709734035367
8941269,8941269,movement,817,100,1709734035384
8941269,8941269,movement,914,90,1709734035402
8941269,8941269,movement,958,85,1709734035413
8941269,8941269,movement,1506,87,1709734035886
8941269,8941269,movement,1506,91,1709734035900
8941269,8941269,movement,1506,95,1709734035920
8941269,8941269,movement,1506,102,1709734035933
8941269,8941269,movement,1506,106,1709734035950
8941269,8941269,movement,1506,110,1709734035966
8941269,8941269,movement,1505,111,1709734035983
8941269,8941269,movement,1504,111,1709734036117
8941269,8941269,movement,1504,110,1709734036121
8941269,8941269,movement,1503,106,1709734036137
8941269,8941269,movement,1503,101,1709734036154
8941269,8941269,movement,1500,93,1709734036169
8941269,8941269,movement,1495,85,1709734036189
8941269,8941269,movement,1422,152,1709734037222
8941269,8941269,movement,1422,152,1709734037313
8941269,8941269,movement,1422,152,1709734037475
8941269,8941269,movement,1421,152,1709734037491
8941269,8941269,movement,1420,152,1709734037498
8941269,8941269,movement,1419,151,1709734037521
8941269,8941269,movement,1418,151,1709734037532
8941269,8941269,movement,1418,151,1709734037549
8941269,8941269,movement,1416,150,1709734037565
8941269,8941269,movement,1415,149,1709734037583
8941269,8941269,movement,1414,148,1709734037599
8941269,8941269,movement,1412,146,1709734037614
8941269,8941269,movement,1410,146,1709734037631
8941269,8941269,movement,1408,145,1709734037648
8941269,8941269,movement,1407,145,1709734037665
8941269,8941269,movement,1406,145,1709734037690
8941269,8941269,movement,1408,144,1709734037747
8941269,8941269,movement,1410,143,1709734037752
8941269,8941269,movement,1411,142,1709734037765
8941269,8941269,movement,1416,140,1709734037783
8941269,8941269,movement,1422,136,1709734037800
8941269,8941269,movement,1428,128,1709734037814
8941269,8941269,movement,1430,125,1709734037825
8941269,8941269,movement,1394,138,1709835177024
8941269,8941269,movement,1386,146,1709835177044
8941269,8941269,movement,1383,150,1709835177048
8941269,8941269,movement,1379,154,1709835177061
8941269,8941269,movement,1370,166,1709835177077
8941269,8941269,movement,1348,190,1709835177095
8941269,8941269,movement,1306,225,1709835177141
8941269,8941269,movement,1274,249,1709835177163
8941269,8941269,movement,1263,256,1709835177187
8941269,8941269,movement,1180,304,1709835177215
8941269,8941269,movement,1048,357,1709835177257
8941269,8941269,movement,919,398,1709835177285
8941269,8941269,movement,839,418,1709835177318
8941269,8941269,movement,786,426,1709835177342
8941269,8941269,movement,778,426,1709835177346
8941269,8941269,movement,768,427,1709835177361
8941269,8941269,movement,764,427,1709835177377
8941269,8941269,movement,763,426,1709835177453
8941269,8941269,movement,762,425,1709835177460
8941269,8941269,movement,762,421,1709835177483
8941269,8941269,movement,762,418,1709835177494
8941269,8941269,movement,765,398,1709835177524
8941269,8941269,movement,768,344,1709835177564
8941269,8941269,movement,774,316,1709835177596
